4722 8842
1 2
1 4
1 19
1 20
1 21
1 29
1 35
1 36
1 47
1 48
1 54
1 62
1 66
1 71
1 77
1 78
1 102
1 104
1 108
1 110
1 137
1 140
1 143
1 147
1 150
1 162
1 166
1 175
1 232
1 234
1 247
1 330
1 359
1 363
1 382
1 385
1 388
1 442
1 447
1 453
1 498
1 520
1 522
1 531
1 547
1 558
1 571
1 585
1 602
1 609
1 617
1 622
1 643
1 676
1 735
1 738
1 757
1 769
1 771
1 779
1 783
1 786
1 794
1 795
1 799
1 801
1 803
1 809
1 825
1 851
1 856
1 871
1 886
1 911
1 923
1 929
1 936
1 939
1 947
1 951
1 952
1 980
1 987
1 1012
1 1031
1 1051
1 1067
1 1080
1 1081
1 1085
1 1088
1 1090
1 1121
1 1206
1 1249
1 1262
1 1282
1 1286
1 1339
1 1359
1 1391
1 1515
1 1517
1 1523
1 1524
1 1541
1 1546
1 1548
1 1549
1 1566
1 1568
1 1572
1 1597
1 1601
1 1619
1 1648
1 1666
1 1674
1 1690
1 1699
1 1704
1 1713
1 1723
1 1736
1 1771
1 1824
1 1833
1 1838
1 1842
1 1844
1 1879
1 1884
1 1895
1 1897
1 1901
1 1922
1 1929
1 1938
1 1949
1 2000
1 2139
1 2142
1 2154
1 2168
1 2180
1 2188
1 2205
1 2217
1 2244
1 2249
1 2257
1 2266
1 2269
1 2283
1 2284
1 2291
1 2317
1 2323
1 2343
1 2346
1 2360
1 2365
1 2380
1 2383
1 2384
1 2387
1 2398
1 2402
1 2403
1 2601
1 2613
1 2620
1 2622
1 2654
1 2677
1 2713
1 2751
1 2756
1 2779
1 2798
1 2800
1 2809
1 2810
1 2826
1 2840
1 3370
1 3385
1 3405
1 3561
1 3657
1 3672
1 3680
1 3686
1 3690
1 3696
1 3703
1 3706
1 3747
1 3750
1 3781
1 3793
1 3810
1 3817
1 3822
1 3853
1 3854
1 3880
1 3894
1 3930
1 3946
1 3971
1 3991
1 4058
1 4060
1 4074
1 4075
1 4083
1 4126
1 4145
1 4252
1 4265
1 4326
1 4339
1 4356
1 4365
1 4368
1 4395
1 4406
1 4450
1 4458
1 4467
1 4474
1 4496
1 4508
1 4566
1 4579
1 4603
1 4640
2 64
2 108
3 4410
4 650
5 184
5 801
6 56
6 1084
7 1294
8 82
8 150
8 2266
9 108
10 162
10 4483
11 64
11 734
12 150
12 1324
12 1604
12 1607
12 2266
13 64
13 83
13 110
13 150
13 364
13 2223
13 2668
14 108
14 169
14 396
14 4411
15 64
15 376
16 520
16 4044
17 64
18 87
18 4410
19 4411
20 162
20 487
20 617
21 929
22 1546
23 64
23 228
23 229
23 1515
24 110
25 108
25 376
26 108
27 64
27 162
28 4410
29 1298
29 2266
30 162
31 108
31 769
32 801
32 1717
32 4410
33 3764
34 108
35 64
36 162
36 618
36 875
36 960
36 1114
36 1127
36 2188
37 700
37 1446
38 51
38 617
38 934
39 483
40 520
40 1566
41 162
41 617
42 162
42 234
42 1716
42 3783
42 4334
43 150
43 2266
44 2266
45 162
45 3895
46 64
46 359
46 617
47 865
47 2266
48 162
49 234
49 485
49 563
49 617
49 801
49 1022
49 2388
49 2632
49 2648
49 2855
49 3921
49 3933
49 4434
49 4533
49 4685
50 369
51 64
51 4483
52 64
52 108
52 1312
52 1515
52 2348
53 64
53 74
53 553
53 920
53 982
53 1539
54 218
54 227
54 487
54 520
55 64
55 162
56 101
56 108
56 113
56 617
56 801
56 1084
56 1558
56 1853
56 2320
56 2370
56 2766
56 4443
56 4632
57 911
58 87
58 110
58 4410
59 396
59 801
60 150
60 2266
61 762
61 1379
61 1380
61 1381
61 1382
61 1383
61 1384
61 1385
61 1387
61 1388
61 1973
61 3382
61 3435
62 162
63 2188
64 68
64 74
64 75
64 81
64 83
64 86
64 90
64 108
64 110
64 150
64 154
64 160
64 222
64 228
64 237
64 255
64 345
64 361
64 396
64 416
64 563
64 635
64 637
64 646
64 750
64 794
64 801
64 843
64 988
64 1084
64 1294
64 1566
64 1574
64 1683
64 1689
64 1833
64 1872
64 2207
64 2266
64 2381
64 2477
64 2525
64 2562
64 3764
64 3783
64 3830
64 3895
64 3949
64 4044
64 4145
64 4173
64 4410
64 4411
64 4483
65 2266
66 234
67 143
67 635
68 1515
69 801
70 169
71 104
71 108
71 111
71 162
71 172
71 234
71 249
71 330
71 359
71 422
71 447
71 483
71 508
71 524
71 617
71 801
71 851
71 938
71 942
71 1059
71 1685
71 1688
71 1761
71 1808
71 1827
71 1951
71 2148
71 2188
71 2689
71 2760
71 2896
71 2995
71 3647
71 3758
71 3787
71 3799
71 3832
71 3904
71 3928
71 4093
71 4158
71 4203
71 4291
71 4380
71 4456
71 4529
71 4548
71 4658
71 4678
72 150
72 625
73 108
74 801
74 920
75 108
75 231
75 359
75 416
75 550
76 932
76 2188
78 1182
79 1294
80 81
80 104
80 108
80 359
80 382
80 882
80 920
80 1514
80 1943
80 2194
80 2361
80 2400
80 2664
80 2780
80 2855
80 3906
80 4332
80 4351
80 4353
80 4450
80 4699
80 4702
81 1873
83 108
83 1286
84 169
85 536
85 3005
86 234
86 2216
87 108
87 359
87 468
87 911
87 1082
87 1083
87 1521
87 1533
87 1567
87 1871
87 2391
87 3841
88 90
89 229
89 617
90 91
90 108
90 229
90 801
90 1549
90 2186
90 3982
91 234
92 135
93 100
93 2266
94 169
95 617
96 229
97 1769
98 110
99 141
99 340
99 1872
99 2277
100 169
101 801
101 832
101 1760
101 1866
101 2842
101 4180
103 162
103 336
104 108
104 110
104 132
104 140
104 150
104 162
104 163
104 186
104 234
104 330
104 359
104 363
104 366
104 382
104 390
104 407
104 409
104 410
104 411
104 412
104 447
104 458
104 459
104 463
104 487
104 520
104 522
104 558
104 580
104 585
104 617
104 654
104 676
104 695
104 709
104 715
104 720
104 735
104 759
104 783
104 795
104 801
104 911
104 923
104 924
104 936
104 939
104 947
104 951
104 987
104 1047
104 1078
104 1080
104 1085
104 1349
104 1400
104 1490
104 1549
104 1624
104 1648
104 1674
104 1693
104 1838
104 1955
104 2115
104 2170
104 2266
104 3277
105 110
105 408
105 1995
105 3106
106 108
107 108
108 110
108 116
108 131
108 140
108 143
108 150
108 154
108 160
108 162
108 229
108 234
108 246
108 330
108 359
108 363
108 382
108 384
108 396
108 447
108 487
108 494
108 520
108 522
108 549
108 558
108 585
108 617
108 619
108 646
108 676
108 709
108 734
108 735
108 747
108 759
108 761
108 762
108 763
108 764
108 765
108 783
108 789
108 795
108 801
108 802
108 840
108 856
108 883
108 911
108 924
108 929
108 936
108 939
108 947
108 951
108 960
108 969
108 980
108 987
108 1047
108 1078
108 1080
108 1081
108 1085
108 1270
108 1286
108 1356
108 1363
108 1391
108 1414
108 1515
108 1540
108 1549
108 1632
108 1634
108 1648
108 1674
108 1689
108 1717
108 1721
108 1723
108 1766
108 1780
108 1803
108 1807
108 1809
108 1810
108 1819
108 1833
108 1838
108 1872
108 1955
108 2000
108 2146
108 2188
108 2216
108 2266
108 2280
108 2380
108 2525
108 2562
108 2712
108 2729
108 2865
108 2896
108 3913
108 4410
108 4411
108 4483
108 4578
109 1769
110 150
110 162
110 234
110 239
110 242
110 330
110 345
110 359
110 364
110 382
110 392
110 393
110 487
110 500
110 553
110 617
110 652
110 782
110 801
110 1067
110 1936
110 2188
110 3709
111 2266
112 396
112 4410
113 1084
114 2266
115 784
115 1872
116 270
117 3149
118 169
119 123
120 169
121 169
122 169
123 169
124 169
125 169
126 169
127 169
128 169
129 169
130 169
131 185
131 390
131 730
131 801
131 1971
131 2003
131 3370
132 676
132 1995
132 2076
132 3016
132 3126
132 3218
132 3347
132 3497
133 169
133 2266
134 1426
135 141
135 189
135 191
135 1710
135 1811
135 1872
136 801
136 2266
137 162
138 162
138 1971
138 2003
139 360
140 169
140 171
140 234
140 357
140 359
140 382
140 417
140 617
140 801
140 1608
140 2188
141 155
141 188
141 190
141 198
141 203
141 204
141 205
141 234
141 555
141 801
141 1545
141 1680
141 1758
141 1833
141 2240
141 2605
141 2641
141 2870
141 3655
141 4179
141 4430
141 4452
141 4570
142 2266
143 162
143 635
143 801
143 1943
143 2691
143 3981
143 4066
143 4142
143 4154
143 4279
143 4582
144 205
144 206
145 359
146 234
146 1767
147 169
148 169
149 169
150 234
150 330
150 359
150 382
150 617
150 801
150 1606
150 2188
150 2266
150 2864
151 819
152 397
152 559
153 1121
154 229
154 2562
156 565
156 617
156 934
156 968
157 172
158 2266
159 330
160 1515
161 359
162 163
162 164
162 165
162 193
162 195
162 229
162 232
162 234
162 248
162 330
162 359
162 362
162 363
162 366
162 367
162 369
162 382
162 385
162 388
162 398
162 431
162 434
162 439
162 441
162 447
162 453
162 465
162 468
162 471
162 472
162 473
162 487
162 503
162 520
162 522
162 528
162 552
162 553
162 558
162 562
162 568
162 569
162 575
162 576
162 584
162 585
162 605
162 610
162 612
162 614
162 616
162 617
162 619
162 620
162 621
162 622
162 624
162 633
162 636
162 639
162 664
162 676
162 691
162 695
162 735
162 738
162 745
162 746
162 748
162 756
162 759
162 769
162 770
162 772
162 775
162 779
162 783
162 784
162 786
162 787
162 788
162 795
162 799
162 801
162 802
162 806
162 812
162 815
162 816
162 825
162 829
162 834
162 842
162 850
162 851
162 856
162 860
162 861
162 863
162 865
162 867
162 872
162 878
162 887
162 888
162 889
162 896
162 899
162 907
162 909
162 911
162 912
162 914
162 917
162 923
162 924
162 929
162 933
162 935
162 936
162 939
162 942
162 943
162 951
162 955
162 958
162 969
162 973
162 974
162 980
162 981
162 984
162 987
162 990
162 993
162 994
162 995
162 1000
162 1003
162 1008
162 1011
162 1012
162 1013
162 1022
162 1023
162 1024
162 1025
162 1026
162 1027
162 1030
162 1031
162 1032
162 1034
162 1036
162 1038
162 1039
162 1042
162 1047
162 1048
162 1050
162 1052
162 1053
162 1056
162 1060
162 1063
162 1064
162 1065
162 1067
162 1068
162 1069
162 1070
162 1071
162 1075
162 1077
162 1078
162 1079
162 1080
162 1085
162 1086
162 1087
162 1088
162 1089
162 1090
162 1091
162 1094
162 1096
162 1103
162 1114
162 1127
162 1153
162 1172
162 1221
162 1222
162 1227
162 1245
162 1249
162 1251
162 1252
162 1253
162 1254
162 1258
162 1261
162 1263
162 1264
162 1265
162 1268
162 1271
162 1272
162 1279
162 1282
162 1283
162 1284
162 1285
162 1286
162 1287
162 1288
162 1289
162 1291
162 1292
162 1293
162 1297
162 1305
162 1308
162 1309
162 1310
162 1311
162 1313
162 1315
162 1326
162 1357
162 1360
162 1363
162 1391
162 1407
162 1409
162 1414
162 1435
162 1440
162 1447
162 1470
162 1473
162 1478
162 1513
162 1515
162 1516
162 1517
162 1518
162 1524
162 1527
162 1528
162 1529
162 1540
162 1541
162 1548
162 1550
162 1554
162 1556
162 1557
162 1561
162 1562
162 1568
162 1572
162 1579
162 1580
162 1582
162 1584
162 1587
162 1588
162 1592
162 1593
162 1595
162 1596
162 1597
162 1600
162 1602
162 1609
162 1621
162 1622
162 1624
162 1628
162 1631
162 1635
162 1639
162 1640
162 1641
162 1642
162 1645
162 1648
162 1650
162 1657
162 1658
162 1659
162 1662
162 1665
162 1669
162 1670
162 1671
162 1676
162 1677
162 1679
162 1684
162 1685
162 1686
162 1687
162 1690
162 1692
162 1698
162 1700
162 1701
162 1702
162 1703
162 1704
162 1705
162 1706
162 1707
162 1713
162 1714
162 1715
162 1718
162 1720
162 1725
162 1727
162 1728
162 1731
162 1733
162 1734
162 1735
162 1736
162 1738
162 1740
162 1744
162 1749
162 1750
162 1751
162 1752
162 1754
162 1757
162 1759
162 1761
162 1762
162 1764
162 1766
162 1767
162 1771
162 1773
162 1775
162 1776
162 1777
162 1778
162 1779
162 1780
162 1782
162 1783
162 1784
162 1787
162 1790
162 1791
162 1792
162 1793
162 1794
162 1795
162 1796
162 1797
162 1798
162 1802
162 1808
162 1809
162 1813
162 1817
162 1818
162 1822
162 1823
162 1826
162 1827
162 1832
162 1833
162 1834
162 1835
162 1837
162 1838
162 1839
162 1842
162 1843
162 1844
162 1848
162 1849
162 1850
162 1851
162 1852
162 1854
162 1856
162 1864
162 1866
162 1867
162 1869
162 1870
162 1875
162 1877
162 1878
162 1880
162 1881
162 1888
162 1895
162 1896
162 1898
162 1899
162 1901
162 1905
162 1907
162 1912
162 1917
162 1920
162 1922
162 1925
162 1926
162 1930
162 1931
162 1932
162 1933
162 1935
162 1938
162 1939
162 1944
162 1945
162 1948
162 1949
162 1950
162 1955
162 1959
162 1960
162 1983
162 2024
162 2037
162 2052
162 2057
162 2086
162 2101
162 2123
162 2135
162 2136
162 2138
162 2142
162 2143
162 2145
162 2147
162 2149
162 2150
162 2153
162 2154
162 2160
162 2161
162 2162
162 2164
162 2165
162 2169
162 2171
162 2184
162 2186
162 2188
162 2189
162 2192
162 2193
162 2196
162 2197
162 2201
162 2204
162 2205
162 2208
162 2215
162 2220
162 2225
162 2226
162 2228
162 2233
162 2234
162 2235
162 2237
162 2238
162 2252
162 2253
162 2254
162 2255
162 2257
162 2259
162 2262
162 2263
162 2264
162 2271
162 2276
162 2280
162 2284
162 2286
162 2289
162 2292
162 2295
162 2303
162 2308
162 2309
162 2311
162 2312
162 2317
162 2321
162 2330
162 2332
162 2333
162 2340
162 2342
162 2343
162 2350
162 2352
162 2353
162 2355
162 2357
162 2359
162 2360
162 2362
162 2364
162 2365
162 2374
162 2379
162 2383
162 2389
162 2394
162 2399
162 2400
162 2401
162 2402
162 2403
162 2406
162 2407
162 2413
162 2424
162 2426
162 2431
162 2436
162 2449
162 2460
162 2530
162 2539
162 2542
162 2604
162 2607
162 2610
162 2611
162 2615
162 2619
162 2620
162 2626
162 2628
162 2629
162 2630
162 2631
162 2633
162 2635
162 2638
162 2639
162 2642
162 2643
162 2645
162 2646
162 2652
162 2659
162 2660
162 2662
162 2665
162 2666
162 2667
162 2670
162 2672
162 2676
162 2677
162 2683
162 2687
162 2690
162 2692
162 2693
162 2694
162 2695
162 2696
162 2698
162 2699
162 2702
162 2706
162 2708
162 2709
162 2711
162 2713
162 2714
162 2715
162 2728
162 2739
162 2749
162 2752
162 2753
162 2756
162 2759
162 2761
162 2765
162 2766
162 2767
162 2773
162 2774
162 2776
162 2778
162 2779
162 2784
162 2786
162 2787
162 2788
162 2789
162 2794
162 2799
162 2801
162 2802
162 2803
162 2804
162 2806
162 2807
162 2808
162 2809
162 2812
162 2813
162 2816
162 2826
162 2827
162 2828
162 2831
162 2832
162 2833
162 2836
162 2839
162 2840
162 2841
162 2845
162 2847
162 2853
162 2854
162 2858
162 2861
162 2863
162 2865
162 2868
162 2871
162 2890
162 2896
162 2927
162 3105
162 3135
162 3206
162 3224
162 3262
162 3263
162 3280
162 3318
162 3357
162 3370
162 3417
162 3435
162 3473
162 3505
162 3526
162 3585
162 3636
162 3642
162 3643
162 3645
162 3656
162 3657
162 3660
162 3661
162 3664
162 3669
162 3671
162 3673
162 3679
162 3680
162 3692
162 3693
162 3694
162 3695
162 3696
162 3698
162 3706
162 3708
162 3710
162 3711
162 3716
162 3717
162 3727
162 3730
162 3733
162 3735
162 3737
162 3739
162 3740
162 3743
162 3744
162 3747
162 3749
162 3750
162 3752
162 3756
162 3758
162 3759
162 3760
162 3761
162 3765
162 3767
162 3769
162 3770
162 3774
162 3780
162 3781
162 3787
162 3790
162 3796
162 3797
162 3801
162 3805
162 3808
162 3810
162 3811
162 3813
162 3814
162 3816
162 3817
162 3820
162 3822
162 3824
162 3826
162 3829
162 3832
162 3833
162 3838
162 3845
162 3851
162 3853
162 3854
162 3858
162 3859
162 3862
162 3865
162 3866
162 3869
162 3872
162 3875
162 3876
162 3878
162 3880
162 3883
162 3886
162 3887
162 3890
162 3891
162 3892
162 3895
162 3897
162 3900
162 3906
162 3916
162 3924
162 3927
162 3929
162 3932
162 3936
162 3940
162 3942
162 3944
162 3947
162 3948
162 3950
162 3955
162 3956
162 3961
162 3969
162 3970
162 3975
162 3976
162 3977
162 3978
162 3979
162 3984
162 3985
162 3986
162 3991
162 3993
162 3998
162 4002
162 4003
162 4004
162 4005
162 4006
162 4007
162 4008
162 4009
162 4010
162 4012
162 4014
162 4015
162 4017
162 4018
162 4025
162 4028
162 4030
162 4033
162 4035
162 4036
162 4042
162 4047
162 4051
162 4055
162 4057
162 4058
162 4059
162 4060
162 4062
162 4063
162 4067
162 4068
162 4069
162 4071
162 4072
162 4073
162 4074
162 4077
162 4082
162 4089
162 4092
162 4096
162 4099
162 4100
162 4102
162 4103
162 4104
162 4110
162 4115
162 4119
162 4121
162 4122
162 4123
162 4124
162 4131
162 4133
162 4135
162 4136
162 4138
162 4141
162 4144
162 4147
162 4148
162 4160
162 4172
162 4175
162 4181
162 4183
162 4184
162 4190
162 4195
162 4199
162 4204
162 4206
162 4209
162 4213
162 4216
162 4217
162 4224
162 4227
162 4228
162 4231
162 4232
162 4233
162 4234
162 4235
162 4242
162 4243
162 4245
162 4253
162 4255
162 4256
162 4258
162 4262
162 4267
162 4268
162 4270
162 4271
162 4274
162 4276
162 4280
162 4281
162 4286
162 4288
162 4291
162 4292
162 4293
162 4294
162 4296
162 4297
162 4299
162 4303
162 4306
162 4309
162 4315
162 4327
162 4328
162 4335
162 4336
162 4337
162 4342
162 4353
162 4356
162 4364
162 4366
162 4368
162 4369
162 4372
162 4374
162 4375
162 4376
162 4380
162 4388
162 4391
162 4397
162 4400
162 4403
162 4404
162 4407
162 4409
162 4415
162 4419
162 4420
162 4422
162 4424
162 4428
162 4431
162 4432
162 4434
162 4436
162 4441
162 4442
162 4451
162 4456
162 4457
162 4459
162 4462
162 4467
162 4471
162 4473
162 4475
162 4477
162 4480
162 4484
162 4486
162 4487
162 4488
162 4492
162 4494
162 4498
162 4500
162 4509
162 4512
162 4514
162 4517
162 4519
162 4520
162 4521
162 4522
162 4524
162 4526
162 4528
162 4529
162 4530
162 4533
162 4534
162 4535
162 4536
162 4537
162 4538
162 4539
162 4541
162 4542
162 4545
162 4546
162 4547
162 4548
162 4551
162 4552
162 4553
162 4557
162 4559
162 4562
162 4563
162 4566
162 4569
162 4571
162 4577
162 4581
162 4584
162 4585
162 4586
162 4593
162 4601
162 4605
162 4606
162 4608
162 4611
162 4612
162 4613
162 4617
162 4618
162 4619
162 4623
162 4626
162 4627
162 4629
162 4630
162 4631
162 4636
162 4638
162 4640
162 4641
162 4642
162 4645
162 4647
162 4660
162 4662
162 4663
162 4667
162 4669
162 4673
162 4675
162 4678
162 4679
162 4683
162 4687
162 4688
162 4689
162 4693
162 4694
162 4695
162 4698
162 4703
162 4707
162 4710
162 4715
163 164
163 208
163 221
163 240
163 243
163 244
163 251
163 320
163 366
163 368
163 394
163 408
163 460
163 536
163 582
163 605
163 619
163 656
163 663
163 664
163 665
163 667
163 678
163 682
163 691
163 695
163 697
163 712
163 716
163 720
163 723
163 726
163 926
163 947
163 1327
163 1356
163 1363
163 1372
163 1376
163 1392
163 1403
163 1409
163 1411
163 1414
163 1416
163 1424
163 1451
163 1454
163 1475
163 1483
163 1487
163 1625
163 1843
163 1921
163 1985
163 2009
163 2012
163 2017
163 2030
163 2036
163 2054
163 2069
163 2090
163 2130
163 2792
163 2880
163 2900
163 2906
163 2912
163 2937
163 2945
163 2951
163 2952
163 2954
163 2958
163 3017
163 3026
163 3030
163 3033
163 3040
163 3051
163 3055
163 3090
163 3113
163 3152
163 3163
163 3167
163 3186
163 3191
163 3205
163 3228
163 3243
163 3247
163 3254
163 3260
163 3269
163 3348
163 3355
163 3367
163 3398
163 3422
163 3431
163 3446
163 3452
163 3463
163 3466
164 875
164 960
164 970
164 1069
164 1103
164 1108
164 1109
164 2425
164 2503
164 2511
164 2512
164 3553
164 3573
164 3628
166 1767
167 234
167 924
167 1044
167 1838
168 186
168 723
169 170
169 172
169 177
169 179
169 183
169 207
169 256
169 276
169 277
169 279
169 281
169 282
169 283
169 285
169 286
169 287
169 288
169 289
169 290
169 291
169 292
169 293
169 294
169 295
169 296
169 297
169 298
169 299
169 300
169 301
169 302
169 303
169 304
169 305
169 306
169 307
169 308
169 309
169 310
169 311
169 312
169 319
169 356
169 398
169 414
169 418
169 450
169 575
169 642
169 778
169 859
169 963
169 964
169 1048
169 1055
169 1314
169 1316
169 1317
169 1318
169 1320
169 1322
169 1450
169 1608
169 1609
169 1611
169 1613
169 1614
169 1615
169 1616
172 284
172 801
172 1323
173 397
173 484
174 257
174 262
176 1426
178 2069
178 2084
180 357
181 348
182 348
184 225
184 394
184 1076
184 1390
184 1833
184 1974
184 3382
185 348
185 454
187 1515
188 1910
188 4101
190 234
190 1872
192 195
193 194
193 340
193 821
193 892
193 1758
193 1886
193 3526
193 4174
194 195
194 1758
194 4174
195 784
195 821
195 1257
195 1543
195 1589
195 1710
195 1758
195 1806
195 1811
195 2318
195 2373
195 2392
195 2414
195 2418
195 2641
195 2644
195 2744
195 3687
195 3729
195 3803
195 3901
195 3990
195 4027
195 4178
195 4189
195 4200
195 4555
196 1872
197 555
199 483
200 203
201 203
201 1618
202 784
202 2415
203 234
203 340
203 737
203 1673
203 1758
203 1872
203 1941
203 3778
203 4305
204 2820
204 4307
206 1872
208 209
208 216
208 218
208 220
208 221
208 406
208 720
208 1420
208 1833
208 2133
208 3147
208 3370
208 3382
209 720
210 397
211 397
212 397
213 397
214 397
215 216
217 330
217 455
218 219
218 682
218 695
218 1348
218 1364
218 1441
218 1493
218 1496
218 2889
218 2893
218 2907
218 3080
218 3147
218 3170
218 3315
219 674
219 2007
221 695
221 720
221 1414
222 2278
223 397
224 1294
225 801
226 1648
227 560
227 577
227 801
227 1112
227 1182
227 1184
227 1185
227 1187
227 1189
227 1196
227 1203
227 1221
227 1232
227 1236
227 1238
227 1246
227 1247
227 1568
227 1833
227 2170
227 2268
227 2426
227 2431
227 2432
227 2441
227 2446
227 2447
227 2481
227 2483
227 2484
227 2493
227 2494
227 2505
227 2511
227 2520
227 2522
227 2524
227 2526
227 2541
227 2549
227 2550
227 2589
227 2595
227 2597
227 2598
227 2600
227 3520
227 3524
227 3535
227 3542
227 3549
227 3550
227 3552
227 3556
227 3565
227 3567
227 3568
227 3575
227 3613
227 3624
227 3625
227 3635
228 229
229 234
229 261
229 801
229 844
229 1095
229 1250
229 1670
229 2156
229 2234
229 2747
229 2841
229 2844
229 3688
229 3701
229 3855
229 3899
229 3960
229 3978
229 4029
229 4072
229 4103
229 4142
229 4164
229 4191
229 4197
229 4355
229 4385
229 4568
230 801
230 1517
233 374
233 801
233 2535
234 272
234 330
234 345
234 359
234 363
234 367
234 369
234 371
234 375
234 376
234 377
234 378
234 379
234 382
234 385
234 447
234 449
234 453
234 468
234 472
234 473
234 487
234 503
234 504
234 505
234 516
234 520
234 522
234 526
234 529
234 558
234 568
234 584
234 585
234 609
234 610
234 613
234 615
234 617
234 620
234 622
234 625
234 628
234 639
234 709
234 735
234 741
234 743
234 748
234 749
234 757
234 766
234 769
234 775
234 776
234 783
234 785
234 787
234 788
234 790
234 793
234 795
234 798
234 801
234 802
234 803
234 804
234 805
234 807
234 809
234 816
234 817
234 821
234 825
234 837
234 860
234 861
234 862
234 863
234 865
234 867
234 869
234 871
234 873
234 876
234 878
234 879
234 889
234 895
234 900
234 902
234 904
234 905
234 910
234 911
234 912
234 913
234 915
234 916
234 922
234 923
234 924
234 934
234 936
234 939
234 947
234 948
234 949
234 950
234 951
234 957
234 965
234 967
234 968
234 981
234 987
234 989
234 990
234 993
234 995
234 1001
234 1012
234 1029
234 1033
234 1037
234 1049
234 1058
234 1068
234 1076
234 1080
234 1081
234 1085
234 1089
234 1090
234 1091
234 1095
234 1097
234 1114
234 1121
234 1153
234 1172
234 1194
234 1201
234 1217
234 1234
234 1258
234 1272
234 1281
234 1286
234 1291
234 1294
234 1308
234 1423
234 1433
234 1515
234 1517
234 1519
234 1524
234 1531
234 1532
234 1533
234 1534
234 1535
234 1540
234 1544
234 1548
234 1549
234 1560
234 1562
234 1573
234 1585
234 1590
234 1591
234 1596
234 1597
234 1620
234 1621
234 1623
234 1627
234 1629
234 1630
234 1635
234 1640
234 1648
234 1651
234 1657
234 1661
234 1663
234 1668
234 1672
234 1674
234 1675
234 1679
234 1684
234 1690
234 1694
234 1703
234 1706
234 1711
234 1714
234 1719
234 1729
234 1731
234 1737
234 1739
234 1745
234 1747
234 1748
234 1756
234 1760
234 1761
234 1767
234 1771
234 1775
234 1778
234 1781
234 1784
234 1799
234 1804
234 1816
234 1820
234 1829
234 1831
234 1832
234 1833
234 1835
234 1837
234 1838
234 1841
234 1842
234 1861
234 1864
234 1867
234 1874
234 1878
234 1895
234 1899
234 1901
234 1914
234 1915
234 1922
234 1928
234 1940
234 1974
234 2137
234 2139
234 2141
234 2142
234 2147
234 2150
234 2164
234 2170
234 2171
234 2176
234 2183
234 2187
234 2188
234 2189
234 2197
234 2199
234 2211
234 2215
234 2216
234 2218
234 2228
234 2237
234 2241
234 2245
234 2248
234 2251
234 2252
234 2266
234 2272
234 2273
234 2277
234 2280
234 2283
234 2285
234 2286
234 2293
234 2295
234 2297
234 2298
234 2301
234 2304
234 2306
234 2310
234 2315
234 2316
234 2323
234 2325
234 2326
234 2327
234 2328
234 2329
234 2351
234 2355
234 2364
234 2387
234 2410
234 2416
234 2420
234 2448
234 2458
234 2460
234 2473
234 2596
234 2624
234 2649
234 2654
234 2665
234 2670
234 2672
234 2683
234 2688
234 2691
234 2705
234 2711
234 2722
234 2741
234 2752
234 2755
234 2761
234 2765
234 2769
234 2772
234 2774
234 2775
234 2776
234 2781
234 2794
234 2806
234 2815
234 2816
234 2817
234 2818
234 2819
234 2827
234 2836
234 2837
234 2839
234 2840
234 2857
234 2858
234 3003
234 3554
234 3637
234 3647
234 3658
234 3666
234 3671
234 3672
234 3691
234 3718
234 3722
234 3723
234 3726
234 3727
234 3728
234 3742
234 3745
234 3749
234 3751
234 3761
234 3763
234 3766
234 3770
234 3781
234 3788
234 3791
234 3794
234 3798
234 3811
234 3833
234 3838
234 3846
234 3848
234 3849
234 3850
234 3852
234 3867
234 3870
234 3871
234 3876
234 3883
234 3893
234 3906
234 3931
234 3936
234 3962
234 3963
234 3964
234 3965
234 3966
234 3971
234 3984
234 3986
234 3987
234 4016
234 4024
234 4025
234 4026
234 4030
234 4042
234 4049
234 4055
234 4057
234 4058
234 4060
234 4067
234 4072
234 4073
234 4079
234 4085
234 4086
234 4097
234 4115
234 4117
234 4118
234 4122
234 4123
234 4130
234 4146
234 4151
234 4153
234 4160
234 4161
234 4171
234 4187
234 4190
234 4192
234 4196
234 4224
234 4237
234 4238
234 4239
234 4244
234 4259
234 4260
234 4270
234 4271
234 4275
234 4278
234 4280
234 4282
234 4288
234 4314
234 4315
234 4319
234 4324
234 4334
234 4343
234 4350
234 4351
234 4356
234 4358
234 4368
234 4371
234 4379
234 4394
234 4412
234 4422
234 4428
234 4442
234 4455
234 4473
234 4479
234 4500
234 4506
234 4510
234 4511
234 4528
234 4530
234 4535
234 4537
234 4546
234 4561
234 4585
234 4597
234 4611
234 4618
234 4627
234 4630
234 4643
234 4657
234 4661
234 4667
234 4674
234 4705
234 4713
235 801
235 3020
235 3097
235 3108
235 3142
235 3172
235 3225
235 3504
236 1451
237 801
238 419
238 801
240 366
240 382
240 399
240 461
240 1410
240 3339
241 2266
242 1298
243 697
243 1332
243 2002
243 2016
243 2018
243 2950
243 2974
243 3148
243 3301
243 3374
243 3454
244 407
244 676
244 1432
244 1489
244 1505
244 1954
244 2030
244 2067
244 2076
244 2951
244 3000
244 3008
244 3061
244 3160
244 3248
244 3291
244 3335
244 3345
244 3354
244 3377
244 3386
244 3440
244 3469
244 3513
244 4565
244 4717
245 366
245 394
245 604
245 676
245 1390
245 1428
245 1432
245 1954
245 2015
245 2051
245 2067
245 2960
245 3023
245 3029
245 3079
245 3088
245 3178
245 3254
245 3290
245 3304
245 3503
245 3511
246 365
246 627
246 649
246 801
246 1431
246 2114
246 2968
246 3061
246 3106
246 3185
246 3268
246 3382
246 3402
246 3435
248 1549
248 1674
248 1838
248 2712
248 4387
249 366
249 394
249 407
249 1365
249 1390
249 1491
249 1494
249 1685
249 2995
249 3365
250 781
250 832
250 1866
251 366
251 388
251 394
251 581
251 606
251 695
251 696
251 702
251 1390
251 1429
251 1433
251 1451
251 2058
251 2059
251 2512
251 2879
251 2908
251 2959
251 3104
251 3274
252 348
253 348
254 348
255 801
255 2216
257 330
257 338
258 330
258 919
259 330
259 3906
260 323
260 330
260 344
260 1096
260 3802
260 4642
261 330
261 334
261 367
261 576
261 795
261 839
261 3758
261 4043
261 4590
262 330
262 342
262 887
262 2679
262 3680
262 3802
263 330
263 337
263 545
263 755
263 812
263 954
263 1000
263 1839
263 1936
263 2332
263 4348
264 330
264 1760
265 330
266 321
266 330
266 761
267 330
267 2171
267 2794
268 330
268 465
268 645
268 741
269 330
270 330
270 612
270 750
270 922
271 330
271 823
271 1315
271 1324
271 1826
271 1895
271 2864
271 4502
273 1426
274 1286
275 2188
278 2266
280 2266
305 2266
313 417
314 417
315 417
316 417
317 417
318 417
319 520
319 642
319 1615
320 366
320 536
320 588
320 590
320 591
320 593
320 594
320 596
320 597
320 1485
321 854
322 2188
324 330
324 4021
325 328
325 4721
326 330
326 736
326 1690
326 2067
326 4348
327 3838
328 330
328 2920
328 3187
328 3279
329 330
330 331
330 332
330 333
330 336
330 339
330 341
330 359
330 363
330 382
330 447
330 453
330 520
330 522
330 558
330 617
330 735
330 759
330 783
330 801
330 936
330 939
330 947
330 951
330 980
330 987
330 1047
330 1080
330 1085
330 1549
330 1648
330 1674
330 1838
330 3838
330 4721
332 1856
333 343
333 1043
333 2699
335 801
335 949
335 1833
335 3404
336 453
340 801
340 2277
341 1584
342 858
345 611
346 348
347 348
348 349
348 350
348 351
348 352
348 353
348 354
348 355
348 423
348 424
348 425
348 476
348 477
348 478
348 479
348 480
348 481
348 1423
348 3382
357 417
358 360
359 363
359 382
359 387
359 447
359 469
359 487
359 520
359 522
359 527
359 558
359 572
359 585
359 617
359 709
359 735
359 739
359 795
359 801
359 814
359 880
359 911
359 936
359 939
359 947
359 951
359 980
359 987
359 1004
359 1005
359 1006
359 1024
359 1025
359 1038
359 1039
359 1078
359 1080
359 1083
359 1085
359 1153
359 1256
359 1282
359 1294
359 1339
359 1359
359 1391
359 1515
359 1540
359 1549
359 1568
359 1624
359 1642
359 1648
359 1649
359 1674
359 1707
359 1772
359 1838
359 1856
359 2188
359 2243
359 2266
359 2271
359 2284
359 2381
359 2560
359 2625
359 2675
359 2718
359 2732
359 2751
359 2766
359 2806
359 2871
359 2896
359 3521
359 3667
359 3677
359 3678
359 3690
359 3692
359 3705
359 3758
359 3793
359 3831
359 3873
359 3884
359 3903
359 3918
359 3941
359 4021
359 4034
359 4047
359 4134
359 4138
359 4141
359 4143
359 4150
359 4173
359 4184
359 4205
359 4231
359 4251
359 4252
359 4260
359 4298
359 4311
359 4323
359 4376
359 4377
359 4386
359 4426
359 4427
359 4464
359 4499
359 4542
359 4551
359 4576
359 4583
359 4645
359 4691
359 4693
359 4709
360 536
360 655
360 727
360 1426
361 2188
363 470
363 487
363 517
363 617
363 801
363 2188
366 368
366 382
366 397
366 401
366 407
366 413
366 456
366 516
366 525
366 536
366 538
366 559
366 650
366 656
366 668
366 675
366 684
366 690
366 695
366 698
366 718
366 720
366 1006
366 1337
366 1349
366 1352
366 1353
366 1354
366 1363
366 1367
366 1391
366 1428
366 1439
366 1446
366 1468
366 1473
366 1479
366 1488
366 1491
366 1500
366 1506
366 1507
366 1528
366 1959
366 1961
366 1992
366 2005
366 2008
366 2019
366 2020
366 2024
366 2030
366 2048
366 2051
366 2065
366 2079
366 2097
366 2102
366 2111
366 2890
366 2896
366 2897
366 2904
366 2924
366 2935
366 2944
366 2983
366 3012
366 3013
366 3029
366 3051
366 3053
366 3073
366 3075
366 3102
366 3110
366 3111
366 3247
366 3253
366 3288
366 3315
366 3366
366 3370
366 3385
366 3426
367 2188
368 606
368 669
368 1426
368 1466
368 1474
368 1475
368 2026
368 2082
369 1080
369 1274
370 2139
371 801
371 1807
371 2862
372 559
373 642
373 783
373 962
373 1615
374 2534
375 795
375 1902
375 2193
375 2669
375 3660
375 4140
375 4341
376 830
376 831
376 899
376 953
376 1093
376 1565
376 2345
376 2928
376 3641
376 3784
376 4047
376 4094
376 4205
376 4367
376 4478
376 4560
380 1617
381 617
381 850
382 400
382 401
382 443
382 466
382 487
382 520
382 522
382 723
382 801
382 819
382 1423
382 1549
382 1674
382 2097
383 1549
384 612
385 1895
386 1760
387 617
388 617
388 698
388 801
388 987
388 3116
388 3315
388 3318
389 536
389 662
390 542
390 2014
390 3033
391 832
394 444
394 516
394 528
394 559
394 586
394 602
394 676
394 691
394 709
394 716
394 728
394 733
394 1274
394 1309
394 1328
394 1337
394 1339
394 1356
394 1359
394 1390
394 1391
394 1417
394 1446
394 1452
394 1463
394 1491
394 1500
394 1501
394 1528
394 1685
394 2024
394 2040
394 2792
394 3239
394 3279
394 3362
394 3365
394 3436
394 3458
394 3487
394 3805
395 536
395 1833
396 585
396 939
396 1520
396 1574
396 1643
396 1683
396 2381
396 4333
397 446
397 2004
397 2044
397 3014
397 3053
397 3204
397 3221
397 4148
399 401
401 402
401 403
401 404
405 536
405 2931
405 2943
405 3181
405 3352
405 3413
406 720
407 619
407 695
408 720
408 926
408 1420
408 2085
408 2907
408 2985
408 3170
408 3384
408 3400
408 3501
409 2903
411 3259
412 2978
412 3019
412 3131
412 3414
412 3443
413 537
415 801
417 430
417 432
417 544
417 546
417 574
417 1319
417 1321
417 1603
417 1921
419 801
419 1655
419 1890
419 2372
419 3915
419 3922
419 4037
419 4295
420 538
421 670
421 1427
421 1971
421 2069
421 3165
422 795
424 480
426 438
426 519
426 653
426 705
426 729
426 1996
426 2044
426 3100
426 3435
427 3105
428 2139
429 801
429 2188
431 759
431 1549
431 3839
431 3852
433 1286
435 2950
436 1114
437 801
438 725
438 1963
439 1721
439 1767
440 614
440 866
442 1674
443 950
443 2733
445 801
445 1270
445 1767
447 471
447 487
447 527
447 617
447 634
447 748
447 790
447 801
447 883
447 1012
447 1029
447 1637
447 1712
447 1809
447 1812
447 1887
447 1926
447 1929
447 2188
447 2203
447 2291
447 2409
447 2612
447 2630
447 3656
447 3665
447 3684
447 3745
447 3748
447 3772
447 3890
447 3948
447 4169
447 4266
447 4399
447 4520
447 4525
448 801
448 1211
448 1568
448 1833
449 801
449 1074
449 1273
449 2725
449 4031
451 2694
452 2823
453 2188
453 3838
455 2044
456 1340
457 693
458 801
458 826
458 1390
458 2075
458 3442
460 707
460 1335
460 1413
460 1461
460 1476
460 1981
460 2911
460 2991
460 3024
460 3027
460 3057
460 3078
460 3094
460 3103
460 3209
460 3257
460 3264
460 3267
460 3278
460 3309
460 3429
462 676
464 691
465 558
467 599
468 3667
471 801
473 1779
473 4152
474 719
474 1426
475 637
475 640
475 1515
475 2207
482 619
483 877
483 1589
483 2392
483 2414
483 2760
483 3655
483 3729
483 3990
483 4178
483 4330
483 4570
483 4607
485 486
485 564
485 4351
485 4564
486 4351
487 488
487 489
487 497
487 500
487 501
487 502
487 503
487 505
487 506
487 508
487 511
487 513
487 514
487 520
487 522
487 524
487 560
487 585
487 615
487 617
487 618
487 676
487 709
487 735
487 795
487 801
487 802
487 911
487 924
487 929
487 936
487 939
487 947
487 951
487 980
487 985
487 1047
487 1072
487 1085
487 1136
487 1137
487 1139
487 1140
487 1141
487 1142
487 1143
487 1147
487 1148
487 1149
487 1150
487 1151
487 1153
487 1158
487 1159
487 1160
487 1162
487 1166
487 1168
487 1173
487 1174
487 1175
487 1179
487 1211
487 1214
487 1282
487 1391
487 1540
487 1549
487 1624
487 1654
487 1838
487 1895
487 2146
487 2380
487 2451
487 2452
487 2454
487 2461
487 2462
487 2463
487 2464
487 2465
487 2472
487 2565
487 2567
487 2569
487 2570
487 2571
487 2572
487 2573
487 2576
487 2577
487 2579
487 2582
487 2650
487 2896
487 4387
488 615
489 490
489 491
489 495
489 500
489 501
489 503
489 515
489 615
489 801
489 1169
489 1178
489 2562
490 615
491 615
492 615
493 615
493 1178
493 2452
494 615
494 774
494 1351
495 510
495 615
496 615
497 801
497 1153
497 1160
497 1172
497 2453
497 2460
498 500
499 2462
500 503
500 509
500 782
500 791
500 1177
500 2472
500 2562
500 2566
501 503
501 1145
501 1153
501 1156
501 1163
501 1244
501 2456
501 2460
501 2466
501 2570
501 2793
501 3941
503 506
503 508
503 511
503 514
503 618
503 801
503 882
503 1054
503 1137
503 1138
503 1140
503 1142
503 1146
503 1152
503 1158
503 1159
503 1160
503 1175
503 1179
503 1197
503 1198
503 1201
503 1214
503 1833
503 1947
503 2125
503 2334
503 2435
503 2451
503 2452
503 2454
503 2459
503 2462
503 2465
503 2470
503 2566
503 2575
503 3010
503 3372
503 3707
505 2451
505 2460
507 615
508 1138
508 1152
508 1154
508 1158
508 1164
508 1168
508 1174
508 2466
508 2468
508 2471
508 2565
508 2569
508 3581
508 3584
511 524
512 2452
514 1211
516 939
516 1362
516 1371
516 1390
516 1458
516 1838
516 3121
518 1355
520 602
520 609
520 617
520 633
520 641
520 792
520 801
520 827
520 852
520 853
520 887
520 941
520 942
520 952
520 986
520 1022
520 1031
520 1086
520 1249
520 1256
520 1259
520 1267
520 1268
520 1276
520 1293
520 1338
520 1518
520 1572
520 1600
520 1610
520 1620
520 1630
520 1640
520 1646
520 1671
520 1679
520 1691
520 1700
520 1701
520 1703
520 1734
520 1750
520 1762
520 1800
520 1830
520 1848
520 1919
520 1922
520 1923
520 1943
520 1944
520 2029
520 2149
520 2153
520 2164
520 2168
520 2188
520 2197
520 2229
520 2236
520 2237
520 2245
520 2253
520 2261
520 2262
520 2267
520 2288
520 2293
520 2301
520 2325
520 2326
520 2327
520 2328
520 2329
520 2330
520 2336
520 2361
520 2364
520 2383
520 2396
520 2407
520 2605
520 2620
520 2627
520 2630
520 2657
520 2661
520 2662
520 2671
520 2676
520 2681
520 2684
520 2690
520 2727
520 2734
520 2759
520 2801
520 2805
520 2808
520 2847
520 2851
520 2863
520 2865
520 2869
520 2872
520 2873
520 3196
520 3430
520 3657
520 3703
520 3714
520 3717
520 3728
520 3740
520 3759
520 3767
520 3773
520 3788
520 3800
520 3808
520 3810
520 3826
520 3828
520 3829
520 3842
520 3866
520 3885
520 3892
520 3899
520 3910
520 3921
520 3938
520 3940
520 3942
520 3953
520 3956
520 3959
520 3967
520 3970
520 3972
520 3981
520 3988
520 4002
520 4003
520 4004
520 4005
520 4006
520 4007
520 4008
520 4009
520 4010
520 4042
520 4067
520 4071
520 4080
520 4083
520 4090
520 4092
520 4100
520 4105
520 4111
520 4112
520 4114
520 4116
520 4128
520 4149
520 4158
520 4186
520 4190
520 4199
520 4209
520 4226
520 4239
520 4243
520 4248
520 4263
520 4267
520 4268
520 4269
520 4272
520 4279
520 4280
520 4281
520 4283
520 4289
520 4296
520 4299
520 4336
520 4342
520 4350
520 4352
520 4353
520 4356
520 4362
520 4365
520 4373
520 4392
520 4393
520 4401
520 4403
520 4435
520 4443
520 4444
520 4453
520 4460
520 4468
520 4484
520 4485
520 4503
520 4504
520 4508
520 4512
520 4517
520 4532
520 4534
520 4600
520 4609
520 4614
520 4628
520 4633
520 4655
520 4657
520 4663
520 4664
520 4679
520 4681
520 4698
520 4708
520 4711
520 4715
520 4719
521 832
521 1866
522 617
522 801
522 1463
522 1688
522 1916
522 2174
522 2188
522 3731
522 3887
522 3908
522 3946
522 3967
522 4032
522 4036
522 4259
522 4308
522 4374
522 4580
522 4681
523 766
523 789
523 4185
524 999
526 824
526 1132
526 2533
526 2536
526 3531
526 3562
526 3563
526 3564
526 3618
526 3619
526 3621
527 617
527 4635
529 752
529 2188
530 607
530 608
530 801
530 1438
530 2986
530 3007
530 3027
530 3184
530 3264
530 3364
532 608
533 1327
533 2093
533 2248
533 2875
533 2886
533 3161
534 1959
535 1956
535 3382
536 674
536 1833
536 3208
536 3382
539 949
539 2037
540 1487
541 720
541 3382
541 3435
541 4148
543 1327
543 4148
547 3783
548 2247
549 563
551 557
553 1576
554 555
555 556
555 1840
557 1395
557 1461
557 3072
558 559
558 560
558 561
558 617
558 630
558 631
558 801
558 1530
558 1531
558 1532
558 1533
558 1534
558 1535
558 1536
558 1537
558 1538
558 2188
558 2324
558 3954
558 4018
559 614
559 720
559 724
559 978
559 1377
559 1390
559 2016
559 2047
559 2893
559 3125
559 3173
559 3186
559 3201
559 3281
559 3456
560 1117
560 1130
562 1197
563 1653
564 4351
565 980
566 1114
566 1211
566 3629
567 801
568 623
568 2865
570 618
570 1568
573 1606
576 1679
576 2188
577 583
577 760
577 1184
577 1239
577 1240
577 2443
577 2447
577 2504
577 2508
577 2509
577 2514
577 2526
577 2527
577 2540
577 2552
577 2557
577 2586
577 2587
577 2588
577 2595
577 3522
577 3538
577 3540
577 3544
577 3547
577 3548
577 3549
577 3557
577 3568
577 3589
577 3626
577 3632
578 651
578 2986
579 841
579 1680
579 1710
579 1885
579 2188
579 2415
579 2605
579 2856
579 3653
579 4305
579 4307
579 4472
579 4607
581 2928
581 3226
581 3361
582 2948
582 2977
582 3076
583 1182
585 617
585 801
585 907
585 1026
585 1208
585 1248
585 1311
585 1567
585 1584
585 1903
585 2130
585 2138
585 2182
585 2184
585 2188
585 2249
585 2428
585 2704
585 2764
585 3639
585 4147
587 588
588 589
591 592
593 595
598 3274
599 727
600 3382
600 3435
601 947
601 1833
601 1957
601 2098
601 3015
601 3025
601 3054
601 3156
601 3162
601 3169
602 733
602 801
602 1274
602 1349
602 1390
602 1491
602 1509
602 1561
602 2051
602 2109
602 2110
602 2792
602 2918
602 3004
602 3151
602 3168
602 3174
602 3183
602 3213
602 3239
602 3256
603 950
603 3196
603 3310
603 3491
603 4148
605 676
605 1369
605 2269
605 3399
605 3869
606 1393
606 1421
606 2022
606 3227
607 1461
608 652
608 1373
610 801
610 3913
610 4301
611 911
611 1549
612 4388
614 617
614 866
614 1559
614 1561
614 1636
614 1678
614 1681
614 1833
614 2385
614 3689
614 3724
614 3771
614 3792
614 3983
614 4505
614 4554
615 617
615 1178
616 801
617 619
617 629
617 638
617 673
617 676
617 709
617 735
617 748
617 754
617 759
617 763
617 783
617 795
617 799
617 801
617 802
617 811
617 850
617 856
617 880
617 882
617 890
617 898
617 908
617 911
617 923
617 924
617 929
617 930
617 932
617 933
617 936
617 939
617 942
617 947
617 951
617 967
617 969
617 980
617 987
617 992
617 1001
617 1047
617 1064
617 1072
617 1078
617 1080
617 1085
617 1153
617 1250
617 1270
617 1282
617 1309
617 1339
617 1359
617 1363
617 1391
617 1414
617 1510
617 1540
617 1549
617 1602
617 1624
617 1632
617 1645
617 1648
617 1654
617 1674
617 1714
617 1721
617 1723
617 1753
617 1757
617 1759
617 1766
617 1800
617 1803
617 1807
617 1819
617 1833
617 1838
617 1842
617 1880
617 1955
617 2000
617 2024
617 2146
617 2183
617 2188
617 2189
617 2199
617 2238
617 2266
617 2280
617 2380
617 2430
617 2460
617 2517
617 2642
617 2667
617 2673
617 2712
617 2729
617 2741
617 2770
617 2794
617 2896
617 3054
617 3594
617 3603
617 3639
617 3649
617 3650
617 3660
617 3663
617 3665
617 3711
617 3742
617 3764
617 3781
617 3790
617 3860
617 3900
617 3918
617 3934
617 3956
617 4038
617 4115
617 4127
617 4150
617 4183
617 4192
617 4215
617 4223
617 4232
617 4245
617 4263
617 4287
617 4324
617 4335
617 4373
617 4386
617 4387
617 4423
617 4436
617 4444
617 4453
617 4464
617 4612
617 4665
617 4668
617 4672
617 4700
618 1141
618 1155
618 1159
618 1164
618 1180
618 2455
618 2458
618 2463
618 2568
618 2580
619 650
619 1378
619 1390
619 1423
619 2936
619 3001
619 3087
619 3259
619 3340
619 3353
619 3448
620 801
620 2188
622 801
622 1588
622 3728
622 3768
624 1842
624 4447
626 801
628 1842
629 1838
632 801
635 4483
637 644
637 646
639 3805
641 783
643 801
643 2188
645 801
645 3758
647 675
647 1063
648 649
648 2128
648 2950
650 947
650 1357
650 1378
650 1423
650 1968
650 2009
650 2034
650 2036
650 2796
650 2923
650 2961
650 2963
650 2977
650 3002
650 3030
650 3087
650 3137
650 3210
650 3241
650 3294
650 3319
650 3353
650 3373
650 3395
650 3448
651 1390
651 1446
651 1453
651 1833
651 2070
651 2976
651 2986
651 2992
651 3007
651 3139
651 3156
651 3278
651 3300
651 3455
654 660
656 1959
657 1384
658 4148
659 751
659 2986
660 2022
661 801
663 2895
663 3419
664 950
664 3196
664 3310
664 3491
665 1470
665 3223
666 3238
666 4148
667 1426
668 3053
669 1442
669 1833
671 673
671 2984
671 3222
672 3120
673 708
673 1360
673 1476
673 1477
673 1990
673 2113
673 2120
673 2874
673 2925
673 2986
673 3289
673 3330
676 709
676 720
676 801
676 947
676 1006
676 1334
676 1341
676 1350
676 1353
676 1356
676 1367
676 1370
676 1372
676 1390
676 1439
676 1445
676 1467
676 1481
676 1954
676 1961
676 1991
676 2030
676 2040
676 2052
676 2076
676 2101
676 2128
676 2188
676 2983
676 3008
676 3107
676 3126
676 3132
676 3163
676 3185
676 3190
676 3214
676 3273
676 3276
676 3291
676 3307
676 3335
676 3386
676 3418
676 3433
676 3474
676 3480
676 3497
677 2030
678 926
678 1378
678 1697
678 3210
678 3241
678 3282
678 3294
678 3317
678 3319
678 3373
678 3407
678 3421
678 3989
679 2062
680 1989
680 2091
680 3222
681 732
682 720
682 2882
683 727
683 731
683 751
683 1375
683 1413
683 1448
683 1460
683 1464
683 2099
683 3175
683 3265
683 3368
684 2106
685 1959
685 2947
685 3266
686 693
686 3111
687 732
687 2127
688 1426
689 2071
691 1390
692 1495
692 3193
693 702
693 720
693 801
693 1390
693 1410
693 1451
693 1503
693 2054
693 2081
693 2950
693 2971
693 3111
693 3191
693 3347
694 2890
695 697
695 698
695 699
695 700
695 717
695 720
695 732
695 1309
695 1328
695 1350
695 1356
695 1362
695 1370
695 1394
695 1439
695 1463
695 1487
695 1493
695 1499
695 1991
695 2021
695 2030
695 2037
695 2039
695 2046
695 2048
695 2052
695 2062
695 2067
695 2076
695 2085
695 2133
695 2188
695 2877
695 2926
695 2949
695 3013
695 3029
695 3088
695 3207
695 3250
695 3256
695 3304
695 3382
695 3385
695 3434
695 3480
695 3486
695 3594
696 701
696 1462
696 2796
697 698
697 704
697 1344
697 1345
697 1403
697 1411
697 1422
697 1486
697 2900
697 2973
697 3148
697 3198
697 3332
697 3385
697 3411
698 1334
698 1347
698 1369
698 1501
698 2012
698 2032
698 2046
698 2906
698 2909
698 2940
698 2953
698 2972
698 3005
698 3036
698 3053
698 3077
698 3197
698 3201
698 3228
698 3243
698 3249
698 3296
698 3316
698 3321
698 3323
698 3444
698 3457
698 3459
698 3477
698 3484
699 1392
699 1985
699 2090
699 2882
699 2933
699 2948
699 3315
699 3423
699 3450
700 1478
700 1968
700 2009
700 2066
700 2132
700 2956
700 3112
700 3285
701 1498
701 1994
701 3358
702 2054
702 2105
702 3111
703 3085
703 3169
704 2269
704 3331
706 1461
707 1461
707 2108
707 2116
707 2946
707 3006
707 3037
707 3265
709 947
709 1390
709 1405
709 1469
709 2030
709 2072
709 2188
709 2796
709 2955
709 3008
709 3044
709 3059
709 3155
709 3185
709 3337
709 3467
710 714
711 1355
712 732
713 1461
714 1360
715 2942
716 1390
716 1481
716 2000
716 2939
716 2950
716 3128
716 3326
716 3389
716 3390
717 2086
718 2111
718 3385
720 1337
720 1339
720 1348
720 1359
720 1362
720 1363
720 1391
720 1406
720 1414
720 1423
720 1471
720 1475
720 1496
720 2024
720 2040
720 2048
720 2067
720 2269
720 2889
720 2890
720 2893
720 2897
720 2919
720 3080
720 3164
720 3192
720 3339
720 3400
720 3516
721 2003
721 2012
722 1461
723 2188
724 2112
724 3251
724 3338
724 3392
724 3490
725 950
725 1449
725 2053
725 2057
725 2109
725 3140
725 3237
726 3370
727 1461
727 1833
728 1390
728 1753
728 2060
728 2950
728 3376
728 3481
732 1444
732 2069
732 2129
732 2894
732 2910
732 2962
732 3124
732 3439
732 3461
732 3475
732 3486
732 3508
734 2139
735 801
735 851
735 1556
735 1751
735 1876
735 2172
735 2188
735 2383
735 2419
735 2628
735 2866
735 3464
735 3748
735 4132
735 4270
738 1512
740 836
742 1515
742 1549
744 783
744 801
746 801
748 936
748 972
748 1275
748 1553
748 1627
748 1644
748 1694
748 2166
748 2180
748 2681
748 4013
748 4020
748 4056
748 4636
748 4648
748 4672
749 783
750 922
751 1461
753 801
753 4347
756 1635
757 801
757 1950
757 3673
757 4207
757 4338
757 4459
758 801
759 801
759 1081
759 1359
759 4334
760 2480
762 2070
764 1177
766 789
766 801
766 3892
767 2188
768 1007
769 3783
771 3783
772 1866
773 801
775 1191
775 1216
775 1218
775 1219
775 1838
775 2188
775 2436
775 2437
775 2438
775 2473
775 2479
775 2554
775 3555
775 3596
776 1061
776 1549
776 1785
776 1858
776 2250
777 801
777 1798
777 2788
777 2789
777 4193
779 780
783 801
783 929
783 986
783 1114
783 1467
783 1512
783 1579
783 1632
783 1723
783 1752
783 1805
783 1955
783 2101
783 2158
783 2382
783 2731
783 2743
783 2757
783 3656
783 4495
784 1811
784 2856
784 3653
784 4330
784 4616
785 801
787 801
787 2188
788 1648
790 801
790 1255
790 2199
791 2562
795 801
795 928
795 1061
795 1097
795 1262
795 1267
795 1290
795 1311
795 1518
795 1573
795 1624
795 1699
795 1713
795 1948
795 2155
795 2188
795 2209
795 2238
795 2256
795 2362
795 2627
795 2662
795 2737
795 2750
795 2785
795 2825
795 2840
795 2868
795 2874
795 3654
795 3656
795 3748
795 3781
795 3819
795 3882
795 3953
795 4050
795 4148
795 4204
795 4256
795 4264
795 4381
795 4433
795 4531
795 4561
795 4574
795 4579
795 4634
795 4639
795 4651
795 4682
796 3661
797 1723
798 1692
798 1842
798 4598
798 4670
799 1838
800 874
800 893
800 901
800 956
800 961
800 1132
800 1193
800 1206
800 2486
800 2533
800 2537
800 3530
800 3562
800 3564
800 3618
801 802
801 803
801 805
801 820
801 825
801 828
801 834
801 836
801 842
801 849
801 850
801 851
801 856
801 857
801 860
801 863
801 867
801 876
801 878
801 879
801 882
801 884
801 888
801 894
801 900
801 902
801 904
801 905
801 910
801 911
801 921
801 922
801 923
801 924
801 928
801 929
801 936
801 939
801 945
801 951
801 955
801 957
801 959
801 965
801 968
801 969
801 979
801 980
801 981
801 982
801 987
801 990
801 994
801 997
801 1003
801 1008
801 1013
801 1014
801 1015
801 1016
801 1017
801 1018
801 1019
801 1020
801 1028
801 1037
801 1038
801 1043
801 1047
801 1054
801 1068
801 1069
801 1078
801 1080
801 1081
801 1085
801 1087
801 1088
801 1090
801 1096
801 1100
801 1114
801 1123
801 1134
801 1135
801 1153
801 1172
801 1180
801 1186
801 1188
801 1194
801 1197
801 1200
801 1201
801 1205
801 1208
801 1212
801 1222
801 1223
801 1227
801 1233
801 1234
801 1248
801 1254
801 1258
801 1260
801 1264
801 1275
801 1282
801 1286
801 1289
801 1290
801 1293
801 1296
801 1297
801 1304
801 1305
801 1310
801 1338
801 1340
801 1349
801 1361
801 1368
801 1394
801 1405
801 1407
801 1414
801 1437
801 1451
801 1487
801 1497
801 1517
801 1518
801 1526
801 1540
801 1549
801 1551
801 1560
801 1571
801 1575
801 1576
801 1597
801 1600
801 1601
801 1617
801 1620
801 1623
801 1630
801 1633
801 1634
801 1637
801 1640
801 1648
801 1651
801 1652
801 1653
801 1656
801 1657
801 1659
801 1660
801 1663
801 1665
801 1667
801 1669
801 1674
801 1684
801 1685
801 1692
801 1695
801 1699
801 1702
801 1712
801 1713
801 1716
801 1720
801 1721
801 1724
801 1730
801 1731
801 1732
801 1739
801 1741
801 1742
801 1744
801 1745
801 1746
801 1748
801 1754
801 1758
801 1761
801 1763
801 1767
801 1772
801 1773
801 1776
801 1779
801 1782
801 1787
801 1789
801 1800
801 1803
801 1818
801 1821
801 1827
801 1828
801 1832
801 1833
801 1835
801 1836
801 1838
801 1842
801 1844
801 1845
801 1849
801 1852
801 1854
801 1855
801 1865
801 1866
801 1867
801 1870
801 1874
801 1880
801 1882
801 1883
801 1889
801 1893
801 1895
801 1901
801 1904
801 1905
801 1907
801 1909
801 1911
801 1912
801 1913
801 1915
801 1920
801 1924
801 1926
801 1937
801 1939
801 1944
801 1946
801 1947
801 1986
801 1997
801 2024
801 2031
801 2048
801 2059
801 2062
801 2069
801 2091
801 2106
801 2137
801 2150
801 2152
801 2163
801 2170
801 2171
801 2172
801 2185
801 2188
801 2189
801 2197
801 2199
801 2211
801 2214
801 2215
801 2217
801 2219
801 2221
801 2225
801 2228
801 2231
801 2233
801 2240
801 2243
801 2246
801 2247
801 2255
801 2256
801 2258
801 2265
801 2271
801 2272
801 2273
801 2280
801 2283
801 2285
801 2300
801 2304
801 2306
801 2307
801 2310
801 2312
801 2314
801 2322
801 2333
801 2336
801 2337
801 2338
801 2341
801 2344
801 2356
801 2364
801 2366
801 2375
801 2378
801 2383
801 2398
801 2408
801 2411
801 2412
801 2416
801 2417
801 2437
801 2469
801 2601
801 2602
801 2607
801 2614
801 2615
801 2623
801 2624
801 2629
801 2630
801 2634
801 2635
801 2637
801 2640
801 2653
801 2661
801 2664
801 2666
801 2669
801 2671
801 2672
801 2673
801 2680
801 2682
801 2700
801 2702
801 2705
801 2710
801 2719
801 2726
801 2729
801 2738
801 2749
801 2751
801 2752
801 2769
801 2776
801 2778
801 2781
801 2783
801 2794
801 2797
801 2798
801 2799
801 2801
801 2802
801 2806
801 2809
801 2812
801 2813
801 2825
801 2828
801 2836
801 2837
801 2839
801 2840
801 2843
801 2845
801 2852
801 2854
801 2857
801 2868
801 2890
801 2902
801 2971
801 2986
801 3031
801 3069
801 3109
801 3127
801 3149
801 3196
801 3270
801 3337
801 3363
801 3409
801 3526
801 3570
801 3571
801 3597
801 3630
801 3642
801 3643
801 3648
801 3659
801 3668
801 3671
801 3677
801 3678
801 3679
801 3680
801 3682
801 3686
801 3692
801 3693
801 3706
801 3721
801 3722
801 3723
801 3724
801 3725
801 3726
801 3727
801 3731
801 3733
801 3735
801 3752
801 3754
801 3756
801 3761
801 3762
801 3763
801 3769
801 3775
801 3780
801 3784
801 3797
801 3798
801 3800
801 3801
801 3804
801 3814
801 3815
801 3820
801 3833
801 3843
801 3861
801 3864
801 3866
801 3868
801 3875
801 3881
801 3887
801 3895
801 3904
801 3906
801 3908
801 3910
801 3911
801 3916
801 3917
801 3920
801 3923
801 3925
801 3927
801 3931
801 3932
801 3933
801 3950
801 3970
801 3981
801 3986
801 3987
801 3995
801 3996
801 3997
801 3998
801 3999
801 4012
801 4014
801 4016
801 4020
801 4022
801 4028
801 4029
801 4057
801 4058
801 4068
801 4070
801 4071
801 4072
801 4078
801 4079
801 4084
801 4096
801 4099
801 4102
801 4103
801 4104
801 4105
801 4107
801 4110
801 4114
801 4115
801 4117
801 4119
801 4123
801 4124
801 4133
801 4139
801 4144
801 4146
801 4153
801 4159
801 4161
801 4162
801 4163
801 4164
801 4167
801 4168
801 4170
801 4181
801 4187
801 4195
801 4211
801 4234
801 4237
801 4238
801 4249
801 4254
801 4256
801 4274
801 4282
801 4283
801 4286
801 4297
801 4298
801 4301
801 4303
801 4311
801 4314
801 4318
801 4321
801 4327
801 4337
801 4338
801 4339
801 4341
801 4343
801 4356
801 4357
801 4359
801 4360
801 4362
801 4367
801 4382
801 4395
801 4404
801 4407
801 4409
801 4413
801 4432
801 4433
801 4439
801 4441
801 4449
801 4454
801 4455
801 4458
801 4463
801 4469
801 4474
801 4478
801 4480
801 4490
801 4493
801 4498
801 4504
801 4506
801 4507
801 4510
801 4513
801 4518
801 4524
801 4526
801 4535
801 4536
801 4541
801 4544
801 4545
801 4556
801 4560
801 4562
801 4578
801 4581
801 4592
801 4593
801 4602
801 4604
801 4606
801 4610
801 4614
801 4617
801 4619
801 4620
801 4624
801 4625
801 4637
801 4646
801 4648
801 4652
801 4654
801 4664
801 4676
801 4684
801 4692
801 4696
801 4702
801 4713
803 995
803 2294
803 4118
803 4519
804 2311
808 2171
809 1518
810 1515
811 850
811 1098
813 3666
814 1517
818 832
819 1577
820 2311
821 892
821 971
821 1066
821 1543
821 1583
821 1758
821 1806
821 1840
821 1886
821 1941
821 2175
821 2198
821 2318
821 2335
821 2369
821 2392
821 2418
821 2636
821 2656
821 3803
821 4189
822 896
822 2225
822 2281
824 942
824 2490
824 2535
824 3558
824 3620
825 2188
826 1394
832 1866
832 2768
833 1760
835 836
836 976
836 1073
836 1099
836 1104
836 1114
836 2555
836 2556
837 915
838 1515
838 2350
841 1758
842 911
843 1653
845 2188
846 1687
847 1809
848 867
849 4057
850 988
850 992
850 2390
850 4038
852 1708
852 2405
852 4690
854 1796
855 2280
856 1898
856 2144
857 1842
860 3728
861 4544
862 1838
864 995
865 1021
865 1325
866 950
866 1770
866 2188
866 2190
866 2421
866 2811
866 3689
866 3771
866 3983
866 4229
867 977
867 1028
867 1542
868 1864
870 961
871 2288
872 987
875 1114
875 2429
875 2430
875 3607
878 1501
881 882
881 956
882 1129
882 1131
882 1135
882 1190
882 1226
882 1227
882 1266
882 1295
882 1626
882 1838
882 2485
882 2486
882 2487
882 2488
882 2489
882 2532
882 2538
882 3529
882 3530
882 3534
882 3560
882 3622
882 3623
883 1515
883 2622
883 3698
883 4573
884 1783
884 1833
884 2151
884 2188
885 1084
885 2139
886 1767
886 2776
888 2188
889 1407
889 1560
889 1632
889 2267
889 2669
889 4140
889 4322
891 1760
891 1866
896 950
896 2188
896 4156
896 4290
897 937
897 1284
897 2776
897 3654
897 3683
898 2776
903 987
904 1284
904 2727
904 4090
904 4701
905 4438
906 1107
907 1045
907 1185
909 1515
909 2422
911 1010
911 1083
911 1359
911 1515
911 1721
911 2188
911 2290
911 2606
911 2834
911 2857
915 2188
915 2758
917 2776
918 987
919 1760
920 2367
920 2376
920 3745
923 2188
923 4187
924 927
924 1581
924 1894
924 2296
924 2301
924 2718
924 3356
924 3711
924 3850
924 3938
924 4151
924 4497
925 1324
927 1838
928 4604
929 2188
931 3742
936 937
936 1769
936 1935
936 2173
936 2188
936 2191
936 2243
936 2270
936 2278
936 2279
936 2298
936 2661
936 2762
936 2763
936 2821
936 2822
936 2823
936 2824
936 3765
936 3926
936 3939
936 4116
936 4218
936 4219
936 4220
936 4221
936 4222
936 4543
939 1000
939 1026
939 1529
939 1634
939 1767
939 1843
939 1900
939 2148
939 2188
939 2382
939 2616
939 3234
939 3685
939 3865
939 4020
939 4210
939 4300
939 4363
939 4553
939 4588
939 4589
939 4594
939 4630
939 4651
940 4241
942 1134
942 1206
942 1225
942 1295
942 2485
944 1687
944 1790
944 1791
944 2135
944 2136
944 2788
945 1767
946 1294
947 949
947 1030
947 1149
947 1192
947 1239
947 1390
947 1393
947 1421
947 1423
947 1458
947 1471
947 1681
947 1868
947 1952
947 2002
947 2003
947 2051
947 2075
947 2094
947 2111
947 2127
947 2282
947 2299
947 2531
947 2551
947 2716
947 2740
947 2742
947 2745
947 2746
947 2792
947 2932
947 2939
947 2941
947 2980
947 2982
947 3149
947 3155
948 968
948 994
948 2151
948 2445
948 2549
948 2748
948 2850
948 3734
949 994
949 1254
949 1617
949 1656
949 1815
949 1956
949 1986
949 1997
949 2031
949 2106
949 2333
949 2779
949 2898
949 3011
949 3114
949 3383
950 1456
950 1559
950 1805
950 1815
950 1836
950 1857
950 2177
950 2247
950 2603
950 2674
950 2748
950 3726
950 3825
950 4306
950 4501
951 1727
951 1834
951 2188
951 3953
952 1517
956 3623
958 1286
960 1106
960 1117
960 1122
960 1128
960 1204
960 1210
960 1243
960 1838
960 2428
960 2439
960 2478
960 2507
960 2561
960 3526
960 3590
961 2491
961 2536
961 3528
961 3532
965 2188
966 1294
968 1241
968 1568
968 2171
970 1111
972 3038
972 3149
972 3356
973 987
974 975
974 1912
976 1114
977 1517
979 4670
980 1500
980 2188
980 2747
980 3893
980 4556
983 3742
984 2846
985 1153
987 990
987 1001
987 1003
987 1097
987 1222
987 1250
987 1277
987 1478
987 1562
987 1567
987 1592
987 1631
987 1713
987 1732
987 1783
987 1800
987 1801
987 1825
987 1835
987 1842
987 1876
987 1905
987 1911
987 1919
987 1925
987 2145
987 2197
987 2259
987 2287
987 2345
987 2358
987 2411
987 2630
987 2637
987 2724
987 2785
987 2814
987 2867
987 2877
987 2916
987 2994
987 3651
987 3695
987 3710
987 3775
987 3844
987 3857
987 3898
987 3919
987 4108
987 4148
987 4206
987 4255
987 4356
987 4382
987 4383
987 4390
987 4704
989 1249
991 1703
992 1788
994 1593
994 1655
994 1833
994 1890
994 2213
994 2331
994 2339
994 2372
994 2395
994 2609
994 2843
994 2860
994 3741
994 3757
994 3785
994 3874
994 3888
994 3902
994 3915
994 3935
994 4041
994 4054
994 4076
994 4088
994 4247
994 4325
994 4389
994 4405
994 4408
994 4416
994 4596
994 4649
994 4650
995 1860
995 2354
995 4481
996 1767
997 1794
998 1515
999 1160
1001 4531
1002 1284
1002 2776
1007 1041
1007 1254
1007 1547
1007 2333
1009 1123
1009 1202
1009 1833
1011 1515
1023 1047
1027 1314
1028 1515
1028 4558
1030 1115
1031 1085
1031 2165
1033 1515
1033 1549
1033 1634
1035 2340
1036 1767
1038 4329
1040 1085
1041 2333
1045 1185
1045 2546
1046 1211
1047 1605
1047 4712
1049 1842
1051 1792
1051 1793
1051 1797
1051 2693
1052 1530
1057 1806
1057 2415
1058 1767
1059 1549
1061 1842
1061 2737
1062 1866
1063 1270
1063 2011
1063 2124
1063 2954
1063 2963
1064 1632
1065 2776
1066 1758
1067 4185
1068 2241
1068 4176
1068 4226
1069 1113
1069 1114
1069 2439
1069 2556
1069 2584
1072 1515
1072 1767
1074 1767
1074 4031
1076 1224
1076 1833
1078 1282
1078 2199
1078 3816
1079 4265
1080 1713
1080 2188
1081 2653
1081 3952
1081 4249
1081 4302
1081 4646
1084 2320
1085 1221
1085 1659
1085 1751
1085 1771
1085 1934
1085 2188
1085 2257
1085 2380
1085 2413
1085 2511
1085 2560
1085 2616
1085 2830
1085 3370
1085 3912
1085 4277
1085 4321
1085 4378
1085 4587
1092 1390
1092 1491
1094 2188
1098 4038
1098 4483
1100 1114
1100 1833
1100 2507
1101 1114
1102 1114
1103 1114
1104 1114
1105 1237
1105 1833
1107 1202
1107 1833
1107 3592
1108 1111
1108 1114
1108 1122
1109 1114
1110 1211
1110 1833
1111 1113
1111 1114
1111 1119
1111 1120
1111 1235
1111 1242
1111 1568
1111 2450
1111 2478
1111 3614
1111 3629
1112 1239
1112 2527
1114 1116
1114 1118
1114 1119
1114 1120
1114 1124
1114 1125
1114 1126
1114 1192
1114 1200
1114 1210
1114 1211
1114 1215
1114 1306
1114 1540
1114 2435
1114 2438
1114 2473
1114 2492
1114 2502
1114 2512
1114 2548
1114 2549
1114 2551
1114 3057
1114 3526
1114 3541
1119 1838
1119 3585
1121 1209
1121 3566
1121 3577
1121 3578
1122 1195
1123 1211
1123 1568
1123 2427
1123 2442
1123 2495
1123 2528
1123 2529
1123 2545
1123 2558
1123 2594
1127 2430
1127 2543
1129 1206
1130 1217
1133 2488
1137 2460
1139 1153
1140 1153
1141 2467
1141 2469
1141 3526
1142 1171
1143 1157
1143 1172
1143 1211
1143 2564
1143 2572
1143 3571
1144 1168
1147 1153
1148 1153
1150 1211
1150 2469
1151 1175
1152 1153
1153 1159
1153 1160
1153 1161
1153 1165
1153 1171
1153 2452
1153 2462
1153 3608
1153 3995
1154 1159
1158 1167
1159 1181
1159 2444
1159 2573
1159 3580
1165 1168
1166 2460
1166 2464
1166 2570
1168 1170
1168 2454
1168 2457
1168 2459
1168 2578
1168 2580
1168 3581
1169 1207
1169 1231
1175 2572
1176 2452
1178 2562
1179 2581
1182 1239
1183 2431
1183 2433
1183 2496
1183 2497
1185 1203
1185 1240
1185 2431
1185 2480
1186 1202
1187 2431
1188 1838
1188 3597
1188 3612
1189 1239
1189 2431
1191 1217
1194 2199
1196 1239
1197 1198
1197 1833
1197 2037
1199 1540
1199 1947
1201 1230
1201 2515
1203 1208
1203 2080
1203 2593
1205 1207
1205 2440
1206 1295
1206 2188
1206 2488
1206 2532
1206 3561
1208 3574
1208 3604
1208 3605
1208 3606
1208 3609
1211 2460
1211 2539
1212 2430
1212 3599
1213 1833
1215 1220
1215 1838
1215 2559
1215 2591
1215 3539
1216 1217
1216 2531
1217 1218
1217 1220
1217 2188
1217 2437
1217 2475
1217 2476
1217 2479
1217 2585
1217 2591
1217 3539
1217 3579
1217 3595
1217 3596
1217 3617
1220 2438
1221 2583
1221 3625
1223 1568
1223 2482
1223 3543
1228 1568
1229 2431
1234 1568
1234 2547
1236 2431
1236 2511
1237 1833
1238 2431
1239 2494
1239 2530
1240 2426
1245 2516
1245 3522
1245 3565
1246 2426
1249 1573
1249 4001
1249 4091
1251 3401
1253 1564
1254 1269
1254 1516
1254 1547
1254 1617
1254 2069
1254 2178
1254 2179
1254 2188
1254 2206
1254 2397
1254 2701
1254 2720
1254 2791
1254 3662
1254 3755
1254 3777
1254 3847
1254 3889
1254 3951
1254 3980
1254 4011
1254 4120
1254 4125
1254 4136
1254 4165
1254 4257
1254 4304
1254 4346
1254 4349
1254 4402
1254 4429
1254 4621
1255 2199
1259 3892
1263 1648
1263 4352
1263 4448
1267 1842
1267 4227
1269 2333
1270 1512
1270 1631
1270 1722
1270 1819
1270 1838
1270 1860
1270 2189
1270 2209
1270 2631
1270 2729
1270 2750
1270 3303
1270 3664
1270 4013
1270 4131
1270 4201
1270 4284
1270 4495
1270 4609
1270 4648
1273 1542
1276 1842
1278 3805
1280 1517
1281 1675
1282 1455
1282 4056
1282 4128
1284 3837
1286 1563
1286 2140
1286 2313
1286 2619
1286 2643
1286 2647
1286 2735
1286 2848
1286 3713
1286 3715
1286 3719
1286 3920
1286 3957
1286 4039
1286 4040
1286 4052
1286 4098
1286 4396
1286 4490
1286 4523
1286 4574
1286 4656
1287 1842
1292 1517
1292 1755
1294 2188
1294 2319
1295 3533
1296 1517
1297 2686
1299 2277
1300 1807
1300 4494
1301 2188
1302 2188
1303 1767
1304 2329
1304 2771
1304 4483
1307 1767
1308 2188
1309 1390
1309 1417
1309 2188
1311 2358
1311 2764
1311 3676
1311 4032
1311 4129
1314 1842
1322 2266
1327 1401
1327 1833
1327 1963
1327 1988
1327 1989
1327 1999
1327 2025
1327 2087
1327 2887
1327 2965
1327 2966
1327 3219
1327 3375
1327 3432
1327 3437
1328 1390
1328 1454
1328 1895
1328 1955
1328 2010
1328 2962
1328 2994
1328 3004
1328 3151
1328 3326
1328 3393
1328 3439
1328 3500
1329 2072
1330 2088
1331 1359
1332 1411
1333 1833
1333 3405
1333 3409
1334 1352
1336 1351
1337 1390
1337 1458
1337 2269
1337 2897
1338 1405
1338 3045
1338 3237
1339 1390
1339 1423
1339 2937
1340 2037
1341 3445
1342 1405
1343 1959
1343 1975
1344 1959
1345 1975
1346 1959
1347 2003
1347 3033
1348 3370
1349 1406
1349 1964
1349 1965
1349 1974
1349 1975
1349 1976
1349 1977
1349 1978
1349 1979
1349 1980
1349 2012
1349 2048
1349 2091
1349 2109
1349 3063
1349 3064
1349 3073
1349 3320
1349 3363
1349 3411
1350 1833
1350 3245
1350 3519
1351 3268
1352 2111
1352 2118
1353 2074
1353 3122
1354 3155
1355 1398
1355 1408
1355 2023
1355 2107
1355 2921
1355 2938
1355 3108
1355 3146
1355 3166
1355 3171
1355 3172
1355 3188
1355 3225
1355 3272
1355 3382
1355 3435
1355 3471
1356 1390
1356 2950
1356 2951
1356 3040
1356 3124
1356 3144
1356 3245
1356 3252
1356 3333
1357 3285
1358 2109
1359 1390
1359 1418
1359 1430
1359 2130
1359 2188
1359 2926
1359 3164
1359 3212
1360 2091
1360 2119
1360 2887
1360 2925
1360 2987
1360 2990
1360 4718
1361 1833
1363 1895
1363 2889
1363 2893
1366 2111
1372 3071
1372 3107
1372 3132
1372 3190
1372 3396
1372 3447
1372 3469
1374 2048
1374 3158
1376 3309
1378 1980
1379 1381
1379 1386
1381 1389
1390 1391
1390 1414
1390 1430
1390 1446
1390 1447
1390 1452
1390 1463
1390 1488
1390 1491
1390 1494
1390 1500
1390 1528
1390 1625
1390 2010
1390 2021
1390 2024
1390 2040
1390 2051
1390 2067
1390 2089
1390 2255
1390 2269
1390 2897
1390 2926
1390 2935
1390 2950
1390 3035
1390 3046
1390 3151
1390 3163
1390 3256
1390 3279
1390 3286
1390 3359
1390 3370
1390 3464
1391 1447
1391 2001
1391 2885
1391 3183
1391 3214
1392 2094
1393 3512
1394 2796
1394 3367
1396 1461
1397 1426
1398 2062
1399 1461
1402 1461
1404 1430
1405 1425
1405 1456
1405 1480
1405 1833
1405 1963
1405 2006
1405 2997
1405 3060
1405 3140
1405 3223
1407 2884
1407 3394
1409 3155
1410 1503
1410 3303
1410 3493
1412 3367
1414 2919
1414 3147
1415 1986
1416 1959
1416 2002
1417 1458
1418 2123
1419 2037
1421 3297
1422 2930
1422 3055
1422 3284
1423 2028
1423 2106
1423 2674
1423 3630
1424 1959
1426 1833
1426 2967
1426 3415
1428 3088
1429 2093
1429 2134
1430 1452
1430 3389
1433 1833
1434 2037
1435 2040
1436 2269
1439 2888
1439 3273
1439 3344
1443 2986
1444 1964
1445 2027
1445 2922
1445 2950
1446 1540
1446 1561
1446 2026
1446 2033
1446 2076
1446 2079
1446 2928
1446 2934
1446 2950
1446 3035
1446 3070
1446 3183
1446 3510
1451 1962
1451 1965
1451 2890
1451 2915
1451 2971
1451 3093
1451 3227
1451 3287
1451 3299
1454 3174
1454 3410
1454 3464
1456 2053
1456 2970
1456 2998
1456 3100
1456 3360
1456 4358
1457 1987
1457 3120
1458 3502
1459 4148
1461 1833
1461 1966
1461 2981
1461 3039
1461 3098
1461 3175
1461 3199
1461 3215
1461 3244
1465 1957
1468 3155
1471 2891
1471 2919
1471 3164
1472 2040
1473 3155
1474 3450
1475 2985
1478 1838
1478 1970
1478 2011
1478 2034
1478 2035
1478 2904
1478 2961
1478 3046
1478 3112
1478 3453
1478 4148
1479 3387
1479 3414
1479 4148
1482 1833
1482 1990
1484 2040
1486 2002
1487 2126
1488 3393
1489 2030
1490 3399
1491 1833
1491 2009
1491 2038
1491 4361
1492 1959
1493 1833
1494 2950
1497 1833
1497 1998
1497 2050
1497 2915
1497 2931
1497 2943
1497 3009
1497 3066
1497 3093
1497 3119
1497 3200
1497 3408
1501 2003
1502 2133
1504 2929
1506 2097
1508 2904
1510 1624
1511 1833
1512 2209
1514 2776
1515 1552
1515 1594
1515 1660
1515 1689
1515 1696
1515 1721
1515 1729
1515 1750
1515 1756
1515 1768
1515 1780
1515 1782
1515 1789
1515 1801
1515 1807
1515 1863
1515 1897
1515 1908
1515 2000
1515 2188
1515 2212
1515 2277
1515 2313
1515 2389
1515 2525
1515 2562
1515 2618
1515 2653
1515 2758
1515 3713
1515 3844
1515 3848
1515 3905
1515 3920
1515 3960
1515 4015
1515 4132
1515 4157
1515 4331
1515 4396
1515 4424
1515 4476
1515 4489
1515 4584
1515 4598
1515 4706
1516 2333
1516 4011
1517 1551
1517 1578
1517 1649
1517 1682
1517 1844
1517 1877
1517 1887
1517 1920
1517 2182
1517 2264
1517 2287
1517 2323
1517 2353
1517 3684
1517 3697
1517 3732
1517 3786
1517 3839
1517 3974
1517 4061
1517 4064
1517 4170
1517 4225
1517 4278
1517 4332
1517 4357
1517 4371
1517 4399
1517 4550
1518 1764
1518 2810
1520 4411
1522 1756
1522 1767
1523 4185
1524 2188
1525 4351
1526 1540
1526 2733
1528 1838
1528 2123
1528 3203
1528 3481
1529 1838
1530 1595
1530 1690
1530 1709
1530 1802
1530 2192
1530 2368
1530 2671
1530 2777
1530 2840
1530 3807
1530 3930
1530 4387
1530 4626
1530 4662
1531 2260
1531 3974
1533 3789
1533 3813
1533 3833
1533 3945
1533 4236
1533 4572
1534 1859
1535 3674
1540 1632
1540 1669
1540 1706
1540 1833
1540 1926
1540 1942
1540 2188
1540 2286
1540 2431
1540 2784
1540 3570
1540 3591
1540 3599
1540 3646
1540 3666
1540 3809
1540 3836
1540 3881
1540 3882
1540 4214
1540 4313
1540 4507
1540 4576
1542 1767
1543 3720
1544 1807
1545 4472
1548 3884
1548 3943
1548 3958
1549 1550
1549 1578
1549 1594
1549 1599
1549 1621
1549 1648
1549 1755
1549 1819
1549 1825
1549 1838
1549 1847
1549 1897
1549 1923
1549 1927
1549 2188
1549 2199
1549 2230
1549 2232
1549 2251
1549 2367
1549 2376
1549 2409
1549 2612
1549 2621
1549 2653
1549 2659
1549 2722
1549 2737
1549 2828
1549 2865
1549 3643
1549 3644
1549 3652
1549 3654
1549 3673
1549 3684
1549 3697
1549 3719
1549 3743
1549 3827
1549 3840
1549 3877
1549 3993
1549 3997
1549 4001
1549 4045
1549 4081
1549 4163
1549 4167
1549 4228
1549 4240
1549 4272
1549 4276
1549 4312
1549 4363
1549 4375
1549 4397
1549 4431
1549 4450
1549 4516
1549 4600
1549 4613
1549 4634
1549 4675
1549 4680
1549 4716
1550 1767
1552 2280
1555 3805
1559 1561
1559 3805
1561 1636
1561 1638
1561 2385
1561 2421
1561 2811
1561 3724
1561 3771
1561 3792
1561 4229
1568 1932
1568 2188
1568 2430
1568 2431
1568 2585
1568 3554
1569 2188
1570 2188
1572 1729
1572 2848
1572 3712
1572 4039
1572 4523
1574 4411
1578 1873
1578 4155
1580 2199
1581 1864
1582 1777
1582 2377
1584 1767
1585 3695
1586 2794
1590 2311
1591 1833
1592 1743
1592 1767
1596 4017
1596 4075
1596 4149
1596 4285
1597 2188
1598 4035
1600 3641
1605 2266
1612 2266
1619 4208
1621 1923
1621 3831
1622 1842
1622 1866
1622 4241
1623 1760
1623 1866
1623 2678
1623 3738
1625 2123
1632 2669
1634 2208
1635 1650
1635 2274
1635 2729
1636 1638
1640 2156
1643 4410
1645 1767
1646 1767
1647 2165
1648 1785
1648 1937
1648 2146
1648 2655
1648 2788
1648 2789
1648 2814
1648 2853
1648 4000
1654 1833
1655 4048
1661 2698
1661 4062
1663 1687
1663 1741
1663 2281
1663 3773
1663 4405
1664 1767
1665 1833
1674 1758
1674 2188
1674 2244
1674 3636
1674 3943
1674 4384
1674 4418
1674 4466
1674 4496
1674 4659
1678 3724
1679 2723
1679 3646
1681 2190
1682 2199
1682 4615
1683 4411
1686 4579
1686 4599
1687 1706
1690 2188
1692 1734
1692 2188
1692 4023
1698 1864
1699 2153
1699 3988
1702 4344
1704 4446
1721 1728
1721 2188
1721 2844
1721 3982
1721 4080
1721 4142
1721 4262
1721 4704
1723 2873
1723 3789
1724 4351
1725 2417
1726 2188
1730 2391
1734 4023
1734 4610
1734 4714
1736 2188
1737 1767
1737 3837
1737 4638
1741 2716
1743 2188
1743 2637
1743 3812
1745 3695
1746 4046
1753 1838
1753 2750
1755 4155
1755 4549
1756 4661
1758 2369
1758 2685
1759 2344
1760 1765
1760 1862
1760 2188
1760 2200
1760 2239
1760 2393
1760 2736
1760 2850
1760 3746
1760 3776
1760 3821
1760 4212
1762 2814
1763 2340
1763 3823
1765 1866
1765 2200
1765 3776
1765 4241
1766 1767
1767 1784
1767 1814
1767 1820
1767 1840
1767 1851
1767 1879
1767 1906
1767 1908
1767 2160
1767 2202
1767 2231
1767 2250
1767 2310
1767 2349
1767 2404
1767 2608
1767 2612
1767 2617
1767 2618
1767 2630
1767 2658
1767 2676
1767 2687
1767 2724
1767 2725
1767 2750
1767 2799
1767 2849
1767 2867
1767 3654
1767 3658
1767 3739
1767 3748
1767 3760
1767 3774
1767 3819
1767 3827
1767 3828
1767 3857
1767 3945
1767 3969
1767 3975
1767 3977
1767 3985
1767 3996
1767 4069
1767 4070
1767 4082
1767 4087
1767 4108
1767 4129
1767 4135
1767 4169
1767 4210
1767 4215
1767 4250
1767 4272
1767 4273
1767 4300
1767 4309
1767 4317
1767 4323
1767 4340
1767 4354
1767 4440
1767 4448
1767 4449
1767 4457
1767 4476
1767 4485
1767 4489
1767 4493
1767 4497
1767 4503
1767 4516
1767 4521
1767 4540
1767 4553
1767 4594
1767 4595
1767 4623
1767 4628
1767 4633
1767 4641
1767 4655
1767 4677
1769 4145
1769 4320
1770 3724
1774 1791
1774 4185
1777 4502
1778 1895
1778 2256
1780 2388
1780 2865
1781 4287
1781 4668
1783 1846
1783 2333
1783 2748
1786 1842
1795 3700
1796 4066
1800 2166
1800 3694
1803 2188
1803 2776
1805 1833
1806 1833
1807 2188
1807 2285
1807 3906
1807 4168
1807 4196
1813 2188
1814 2188
1816 1838
1817 3793
1819 2123
1819 2721
1819 3914
1821 1833
1821 3805
1823 2188
1824 2188
1828 1838
1829 2188
1833 1836
1833 1872
1833 1942
1833 1947
1833 1956
1833 1969
1833 1981
1833 1986
1833 1992
1833 2013
1833 2037
1833 2045
1833 2047
1833 2048
1833 2069
1833 2088
1833 2092
1833 2177
1833 2188
1833 2333
1833 2341
1833 2430
1833 2495
1833 2513
1833 2717
1833 2729
1833 2732
1833 2782
1833 2790
1833 2794
1833 2896
1833 2897
1833 2904
1833 2935
1833 2950
1833 2986
1833 2989
1833 2999
1833 3059
1833 3062
1833 3072
1833 3114
1833 3127
1833 3149
1833 3202
1833 3274
1833 3275
1833 3283
1833 3337
1833 3378
1833 3447
1833 3460
1833 3506
1833 3553
1833 3648
1833 3675
1833 3702
1833 3901
1833 4137
1833 4214
1833 4236
1833 4537
1836 3834
1837 4361
1838 2146
1838 2170
1838 2188
1838 2224
1838 2277
1838 2296
1838 2305
1838 2391
1838 2425
1838 2430
1838 2506
1838 2511
1838 2517
1838 2546
1838 2638
1838 2730
1838 2829
1838 3526
1838 3594
1838 3640
1838 3711
1838 3860
1838 4113
1838 4491
1838 4589
1838 4697
1840 2198
1840 2318
1840 2641
1840 2644
1840 2744
1840 3901
1840 4555
1842 1848
1842 2164
1842 2188
1842 2221
1842 2306
1842 2322
1842 2351
1842 3772
1842 3911
1842 4091
1842 4152
1842 4340
1842 4425
1842 4575
1843 2188
1845 2188
1855 3970
1857 3805
1861 4465
1864 2726
1864 4264
1866 1918
1866 2157
1866 2210
1866 2222
1866 2242
1866 2347
1866 2410
1866 2754
1866 3746
1866 4019
1866 4470
1866 4686
1868 1890
1868 2213
1868 2331
1868 2372
1868 2395
1868 3902
1872 2820
1872 3973
1872 4095
1872 4101
1872 4591
1876 3870
1891 2716
1892 2775
1895 2154
1895 2188
1895 3699
1903 2037
1903 4515
1906 4191
1909 2188
1910 4101
1911 2188
1913 2188
1922 4086
1928 2188
1935 2188
1938 2275
1947 3591
1947 3611
1947 3612
1947 3661
1952 2040
1953 2929
1953 2944
1955 2040
1955 2883
1955 2935
1955 3004
1955 3046
1955 3189
1956 2941
1958 1999
1958 4148
1959 1960
1959 2037
1959 2083
1959 2117
1959 3068
1959 3284
1959 3302
1959 3329
1959 3374
1959 3416
1959 3419
1959 3454
1962 2905
1967 2986
1968 3370
1968 3496
1970 2950
1971 3382
1971 3435
1972 1973
1972 3382
1974 3382
1975 1982
1975 2895
1975 3306
1975 3349
1976 3133
1976 3160
1976 3396
1977 3076
1977 3081
1977 3247
1978 3323
1979 3638
1981 2986
1981 3313
1984 3072
1985 2094
1986 3229
1988 3031
1989 2120
1989 2987
1989 3517
1991 2121
1991 3262
1993 3059
1997 2037
1999 4148
2000 2123
2000 2188
2002 3302
2003 2012
2003 2124
2003 2880
2003 2972
2003 3036
2003 3295
2003 3459
2003 4720
2005 2966
2009 2904
2010 2939
2010 2975
2010 3042
2010 3189
2010 3370
2012 2032
2012 2049
2012 2124
2012 2912
2012 3086
2012 3186
2012 3295
2012 3316
2012 3321
2012 3348
2012 3444
2012 3457
2012 3483
2013 2917
2013 2979
2013 2986
2013 3324
2013 3372
2017 3034
2017 3304
2019 2966
2020 4148
2021 2188
2022 3176
2024 3362
2025 4205
2026 2134
2026 3161
2028 2069
2029 2030
2029 3336
2029 3377
2030 3088
2030 3273
2030 3412
2031 2188
2031 3018
2031 3041
2031 3048
2031 3095
2031 3216
2031 3230
2031 3231
2031 3232
2031 3235
2031 3240
2031 3280
2031 3342
2031 3379
2031 3441
2031 4148
2034 2037
2035 2904
2036 4148
2037 2333
2037 2548
2037 2901
2037 2913
2037 3031
2037 3271
2037 3478
2037 3825
2038 2975
2040 2089
2040 2123
2040 2125
2040 2885
2040 2906
2040 2918
2040 2934
2040 2950
2040 2957
2040 3079
2040 3128
2040 3163
2040 3168
2040 3177
2040 3293
2040 3322
2040 3331
2040 3359
2040 3376
2040 3416
2041 2986
2042 3149
2043 3104
2044 3382
2044 3435
2045 2048
2048 2977
2049 2934
2050 4148
2055 3073
2056 2999
2056 3135
2057 3485
2058 2071
2058 3299
2059 2986
2059 3096
2059 3117
2059 3364
2059 3424
2061 2111
2061 3053
2062 3020
2062 3028
2062 3171
2063 2986
2063 3047
2064 3258
2064 3495
2066 2904
2067 2114
2067 3132
2068 2088
2068 3154
2069 2950
2071 3182
2072 2109
2072 3314
2072 3420
2073 2188
2073 4148
2077 3120
2078 2111
2079 4148
2080 3566
2084 3382
2086 2881
2086 2964
2087 3468
2088 2091
2088 2984
2089 2123
2089 3043
2089 3217
2089 3418
2089 3510
2091 2993
2091 3159
2091 3300
2092 2188
2094 3076
2095 2932
2095 3165
2095 3428
2096 2986
2097 2899
2100 2103
2101 2950
2101 3290
2101 3403
2101 3518
2103 2986
2103 3085
2103 3351
2104 2929
2108 2116
2109 3092
2111 2914
2111 2983
2118 3221
2122 2969
2122 3101
2122 3149
2122 3394
2123 3359
2124 3086
2124 3370
2127 2894
2127 3439
2131 2986
2134 4148
2138 2181
2139 2188
2139 3994
2145 2411
2146 2227
2153 2750
2153 4057
2154 2188
2159 3798
2165 4193
2165 4587
2167 2188
2171 2295
2171 2651
2171 3937
2171 4317
2171 4344
2175 4174
2177 3805
2178 2398
2185 2712
2186 2712
2187 2712
2188 2195
2188 2217
2188 2246
2188 2263
2188 2266
2188 2294
2188 2307
2188 2323
2188 2333
2188 2337
2188 2366
2188 2380
2188 2386
2188 2401
2188 2423
2188 2437
2188 2460
2188 2542
2188 2602
2188 2613
2188 2648
2188 2657
2188 2663
2188 2673
2188 2689
2188 2700
2188 2707
2188 2712
2188 2738
2188 2776
2188 2797
2188 2803
2188 2835
2188 2838
2188 2845
2188 3149
2188 3603
2188 3676
2188 3682
2188 3715
2188 3718
2188 3725
2188 3762
2188 3786
2188 3823
2188 3836
2188 3859
2188 3879
2188 3886
2188 3906
2188 3907
2188 3925
2188 3928
2188 3979
2188 3991
2188 3995
2188 3996
2188 4023
2188 4053
2188 4061
2188 4065
2188 4084
2188 4093
2188 4094
2188 4097
2188 4109
2188 4126
2188 4130
2188 4139
2188 4166
2188 4182
2188 4187
2188 4192
2188 4194
2188 4202
2188 4211
2188 4227
2188 4241
2188 4244
2188 4285
2188 4289
2188 4312
2188 4318
2188 4319
2188 4379
2188 4383
2188 4393
2188 4414
2188 4421
2188 4433
2188 4446
2188 4499
2188 4518
2188 4525
2188 4532
2188 4538
2188 4547
2188 4567
2188 4573
2188 4582
2188 4592
2188 4615
2188 4625
2188 4643
2188 4644
2188 4653
2188 4656
2188 4673
2188 4676
2188 4684
2188 4685
2188 4691
2188 4692
2188 4696
2188 4705
2189 4242
2191 3753
2199 2322
2199 2592
2199 2753
2199 3586
2199 3616
2199 3649
2199 3782
2199 3835
2199 3841
2199 3862
2199 3898
2199 4345
2207 4483
2209 4186
2216 3704
2216 3815
2216 4320
2220 4065
2225 4156
2248 3083
2259 2790
2264 4316
2265 4057
2269 2792
2269 3030
2269 3270
2275 3692
2275 4198
2277 4463
2284 4580
2288 3783
2302 3964
2305 2360
2305 2642
2306 2363
2311 2316
2311 2653
2311 2758
2311 3701
2311 3879
2311 4159
2311 4302
2311 4406
2311 4602
2318 3720
2319 4482
2333 2720
2333 3755
2333 3777
2333 3909
2333 4106
2333 4370
2340 3823
2371 2897
2385 4310
2395 4649
2404 3899
2426 2431
2426 2518
2426 3549
2429 2525
2431 2432
2431 2433
2431 2434
2431 2441
2431 2449
2431 2480
2431 2496
2431 2497
2431 2498
2431 2499
2431 2500
2431 2501
2431 2520
2431 2530
2431 2599
2431 3520
2431 3525
2431 3536
2431 3537
2431 3547
2431 3576
2431 3589
2431 3593
2431 3600
2431 3615
2431 3624
2431 3633
2431 3634
2437 3595
2438 2479
2438 2559
2443 2560
2443 2595
2449 2523
2452 2453
2452 2459
2452 2467
2452 2468
2452 2471
2452 2563
2452 2567
2452 2569
2452 3582
2452 3584
2453 2579
2456 2576
2459 2576
2460 3398
2460 3546
2460 3941
2460 4230
2462 3583
2464 2574
2471 2579
2474 2559
2477 3521
2480 2511
2480 3557
2481 2494
2481 2511
2481 2517
2481 2519
2481 2560
2481 3587
2481 3588
2483 2560
2490 3559
2504 2560
2508 2511
2509 2511
2510 2511
2511 2514
2511 2521
2511 2522
2511 2524
2511 2527
2511 2552
2511 2557
2511 2560
2511 2589
2511 2598
2511 2599
2511 3523
2511 3524
2511 3542
2511 3544
2511 3549
2511 3552
2511 3569
2511 3610
2511 3627
2520 3572
2523 2544
2523 3551
2523 3572
2525 2562
2525 3545
2525 3598
2525 3607
2529 3631
2531 3554
2534 3527
2553 2560
2559 2590
2560 2600
2560 3542
2560 3601
2560 3602
2562 2566
2562 3527
2567 2571
2601 2712
2619 2761
2623 2712
2632 4008
2637 3779
2653 3818
2694 4107
2697 4351
2701 3681
2701 4461
2703 4033
2704 4392
2708 2778
2708 3849
2708 4398
2712 3677
2712 3981
2712 4114
2712 4162
2712 4367
2715 3926
2716 2782
2716 4501
2742 3856
2748 3670
2750 3189
2750 4057
2750 4246
2761 3957
2761 4052
2776 2859
2776 3768
2778 4595
2792 2796
2794 2795
2801 2835
2801 4445
2803 3834
2850 3738
2850 4019
2856 4437
2860 3922
2860 4295
2860 4417
2860 4671
2876 3017
2877 3245
2877 3327
2877 3333
2877 3336
2877 3345
2877 3370
2878 4148
2884 3149
2887 3300
2890 2929
2890 2966
2890 2971
2892 4148
2896 2995
2896 3195
2897 3000
2897 3121
2897 3234
2897 3494
2901 3089
2904 2950
2904 2977
2904 3001
2904 3067
2904 3137
2904 3282
2904 3453
2911 2986
2914 3134
2919 3370
2927 3258
2929 2944
2932 3275
2940 3033
2941 3180
2950 2951
2950 2968
2950 3035
2950 3114
2950 3177
2950 3194
2950 3256
2950 3294
2950 3328
2952 3099
2952 3351
2958 3492
2959 3009
2959 3066
2959 3119
2960 3010
2960 3133
2964 2980
2966 3211
2972 3370
2973 3411
2976 3096
2978 3053
2980 3097
2980 3142
2980 4358
2982 4358
2986 2988
2986 2991
2986 3015
2986 3091
2986 3120
2986 3130
2986 3138
2986 3145
2986 3154
2986 3179
2986 3220
2986 3246
2986 3261
2986 3267
2986 3278
2986 3312
2986 3470
2995 2996
2995 3192
2995 3193
2995 3194
2995 3195
2996 3192
2999 3143
2999 3401
2999 3488
3011 3224
3013 3276
3013 3388
3013 3462
3013 3499
3016 3141
3017 3074
3017 3427
3018 3869
3021 3869
3021 4358
3022 3050
3022 3292
3022 3298
3022 3337
3022 4148
3023 3133
3023 3449
3023 4148
3026 3123
3029 3084
3032 3072
3033 3305
3041 3869
3044 3073
3046 3370
3046 3417
3048 3049
3049 4148
3052 3425
3053 3110
3053 3131
3053 3515
3056 3073
3056 4148
3058 3426
3058 4148
3059 3387
3059 3443
3064 3134
3065 4148
3069 3105
3072 3157
3073 3207
3073 3248
3075 3378
3077 3370
3082 3104
3084 3494
3088 3290
3088 3341
3093 3200
3095 3430
3097 3805
3105 3430
3115 3495
3118 4148
3129 4205
3132 3447
3135 3313
3136 3311
3144 3369
3149 3236
3149 3255
3149 3325
3149 3350
3149 3391
3149 3490
3149 3509
3149 3995
3150 4148
3153 4205
3155 3211
3173 4148
3185 3370
3192 3193
3192 3194
3192 3195
3206 3219
3206 3292
3206 3337
3212 3213
3216 3231
3216 3232
3216 3235
3216 4148
3219 3472
3219 3514
3224 3383
3224 3478
3230 4148
3233 3380
3233 4205
3238 3334
3238 3337
3238 3343
3238 3495
3238 4148
3242 3465
3253 4148
3254 3307
3258 3337
3271 3486
3277 3479
3281 4148
3286 4057
3308 4148
3311 3388
3315 3498
3342 4148
3346 3495
3359 4057
3360 3425
3360 4358
3370 3400
3370 3449
3370 3489
3370 3507
3370 3516
3371 4205
3375 3378
3378 3381
3382 3435
3384 3400
3397 4358
3405 3406
3406 3409
3406 3506
3411 3476
3412 3467
3430 3441
3431 4148
3432 4205
3437 4205
3438 4205
3451 3452
3465 4358
3468 4148
3472 4148
3482 4205
3554 4175
3637 4314
3669 3767
3702 4452
3710 3749
3726 4035
3736 3785
3736 3805
3736 3888
3736 4054
3736 4416
3746 4241
3748 3781
3749 4652
3754 3766
3755 4011
3757 3805
3764 4665
3773 3805
3781 4177
3781 4635
3783 3863
3783 4185
3795 4351
3805 3834
3805 3909
3805 3968
3805 4666
3805 4722
3806 4054
3838 3896
3861 4394
3874 4405
3895 4483
3903 3905
3920 4007
3963 4000
3978 3982
3992 3997
4005 4188
4011 4257
4011 4346
4012 4438
4014 4502
4044 4208
4048 4325
4050 4435
4057 4297
4057 4588
4058 4082
4060 4707
4142 4492
4154 4162
4164 4368
4245 4277
4261 4284
4307 4437
4316 4317
4351 4483
4351 4527
4358 4697
4405 4622
4405 4666
4411 4483
4653 4689
