3011 5150
1 2
1 3
1 14
1 15
1 16
1 22
1 23
1 24
1 29
1 30
1 34
1 40
1 44
1 45
1 52
1 53
1 56
1 60
1 65
1 81
1 108
1 110
1 112
1 117
1 118
1 121
1 131
1 135
1 191
1 193
1 196
1 207
1 255
1 278
1 299
1 301
1 308
1 328
1 353
1 358
1 401
1 424
1 426
1 436
1 453
1 465
1 477
1 520
1 523
1 539
1 601
1 659
1 661
1 671
1 673
1 675
1 683
1 697
1 704
1 706
1 720
1 730
1 746
1 749
1 750
1 753
1 762
1 768
1 785
1 787
1 789
1 810
1 815
1 857
1 878
1 900
1 910
1 922
1 965
1 972
1 992
1 1015
1 1029
1 1072
1 1156
1 1164
1 1192
1 1197
1 1218
1 1245
1 1296
1 1318
1 1375
1 1479
1 1480
1 1497
1 1501
1 1503
1 1517
1 1519
1 1521
1 1523
1 1535
1 1553
1 1568
1 1601
1 1617
1 1626
1 1648
1 1659
1 1668
1 1751
1 1766
1 1774
1 1775
1 1794
1 1796
1 1797
1 1804
1 1826
1 1827
1 1837
1 1842
1 1844
1 1871
1 1876
1 1877
1 1896
1 1969
1 2035
1 2051
1 2101
1 2116
1 2129
1 2130
1 2131
1 2133
1 2138
1 2155
1 2159
1 2164
1 2189
1 2192
1 2199
1 2202
1 2208
1 2224
1 2230
1 2233
1 2235
1 2246
1 2258
1 2267
1 2289
1 2292
1 2293
1 2296
1 2319
1 2331
1 2343
1 2345
1 2360
1 2436
1 2447
1 2448
1 2470
1 2471
1 2477
1 2485
1 2503
1 2513
1 2517
1 2531
1 2544
1 2558
1 2559
1 2578
1 2596
1 2599
1 2606
1 2619
1 2628
1 2632
1 2646
1 2870
1 2880
1 2883
1 2898
1 2900
1 2902
1 2917
1 2979
1 2981
1 2982
1 2987
4 148
4 706
5 1231
6 121
6 2206
7 86
8 131
8 215
9 121
9 1282
9 1560
9 1563
9 2206
10 311
11 295
12 424
13 72
15 131
15 390
15 424
15 520
16 864
17 1501
18 189
18 190
18 1471
19 87
20 86
20 295
21 86
22 131
23 121
25 86
26 311
26 706
27 2944
28 86
30 131
30 148
30 209
30 286
30 772
31 1409
32 126
32 866
33 387
34 424
35 42
36 131
36 196
36 663
36 1671
36 2226
37 121
37 2206
38 190
39 278
40 131
40 196
41 196
41 389
41 454
41 470
41 706
41 2471
41 2573
42 520
42 706
42 2114
42 2430
43 1248
43 1471
43 2295
44 131
44 424
46 64
46 80
46 131
46 706
46 1806
46 2261
46 2317
46 2515
46 2605
47 810
48 72
48 87
49 131
49 311
49 706
50 121
50 329
50 2206
51 706
51 1340
51 1342
51 1344
51 1347
51 1351
51 1921
52 131
53 131
54 62
54 87
54 327
54 706
55 2114
56 196
57 115
58 1471
59 131
60 81
60 87
60 131
60 196
60 208
60 209
60 255
60 278
60 333
60 419
60 424
60 428
60 520
60 706
60 870
60 1041
60 1288
60 1578
60 1599
60 1601
60 1640
60 1644
60 1693
60 1720
60 1796
60 1898
60 2109
60 2164
60 2305
60 2452
60 2503
60 2563
60 2757
60 2889
60 2966
60 2988
60 3000
61 121
61 526
62 67
62 706
62 857
63 192
63 278
64 278
66 1231
67 887
68 196
69 1222
70 443
70 2764
71 196
71 2163
72 187
72 278
72 379
72 810
72 1031
72 1477
72 1518
72 1821
72 2334
73 76
74 76
74 706
74 2130
74 2884
75 105
76 190
76 1040
76 1193
77 706
78 87
79 113
80 699
80 706
80 723
80 856
80 1710
80 1818
80 2630
81 86
81 87
81 103
81 112
81 121
81 131
81 132
81 150
81 204
81 255
81 278
81 282
81 286
81 299
81 305
81 319
81 320
81 321
81 322
81 323
81 358
81 367
81 368
81 370
81 374
81 390
81 424
81 426
81 447
81 484
81 487
81 520
81 556
81 570
81 580
81 598
81 612
81 616
81 621
81 636
81 663
81 687
81 706
81 774
81 810
81 860
81 861
81 868
81 874
81 880
81 922
81 988
81 1025
81 1030
81 1032
81 1288
81 1296
81 1297
81 1308
81 1364
81 1447
81 1504
81 1574
81 1601
81 1629
81 1641
81 1649
81 1790
81 1902
81 2063
81 2206
82 87
82 319
82 561
83 424
84 86
85 86
86 90
86 124
86 131
86 190
86 196
86 278
86 424
86 454
86 520
86 550
86 649
86 667
86 668
86 669
86 692
86 706
86 741
86 1288
86 1471
86 1759
87 121
87 131
87 148
87 196
87 200
87 202
87 278
87 284
87 308
87 390
87 403
87 424
87 520
87 543
87 554
87 686
87 706
87 810
87 1318
87 1806
87 1884
88 311
89 689
90 226
91 626
92 112
92 139
93 95
94 328
95 240
95 241
95 328
96 328
97 328
98 328
99 328
100 328
101 328
102 149
102 632
102 706
102 1918
103 286
103 309
103 580
103 1313
103 1381
103 2028
104 501
105 113
105 152
105 154
106 328
107 196
108 131
109 176
109 1918
111 279
112 138
112 139
112 196
112 278
112 328
112 329
112 424
112 520
112 706
112 810
112 922
112 1565
113 125
113 129
113 151
113 153
113 162
113 164
113 165
113 166
113 167
113 168
113 459
113 706
113 791
113 1784
113 1792
113 2123
113 2652
114 387
115 538
115 706
115 1891
115 2505
116 168
117 1715
119 328
119 682
120 328
121 128
121 196
121 278
121 306
121 424
121 520
121 706
121 810
121 1561
121 1562
121 2206
121 2647
122 312
122 466
123 1154
123 1158
124 190
124 810
126 131
126 196
126 471
126 520
126 667
126 792
126 865
126 866
126 903
126 927
126 1556
126 1767
126 2572
126 2850
126 2931
127 141
130 1471
131 132
131 133
131 134
131 157
131 159
131 193
131 196
131 208
131 255
131 263
131 278
131 281
131 282
131 289
131 299
131 336
131 340
131 345
131 350
131 358
131 381
131 390
131 424
131 426
131 432
131 456
131 457
131 465
131 469
131 473
131 487
131 508
131 517
131 519
131 522
131 524
131 525
131 535
131 553
131 558
131 568
131 595
131 600
131 601
131 618
131 624
131 636
131 648
131 651
131 658
131 659
131 660
131 663
131 671
131 674
131 676
131 683
131 687
131 688
131 689
131 700
131 704
131 706
131 721
131 730
131 743
131 747
131 749
131 752
131 758
131 762
131 764
131 769
131 773
131 774
131 786
131 790
131 799
131 805
131 810
131 813
131 853
131 860
131 861
131 867
131 868
131 874
131 876
131 885
131 889
131 892
131 895
131 904
131 905
131 906
131 909
131 915
131 919
131 922
131 926
131 935
131 937
131 938
131 944
131 947
131 951
131 954
131 955
131 965
131 966
131 967
131 968
131 970
131 971
131 972
131 973
131 975
131 976
131 978
131 980
131 981
131 982
131 984
131 986
131 988
131 989
131 990
131 991
131 993
131 995
131 998
131 1012
131 1013
131 1015
131 1017
131 1018
131 1019
131 1021
131 1022
131 1024
131 1025
131 1026
131 1027
131 1032
131 1037
131 1039
131 1041
131 1042
131 1043
131 1054
131 1105
131 1125
131 1163
131 1166
131 1192
131 1194
131 1195
131 1196
131 1199
131 1200
131 1202
131 1203
131 1204
131 1205
131 1209
131 1210
131 1212
131 1216
131 1218
131 1220
131 1221
131 1223
131 1225
131 1226
131 1227
131 1230
131 1232
131 1233
131 1234
131 1237
131 1240
131 1245
131 1246
131 1249
131 1250
131 1251
131 1252
131 1286
131 1288
131 1296
131 1318
131 1323
131 1355
131 1371
131 1372
131 1377
131 1399
131 1404
131 1429
131 1434
131 1438
131 1470
131 1471
131 1473
131 1480
131 1482
131 1483
131 1484
131 1495
131 1496
131 1497
131 1508
131 1509
131 1510
131 1511
131 1514
131 1519
131 1523
131 1524
131 1531
131 1532
131 1534
131 1536
131 1537
131 1538
131 1541
131 1543
131 1544
131 1547
131 1548
131 1571
131 1572
131 1574
131 1575
131 1580
131 1582
131 1583
131 1586
131 1587
131 1592
131 1593
131 1595
131 1601
131 1603
131 1609
131 1610
131 1611
131 1615
131 1620
131 1624
131 1625
131 1627
131 1632
131 1634
131 1639
131 1640
131 1646
131 1647
131 1648
131 1655
131 1656
131 1657
131 1658
131 1659
131 1660
131 1662
131 1663
131 1668
131 1669
131 1679
131 1681
131 1682
131 1687
131 1689
131 1691
131 1693
131 1694
131 1699
131 1702
131 1703
131 1707
131 1709
131 1712
131 1714
131 1715
131 1720
131 1721
131 1725
131 1726
131 1728
131 1732
131 1733
131 1736
131 1751
131 1754
131 1757
131 1758
131 1762
131 1766
131 1772
131 1773
131 1774
131 1777
131 1778
131 1784
131 1785
131 1786
131 1788
131 1789
131 1790
131 1791
131 1794
131 1795
131 1796
131 1801
131 1802
131 1803
131 1804
131 1807
131 1814
131 1815
131 1817
131 1823
131 1825
131 1826
131 1834
131 1842
131 1843
131 1846
131 1847
131 1849
131 1855
131 1856
131 1859
131 1860
131 1864
131 1865
131 1869
131 1871
131 1873
131 1874
131 1878
131 1881
131 1883
131 1887
131 1892
131 1893
131 1896
131 1897
131 1906
131 1907
131 1951
131 1972
131 2004
131 2050
131 2085
131 2090
131 2091
131 2093
131 2095
131 2097
131 2100
131 2104
131 2107
131 2109
131 2110
131 2118
131 2120
131 2128
131 2133
131 2136
131 2137
131 2138
131 2139
131 2141
131 2145
131 2147
131 2149
131 2150
131 2154
131 2158
131 2162
131 2167
131 2168
131 2171
131 2173
131 2175
131 2177
131 2179
131 2180
131 2181
131 2192
131 2193
131 2195
131 2196
131 2197
131 2198
131 2201
131 2203
131 2204
131 2205
131 2214
131 2219
131 2223
131 2224
131 2231
131 2234
131 2236
131 2242
131 2247
131 2248
131 2249
131 2251
131 2254
131 2258
131 2263
131 2264
131 2265
131 2269
131 2275
131 2280
131 2283
131 2288
131 2298
131 2299
131 2300
131 2303
131 2304
131 2305
131 2307
131 2315
131 2317
131 2321
131 2325
131 2326
131 2328
131 2330
131 2336
131 2340
131 2342
131 2343
131 2344
131 2345
131 2348
131 2349
131 2354
131 2361
131 2389
131 2430
131 2438
131 2445
131 2447
131 2452
131 2455
131 2456
131 2459
131 2462
131 2463
131 2468
131 2469
131 2480
131 2481
131 2484
131 2487
131 2489
131 2492
131 2493
131 2498
131 2504
131 2510
131 2511
131 2516
131 2518
131 2519
131 2522
131 2528
131 2529
131 2530
131 2534
131 2536
131 2545
131 2546
131 2556
131 2559
131 2560
131 2562
131 2564
131 2569
131 2570
131 2575
131 2576
131 2578
131 2595
131 2597
131 2598
131 2600
131 2603
131 2604
131 2605
131 2607
131 2610
131 2611
131 2614
131 2619
131 2621
131 2623
131 2628
131 2632
131 2634
131 2639
131 2640
131 2643
131 2644
131 2653
131 2711
131 2753
131 2777
131 2810
131 2840
131 2842
131 2846
131 2857
131 2862
131 2863
131 2869
131 2872
131 2877
131 2878
131 2887
131 2889
131 2890
131 2891
131 2893
131 2901
131 2903
131 2906
131 2908
131 2909
131 2912
131 2922
131 2924
131 2926
131 2928
131 2929
131 2930
131 2932
131 2935
131 2936
131 2938
131 2947
131 2948
131 2950
131 2955
131 2963
131 2964
131 2972
131 2975
131 2978
131 2979
131 2980
131 2985
131 2986
131 2988
131 2991
131 2997
131 2998
131 3001
131 3003
131 3004
131 3007
132 133
132 169
132 182
132 203
132 204
132 244
132 286
132 288
132 309
132 319
132 346
132 443
132 486
132 508
132 522
132 560
132 567
132 568
132 569
132 571
132 600
132 614
132 617
132 621
132 628
132 880
132 1287
132 1298
132 1309
132 1315
132 1316
132 1323
132 1333
132 1337
132 1367
132 1372
132 1377
132 1404
132 1412
132 1415
132 1430
132 1432
132 1436
132 1795
132 1901
132 1933
132 1955
132 1963
132 1979
132 1983
132 2000
132 2041
132 2076
132 2078
132 2659
132 2678
132 2689
132 2702
132 2714
132 2726
132 2729
132 2733
132 2755
132 2772
132 2778
132 2783
132 2793
132 2841
133 772
133 1049
133 1069
133 1163
133 1186
133 2364
133 2413
133 2419
135 1715
136 196
136 814
136 861
136 2579
137 150
137 624
139 243
140 328
141 231
141 328
141 706
142 312
142 388
143 213
143 218
144 706
145 288
146 598
146 2021
147 328
148 186
148 299
148 309
148 1038
148 1354
148 1784
148 1922
148 1969
150 564
155 387
155 1629
156 159
157 158
157 726
157 2216
158 159
158 1708
159 726
159 872
159 873
159 1499
159 1539
159 1665
159 1755
159 1760
159 2259
159 2320
159 2466
159 2550
159 2921
159 2970
160 872
160 2641
161 459
163 387
166 268
166 638
166 1628
166 1889
166 2954
169 170
169 179
169 180
169 181
169 318
169 319
169 621
169 1436
169 2035
171 312
172 312
173 312
174 312
175 255
175 364
176 255
177 178
177 587
177 598
177 1307
177 1370
177 1405
177 1453
177 1460
177 2035
177 2666
177 2685
178 578
178 1953
179 706
180 1322
181 448
181 598
182 319
183 2163
184 312
184 373
185 1231
186 286
186 372
186 706
187 1601
188 481
188 706
188 1062
188 1072
188 1135
188 1137
188 1138
188 1140
188 1154
188 1166
188 1175
188 1181
188 1186
188 1188
188 1189
188 1519
188 1842
188 2365
188 2367
188 2373
188 2374
188 2377
188 2395
188 2396
188 2405
188 2418
188 2424
188 2429
188 2432
189 190
190 424
190 665
190 706
190 744
190 745
190 879
190 1624
190 2178
190 2338
190 2884
190 2896
194 706
194 729
195 196
196 228
196 255
196 274
196 278
196 289
196 291
196 294
196 295
196 296
196 298
196 299
196 311
196 313
196 340
196 358
196 360
196 379
196 382
196 383
196 390
196 403
196 406
196 407
196 424
196 426
196 433
196 465
196 475
196 487
196 513
196 514
196 516
196 518
196 520
196 523
196 524
196 526
196 530
196 612
196 636
196 640
196 641
196 645
196 651
196 652
196 656
196 659
196 661
196 663
196 670
196 673
196 680
196 687
196 690
196 691
196 693
196 696
196 702
196 703
196 706
196 707
196 708
196 709
196 710
196 711
196 715
196 721
196 722
196 726
196 738
196 743
196 751
196 757
196 758
196 759
196 760
196 762
196 764
196 765
196 766
196 768
196 769
196 770
196 777
196 784
196 790
196 796
196 800
196 802
196 803
196 808
196 809
196 810
196 811
196 812
196 815
196 852
196 857
196 859
196 860
196 861
196 864
196 868
196 880
196 881
196 882
196 883
196 884
196 885
196 887
196 891
196 893
196 900
196 902
196 903
196 914
196 918
196 922
196 924
196 926
196 937
196 945
196 946
196 969
196 1016
196 1021
196 1027
196 1032
196 1036
196 1037
196 1042
196 1142
196 1199
196 1208
196 1209
196 1212
196 1217
196 1222
196 1227
196 1229
196 1236
196 1253
196 1388
196 1397
196 1467
196 1471
196 1473
196 1475
196 1477
196 1478
196 1480
196 1496
196 1500
196 1504
196 1510
196 1513
196 1515
196 1524
196 1535
196 1536
196 1542
196 1547
196 1548
196 1569
196 1570
196 1573
196 1577
196 1580
196 1585
196 1586
196 1587
196 1593
196 1601
196 1604
196 1609
196 1610
196 1613
196 1614
196 1616
196 1622
196 1629
196 1630
196 1631
196 1634
196 1639
196 1641
196 1646
196 1650
196 1666
196 1669
196 1670
196 1672
196 1673
196 1679
196 1683
196 1686
196 1687
196 1690
196 1692
196 1697
196 1700
196 1701
196 1706
196 1711
196 1715
196 1720
196 1723
196 1729
196 1733
196 1748
196 1752
196 1753
196 1765
196 1769
196 1770
196 1781
196 1783
196 1784
196 1786
196 1788
196 1790
196 1792
196 1793
196 1815
196 1834
196 1840
196 1842
196 1847
196 1849
196 1857
196 1862
196 1863
196 1871
196 1876
196 1888
196 2086
196 2088
196 2089
196 2095
196 2097
196 2107
196 2113
196 2119
196 2120
196 2124
196 2125
196 2131
196 2137
196 2140
196 2142
196 2152
196 2157
196 2162
196 2163
196 2165
196 2167
196 2181
196 2184
196 2191
196 2195
196 2211
196 2212
196 2213
196 2223
196 2225
196 2237
196 2238
196 2240
196 2243
196 2250
196 2256
196 2257
196 2260
196 2267
196 2297
196 2303
196 2311
196 2312
196 2313
196 2329
196 2347
196 2351
196 2357
196 2444
196 2453
196 2472
196 2477
196 2478
196 2483
196 2486
196 2487
196 2498
196 2502
196 2505
196 2541
196 2547
196 2568
196 2574
196 2576
196 2577
196 2578
196 2582
196 2602
196 2609
196 2613
196 2620
196 2625
196 2626
196 2642
196 2843
196 2858
196 2867
196 2869
196 2870
196 2886
196 2904
196 2910
196 2914
196 2915
196 2919
196 2920
196 2931
196 2933
196 2935
196 2937
196 2943
196 2946
196 2948
196 2960
196 2962
196 2975
196 2977
196 2983
196 2994
196 2995
196 3000
196 3001
197 286
197 706
197 2737
197 2780
198 279
199 706
201 286
201 299
201 371
201 598
201 1318
201 1373
201 1986
201 2667
202 1235
203 600
203 884
203 1304
203 1387
203 1964
204 206
204 580
204 2809
205 286
205 309
205 369
205 506
205 1354
205 1392
205 1396
205 1403
205 1842
205 1901
205 1961
205 1969
205 1998
205 2015
205 2734
205 2769
205 2781
206 285
206 464
206 529
206 559
206 706
206 1381
206 1395
206 1919
208 278
208 335
208 358
208 520
208 645
208 707
208 810
208 860
208 922
208 1032
208 1504
208 1607
208 1629
208 2005
209 286
209 309
209 1325
209 1354
209 2026
209 2757
210 1818
211 286
211 303
211 309
211 598
211 599
211 605
211 606
211 687
211 706
211 1318
211 1354
211 1393
211 2006
211 2420
211 2839
212 2163
213 255
213 260
213 772
214 255
214 856
215 255
215 262
215 784
215 979
215 1036
215 1471
216 247
216 255
216 273
216 352
216 755
216 854
216 2015
216 2969
217 255
217 259
217 262
217 287
217 480
217 740
217 742
217 979
217 1817
217 2104
218 247
218 255
218 480
218 2114
218 2495
218 2969
219 255
219 451
219 637
219 658
219 943
219 1028
219 1791
219 1884
219 2278
220 255
220 1710
220 2493
221 255
222 245
222 255
222 666
222 1051
223 255
223 421
224 255
224 376
224 525
224 548
224 643
224 2341
225 255
226 255
226 267
226 515
226 653
226 859
227 255
227 650
227 728
227 1282
227 1531
227 1777
229 288
230 892
230 1222
230 2087
230 2542
230 2564
230 2635
232 328
233 328
234 328
235 328
236 328
237 328
238 328
239 328
241 328
242 775
242 897
244 443
244 489
244 491
244 492
244 494
244 496
244 1288
246 882
248 255
249 255
250 255
250 363
251 255
251 2015
251 2674
252 706
253 255
254 255
255 256
255 257
255 258
255 264
255 265
255 266
255 269
255 270
255 271
255 278
255 363
255 424
255 706
255 922
257 283
257 1769
258 272
261 706
261 883
265 2720
268 706
268 1784
268 2216
275 1388
275 1920
276 288
277 279
278 299
278 358
278 390
278 424
278 426
278 478
278 487
278 520
278 537
278 612
278 636
278 700
278 706
278 810
278 868
278 874
278 880
278 885
278 915
278 922
278 948
278 949
278 965
278 980
278 1025
278 1105
278 1218
278 1298
278 1355
278 1471
278 1496
278 1574
278 1582
278 1595
278 1629
278 1637
278 1641
278 1662
278 1721
278 1804
278 2186
278 2215
278 2327
278 2450
278 2491
278 2525
278 2569
278 2875
278 2887
278 2973
279 443
279 501
279 557
279 593
279 629
280 2132
282 420
282 424
282 520
282 706
282 1318
282 1471
286 288
286 299
286 312
286 314
286 317
286 324
286 365
286 419
286 424
286 429
286 439
286 445
286 500
286 509
286 551
286 552
286 560
286 562
286 572
286 582
286 589
286 594
286 596
286 598
286 601
286 612
286 619
286 621
286 628
286 880
286 1287
286 1289
286 1296
286 1308
286 1311
286 1312
286 1322
286 1323
286 1327
286 1338
286 1355
286 1373
286 1408
286 1439
286 1446
286 1463
286 1464
286 1483
286 1496
286 1906
286 1908
286 1939
286 1940
286 1968
286 1972
286 1995
286 2012
286 2016
286 2029
286 2030
286 2046
286 2318
286 2658
286 2667
286 2674
286 2675
286 2682
286 2769
286 2802
288 299
288 384
288 443
288 501
288 564
288 571
288 573
288 592
288 593
288 598
288 1318
288 1361
288 1435
288 1436
288 1974
288 2032
288 2739
289 1212
290 2086
290 2132
290 2261
291 706
291 2645
292 312
292 466
293 687
293 897
294 1603
294 1714
294 1850
295 299
295 733
295 888
295 1516
295 1817
295 2291
295 2703
297 299
297 1567
298 748
299 314
299 377
299 390
299 443
299 509
299 542
299 624
299 706
299 718
299 724
299 875
300 1504
301 309
302 1710
303 706
303 922
304 443
304 566
307 734
309 355
309 419
309 432
309 466
309 504
309 511
309 580
309 595
309 617
309 630
309 634
309 1038
309 1246
309 1288
309 1296
309 1298
309 1315
309 1354
309 1355
309 1380
309 1394
309 1409
309 1413
309 1424
309 1443
309 1458
309 1459
309 1483
309 1982
309 1989
309 2073
309 2592
309 2771
310 443
310 1784
311 1476
311 1525
311 1596
311 1638
312 357
312 1950
312 1991
312 2067
312 2806
313 424
314 315
314 316
317 424
317 443
317 1318
317 2706
318 319
319 621
319 1308
319 1322
319 1384
320 2681
323 1950
323 2774
324 444
324 2065
325 706
326 706
328 339
328 341
328 342
328 343
328 434
328 450
328 452
328 479
328 698
328 816
328 817
328 818
328 819
328 820
328 821
328 822
328 823
328 824
328 825
328 826
328 827
328 828
328 829
328 830
328 831
328 832
328 833
328 834
328 835
328 836
328 837
328 838
328 839
328 840
328 841
328 842
328 843
328 844
328 845
328 846
328 847
328 848
328 849
328 850
328 851
328 898
328 928
328 929
328 930
328 931
328 932
328 933
328 999
328 1000
328 1001
328 1002
328 1003
328 1004
328 1005
328 1006
328 1007
328 1008
328 1009
328 1224
328 1255
328 1256
328 1257
328 1259
328 1260
328 1261
328 1262
328 1263
328 1264
328 1265
328 1266
328 1267
328 1268
328 1269
328 1270
328 1271
328 1272
328 1273
328 1274
328 1275
328 1276
328 1277
328 1278
328 1279
328 1280
328 1281
328 1283
328 1284
328 1557
328 1558
328 1559
328 1870
328 2793
330 706
330 2927
331 445
332 574
332 706
332 1288
332 1308
332 2021
334 349
334 423
334 555
334 608
334 625
334 631
334 1369
334 1942
334 1991
334 2836
336 706
336 2840
337 2086
338 2132
340 706
340 1687
340 2175
340 2995
344 1222
347 1063
348 706
349 1910
350 1715
351 763
353 1629
354 884
355 504
356 706
356 1782
358 390
358 424
358 431
358 482
358 515
358 536
358 651
358 693
358 706
358 784
358 859
358 955
358 969
358 1228
358 1244
358 1288
358 1587
358 1589
358 1667
358 1758
358 1761
358 1776
358 1833
358 1875
358 2094
358 2148
358 2230
358 2286
358 2443
358 2454
358 2501
358 2644
358 2849
358 2856
358 2901
358 2925
358 2933
358 2949
358 2963
358 3003
359 706
359 1160
359 1519
359 1784
360 706
360 1211
360 2533
361 2508
362 708
362 2616
364 1991
365 1299
366 606
368 556
370 485
370 565
370 576
370 609
370 610
370 1337
370 1437
370 1929
370 2011
370 2727
370 2751
370 2777
375 595
376 465
378 464
379 706
380 420
381 635
381 706
383 1727
384 620
385 540
385 544
385 547
385 1471
385 2151
386 2206
387 459
387 461
387 706
387 776
387 996
387 1539
387 1784
387 1831
387 1832
387 1889
387 2259
387 2335
387 2356
387 2439
387 2466
387 2615
387 2853
387 2855
387 2921
390 391
390 392
390 400
390 403
390 404
390 405
390 406
390 408
390 409
390 411
390 414
390 415
390 416
390 417
390 424
390 426
390 428
390 467
390 487
390 520
390 521
390 580
390 612
390 636
390 706
390 707
390 774
390 810
390 861
390 868
390 874
390 880
390 885
390 915
390 920
390 988
390 1020
390 1032
390 1045
390 1088
390 1089
390 1090
390 1091
390 1092
390 1093
390 1094
390 1095
390 1098
390 1099
390 1100
390 1102
390 1103
390 1104
390 1106
390 1108
390 1110
390 1111
390 1112
390 1113
390 1114
390 1118
390 1119
390 1120
390 1122
390 1126
390 1127
390 1128
390 1129
390 1130
390 1133
390 1160
390 1162
390 1218
390 1296
390 1325
390 1355
390 1483
390 1496
390 1504
390 1574
390 1607
390 1641
390 1654
390 1790
390 2094
390 2326
390 2381
390 2382
390 2384
390 2390
390 2391
390 2422
391 518
392 393
392 394
392 395
392 396
392 398
392 399
392 401
392 406
392 410
392 418
392 518
392 706
392 1101
393 403
393 518
394 518
395 518
396 518
397 518
397 668
397 678
398 413
398 518
399 518
400 706
400 1105
400 1112
400 2383
401 403
402 1128
403 406
403 412
403 518
403 686
403 694
403 1131
404 406
404 411
404 1097
404 1100
404 1105
404 1106
404 1115
404 1185
404 2386
404 2593
406 408
406 409
406 411
406 414
406 417
406 419
406 428
406 521
406 706
406 783
406 994
406 1089
406 1090
406 1094
406 1098
406 1104
406 1108
406 1110
406 1111
406 1112
406 1128
406 1133
406 1162
406 2368
406 2381
406 2382
406 2393
407 518
408 882
409 1096
410 518
411 706
411 1104
411 1117
411 1122
411 1128
411 2381
411 2383
411 2387
411 2392
417 1160
419 706
419 1322
419 1354
422 1314
424 426
424 465
424 520
424 524
424 535
424 580
424 586
424 603
424 612
424 636
424 663
424 687
424 695
424 700
424 706
424 732
424 788
424 810
424 860
424 864
424 868
424 874
424 880
424 885
424 904
424 915
424 921
424 922
424 972
424 988
424 997
424 1025
424 1027
424 1032
424 1206
424 1209
424 1214
424 1218
424 1228
424 1230
424 1288
424 1296
424 1298
424 1313
424 1315
424 1316
424 1320
424 1417
424 1439
424 1471
424 1483
424 1496
424 1504
424 1549
424 1566
424 1569
424 1581
424 1601
424 1625
424 1629
424 1641
424 1647
424 1649
424 1663
424 1675
424 1690
424 1692
424 1714
424 1749
424 1780
424 1790
424 1794
424 1795
424 1804
424 1868
424 1891
424 1978
424 1989
424 1997
424 2005
424 2016
424 2030
424 2082
424 2104
424 2116
424 2141
424 2180
424 2181
424 2188
424 2202
424 2232
424 2270
424 2271
424 2272
424 2273
424 2274
424 2275
424 2439
424 2451
424 2473
424 2488
424 2492
424 2496
424 2504
424 2528
424 2535
424 2562
424 2585
424 2601
424 2629
424 2634
424 2637
424 2643
424 2651
424 2734
424 2775
424 2806
424 2847
424 2857
424 2869
424 2884
424 2898
424 2912
424 2920
424 2925
424 2930
424 2967
424 2972
424 2974
424 2985
424 2986
424 3010
424 3011
425 734
425 1011
425 1818
426 520
426 706
426 1318
426 1424
426 1644
426 1864
426 2099
426 2187
426 2438
426 3008
427 670
430 882
431 1467
433 655
435 510
435 563
435 577
435 706
435 1402
435 1914
435 1931
435 1934
435 2765
435 2779
435 2838
437 512
438 1287
438 2043
438 2191
438 2655
438 2663
439 2840
440 1906
441 1343
441 1906
442 1903
442 1919
443 498
443 578
443 598
443 1318
446 883
446 1986
448 706
448 883
448 1322
449 1287
455 464
457 706
458 459
459 460
459 462
459 463
464 1310
464 1359
465 466
465 467
465 532
465 706
465 810
465 1197
465 1219
465 1318
465 1486
465 1487
465 1488
465 1489
465 1490
465 1491
465 1492
465 1642
465 1643
465 1739
465 1740
465 1741
465 1743
465 1744
465 1745
465 1746
465 1747
465 2506
465 2507
465 2508
465 2509
465 2588
465 2589
465 2590
466 626
466 1354
466 1954
466 1966
466 1994
466 2677
467 1057
467 1066
467 1081
467 1179
468 1197
469 1148
470 1606
471 915
472 726
473 642
473 1160
474 706
476 521
476 1519
481 1137
481 1183
481 1186
481 1189
481 2379
481 2414
481 2415
481 2419
481 2428
482 2051
483 1061
485 1784
485 2042
487 520
487 706
487 1247
487 1318
487 1518
487 1534
487 2349
487 2483
488 489
489 490
492 493
494 495
496 497
499 588
499 629
499 2017
499 2751
500 1919
501 571
502 880
502 1406
502 1418
502 1784
502 1904
502 1931
502 2047
502 2079
502 2751
502 2770
502 2784
502 2803
503 504
503 1308
504 634
504 729
504 1288
504 1308
504 1354
504 1368
504 1415
504 1448
504 1465
504 1466
504 1899
504 1998
504 2057
504 2318
504 2592
504 2694
504 2710
504 2763
505 884
505 1391
505 2707
507 599
508 580
508 1329
508 2015
509 880
509 1386
509 1970
509 2005
509 2656
512 611
512 612
512 615
512 629
512 1334
513 706
514 719
514 810
514 1504
517 520
518 804
518 1132
518 1471
519 706
520 522
520 541
520 580
520 612
520 636
520 640
520 663
520 700
520 704
520 706
520 717
520 748
520 753
520 756
520 774
520 786
520 805
520 810
520 860
520 861
520 864
520 865
520 868
520 874
520 880
520 885
520 899
520 915
520 934
520 971
520 988
520 1020
520 1025
520 1027
520 1032
520 1105
520 1208
520 1209
520 1218
520 1246
520 1288
520 1296
520 1298
520 1318
520 1323
520 1355
520 1377
520 1467
520 1471
520 1483
520 1496
520 1503
520 1504
520 1549
520 1556
520 1574
520 1584
520 1601
520 1607
520 1618
520 1629
520 1637
520 1641
520 1654
520 1663
520 1669
520 1675
520 1677
520 1704
520 1714
520 1790
520 1794
520 1804
520 1845
520 1860
520 1902
520 1946
520 2005
520 2094
520 2144
520 2165
520 2206
520 2326
520 2422
520 2467
520 2521
520 2572
520 2674
520 2850
520 2871
521 942
521 1093
521 1106
521 1107
521 1117
521 1121
521 1127
521 1130
521 1842
521 2385
522 1354
522 2760
523 706
524 706
524 1538
527 635
528 706
529 1425
530 1794
531 1209
533 706
534 706
536 922
537 1504
540 550
542 706
545 2440
546 687
548 706
548 1495
549 687
549 1794
552 579
552 880
552 1316
552 1339
552 1388
552 1915
552 1955
552 1983
552 1984
552 1985
552 2697
552 2735
552 2736
552 2761
552 2783
552 2827
553 1414
553 2022
553 2035
553 2745
553 2765
556 1288
560 1906
561 1345
567 2673
568 884
568 1977
569 1297
569 1429
569 2683
570 1324
571 1318
572 2059
573 2801
575 577
575 584
575 2020
575 2038
575 2041
575 2654
575 2699
577 1442
577 1935
577 2041
577 2061
578 584
579 603
579 1316
580 949
580 1030
580 1309
580 1330
580 1333
580 1354
580 1408
580 1427
580 1466
580 1784
580 1901
580 1924
580 1979
580 2000
580 2015
580 2050
580 2076
580 2690
580 2746
580 2749
581 1978
581 1979
582 687
582 810
583 2010
584 2041
585 633
585 880
585 1012
587 1322
587 2661
589 2054
590 1379
590 1906
590 2034
590 2721
591 633
591 2075
595 1354
595 2812
596 1452
596 1926
596 1949
597 706
597 1412
597 2031
598 600
598 601
598 602
598 603
598 604
598 633
598 1288
598 1358
598 1412
598 1450
598 1918
598 1919
598 1922
598 2012
598 2035
598 2081
598 2724
599 1291
599 1423
599 1999
600 601
600 607
600 1292
600 1300
600 1367
600 1387
600 1400
600 1923
600 1962
600 2678
601 1294
601 1306
601 1329
601 1958
601 1960
601 1993
601 1996
601 2033
601 2686
601 2728
601 2742
601 2764
601 2788
602 1356
602 2035
602 2040
602 2661
602 2708
602 2723
603 1438
603 1915
603 2014
603 2035
603 2080
603 2731
604 1330
604 1462
604 1979
605 606
605 1456
605 1941
606 2002
606 2053
607 1923
609 629
609 1422
610 1422
610 2056
610 2719
610 2789
612 1354
612 1369
612 2375
612 2657
612 2730
612 2807
613 1314
614 633
614 2077
616 2688
616 2718
617 1354
617 1946
617 1956
617 2716
619 2059
621 1322
621 1431
621 2081
622 1949
622 1958
623 1422
624 880
624 1288
624 1965
626 2019
626 2060
626 2790
627 884
627 2001
627 2057
627 2808
629 654
629 1336
629 1366
629 1376
629 1410
629 1421
629 1422
629 2048
630 1354
630 1704
633 1407
633 1977
633 2021
633 2672
633 2687
635 2086
636 706
636 810
636 1467
636 1484
636 1824
636 2442
636 2649
639 1469
640 706
640 1686
642 737
644 1471
644 1504
646 687
646 706
647 706
648 706
650 2647
651 908
651 1213
651 1507
651 1577
651 1597
651 1905
651 2115
651 2127
651 2174
651 2496
651 2512
652 687
656 706
657 1471
657 1504
661 706
661 2873
662 706
663 706
663 1318
664 2429
668 1131
670 692
670 706
672 950
672 1528
672 1605
677 706
679 882
679 2132
679 2369
679 2371
680 706
680 1504
680 1734
680 1810
680 2543
681 706
681 1747
681 2589
681 2590
683 684
685 734
687 706
687 864
687 921
687 1038
687 1063
687 1209
687 1298
687 1318
687 1330
687 1427
687 1466
687 1469
687 1530
687 1549
687 1584
687 1663
687 1676
687 1677
687 1703
687 1719
687 1902
687 1937
687 1976
687 2133
687 2435
687 2538
687 2549
687 2856
687 2891
688 706
689 872
690 706
691 1601
691 2966
693 706
693 1198
693 2510
696 2175
700 810
700 1010
700 1318
700 1641
700 2102
701 882
701 2281
702 706
702 1648
702 1794
704 810
705 706
705 771
705 794
705 882
705 890
705 896
705 1083
705 1146
705 1156
705 2398
705 2427
706 707
706 708
706 710
706 712
706 716
706 719
706 725
706 730
706 743
706 747
706 749
706 753
706 754
706 757
706 760
706 772
706 773
706 775
706 777
706 778
706 783
706 785
706 788
706 789
706 795
706 800
706 802
706 803
706 810
706 858
706 859
706 860
706 861
706 862
706 863
706 864
706 866
706 868
706 874
706 877
706 885
706 886
706 889
706 893
706 894
706 900
706 903
706 904
706 912
706 914
706 915
706 916
706 917
706 922
706 925
706 926
706 927
706 936
706 940
706 946
706 952
706 956
706 957
706 958
706 959
706 960
706 961
706 962
706 963
706 964
706 967
706 968
706 976
706 979
706 980
706 985
706 986
706 988
706 991
706 994
706 1016
706 1017
706 1021
706 1025
706 1027
706 1032
706 1034
706 1035
706 1036
706 1041
706 1043
706 1046
706 1063
706 1074
706 1084
706 1086
706 1087
706 1089
706 1093
706 1102
706 1105
706 1125
706 1134
706 1139
706 1147
706 1148
706 1151
706 1152
706 1155
706 1158
706 1167
706 1168
706 1171
706 1176
706 1177
706 1191
706 1197
706 1199
706 1201
706 1204
706 1208
706 1213
706 1218
706 1222
706 1225
706 1226
706 1231
706 1234
706 1240
706 1241
706 1242
706 1254
706 1293
706 1296
706 1299
706 1308
706 1321
706 1328
706 1358
706 1369
706 1401
706 1412
706 1445
706 1450
706 1454
706 1471
706 1473
706 1474
706 1475
706 1481
706 1496
706 1504
706 1505
706 1513
706 1524
706 1526
706 1527
706 1536
706 1545
706 1546
706 1548
706 1549
706 1552
706 1554
706 1555
706 1567
706 1569
706 1573
706 1579
706 1581
706 1585
706 1586
706 1589
706 1593
706 1594
706 1600
706 1601
706 1606
706 1608
706 1609
706 1611
706 1612
706 1613
706 1616
706 1620
706 1621
706 1623
706 1627
706 1629
706 1635
706 1639
706 1641
706 1648
706 1651
706 1657
706 1667
706 1668
706 1671
706 1674
706 1678
706 1684
706 1688
706 1692
706 1695
706 1696
706 1698
706 1701
706 1702
706 1708
706 1711
706 1715
706 1716
706 1721
706 1722
706 1724
706 1725
706 1727
706 1730
706 1736
706 1749
706 1751
706 1752
706 1763
706 1767
706 1771
706 1778
706 1779
706 1783
706 1784
706 1786
706 1787
706 1789
706 1790
706 1794
706 1796
706 1797
706 1800
706 1804
706 1805
706 1807
706 1808
706 1816
706 1817
706 1818
706 1820
706 1822
706 1825
706 1827
706 1828
706 1829
706 1830
706 1835
706 1839
706 1842
706 1843
706 1847
706 1849
706 1852
706 1853
706 1855
706 1857
706 1858
706 1859
706 1861
706 1863
706 1867
706 1872
706 1885
706 1892
706 1894
706 1895
706 1934
706 1943
706 1958
706 1972
706 1980
706 1995
706 2010
706 2021
706 2024
706 2054
706 2076
706 2088
706 2090
706 2097
706 2098
706 2099
706 2101
706 2106
706 2108
706 2111
706 2119
706 2120
706 2121
706 2129
706 2137
706 2142
706 2153
706 2157
706 2161
706 2162
706 2166
706 2173
706 2176
706 2177
706 2178
706 2183
706 2186
706 2189
706 2196
706 2198
706 2200
706 2205
706 2207
706 2210
706 2211
706 2212
706 2219
706 2223
706 2225
706 2228
706 2230
706 2236
706 2239
706 2243
706 2245
706 2246
706 2250
706 2252
706 2255
706 2266
706 2277
706 2279
706 2284
706 2286
706 2287
706 2290
706 2301
706 2312
706 2313
706 2322
706 2329
706 2330
706 2350
706 2353
706 2357
706 2370
706 2434
706 2436
706 2437
706 2440
706 2441
706 2444
706 2449
706 2450
706 2454
706 2457
706 2459
706 2461
706 2464
706 2474
706 2482
706 2486
706 2489
706 2499
706 2501
706 2520
706 2526
706 2544
706 2554
706 2555
706 2556
706 2568
706 2578
706 2582
706 2584
706 2594
706 2595
706 2597
706 2598
706 2602
706 2610
706 2618
706 2625
706 2626
706 2638
706 2640
706 2653
706 2680
706 2682
706 2751
706 2845
706 2848
706 2860
706 2868
706 2869
706 2875
706 2876
706 2878
706 2880
706 2883
706 2889
706 2902
706 2913
706 2917
706 2918
706 2919
706 2922
706 2926
706 2940
706 2942
706 2943
706 2947
706 2951
706 2956
706 2964
706 2967
706 2980
706 2999
706 3005
706 3008
706 3009
708 1209
708 2233
709 2251
712 2120
713 714
713 780
713 978
713 1254
713 3006
714 781
714 1231
715 1474
717 748
723 734
726 907
726 1014
726 1499
726 1533
726 1708
726 1755
726 1832
726 2262
726 2282
726 2316
726 2320
726 2460
726 2497
726 2970
727 2170
727 2220
729 882
729 2402
731 1358
734 1818
734 2571
735 1710
736 737
736 1065
737 874
737 911
737 1044
737 1050
737 1063
737 2417
738 815
739 1471
739 2296
742 1708
744 1606
748 923
748 934
748 1043
748 2333
753 810
753 922
753 1607
753 1846
753 2092
759 1654
759 1790
761 937
762 1285
763 884
763 1719
763 2132
763 2885
764 945
764 1498
765 1815
767 896
772 2363
773 2260
774 810
775 1590
777 1459
778 2623
779 2142
782 890
783 1084
783 1085
783 1142
783 1149
783 1163
783 1169
783 1170
783 1576
783 2397
783 2398
783 2399
783 2400
783 2401
784 1471
784 2448
784 2893
785 1732
787 1715
790 1332
790 1587
790 2071
790 2207
790 2837
793 2216
797 869
797 2578
797 2881
798 2578
799 870
801 922
802 1220
802 2535
805 2292
805 2572
806 1054
806 2362
807 1504
810 814
810 815
810 876
810 880
810 922
810 988
810 1010
810 1025
810 1032
810 1318
810 1467
810 1471
810 1601
810 1607
810 1629
810 1646
810 1654
810 1663
810 1669
810 1675
810 1768
810 1794
810 1845
810 1879
810 2094
810 2109
810 2206
810 2229
810 2521
810 2555
810 2624
810 2642
810 2646
810 2674
815 1838
815 2561
853 2578
855 922
856 1710
857 2314
860 1318
861 862
861 871
861 1318
861 1510
861 1841
861 2235
861 2240
861 2453
861 2525
861 2529
861 2906
864 1209
864 1288
864 3006
868 1318
868 1718
868 1883
868 2122
868 2135
868 2209
868 2217
868 2218
868 2237
868 2565
868 2566
868 2616
868 2617
868 2945
872 2356
874 1318
874 1504
874 1805
874 2096
874 2882
874 2998
876 1086
876 1160
876 1169
876 1170
876 2397
876 2399
879 1231
880 881
880 882
880 883
880 884
880 970
880 1056
880 1058
880 1067
880 1069
880 1128
880 1182
880 1190
880 1246
880 1354
880 1357
880 1386
880 1419
880 1431
880 1636
880 1819
880 1948
880 1949
880 1998
880 2027
880 2044
880 2059
880 2075
880 2222
880 2238
880 2433
880 2465
880 2523
880 2548
880 2551
880 2592
880 2707
880 2717
880 2775
880 2841
881 2636
881 2923
882 903
882 953
882 1023
882 1072
882 1105
882 1120
882 1125
882 1147
882 1150
882 1152
882 1155
882 1164
882 1177
882 1710
882 1819
882 1880
882 2294
882 2362
882 2369
882 2376
882 2378
882 2394
882 2553
883 936
883 1197
883 1293
883 1455
883 1550
883 1764
883 1819
883 1837
883 1851
883 1903
883 1980
883 2046
883 2054
883 2279
883 2421
883 2580
883 2676
883 2768
884 936
884 1388
884 1420
884 1512
884 1754
884 1764
884 1787
884 1819
884 1933
884 2036
884 2190
884 2221
884 2490
884 2580
884 2768
884 2918
885 1318
885 1681
885 1785
885 2516
885 2539
886 2142
890 896
895 1066
895 1070
895 1079
895 1318
895 1790
896 2403
901 1231
902 1196
903 1184
903 1519
908 2790
909 922
910 1859
912 1473
912 2310
913 1514
915 1458
915 2916
919 2633
920 1105
920 2375
922 926
922 939
922 945
922 947
922 988
922 1020
922 1025
922 1042
922 1167
922 1193
922 1204
922 1215
922 1249
922 1318
922 1371
922 1413
922 1433
922 1484
922 1485
922 1493
922 1494
922 1515
922 1518
922 1540
922 1543
922 1583
922 1654
922 1704
922 1718
922 1722
922 1732
922 1738
922 1749
922 1776
922 1794
922 1824
922 1854
922 1858
922 1873
922 2093
922 2106
922 2133
922 2158
922 2167
922 2227
922 2265
922 2268
922 2291
922 2306
922 2352
922 2454
922 2532
922 2586
922 2612
922 2650
922 2692
922 2756
922 2851
922 2905
922 2968
922 2996
924 1192
925 1631
934 1737
936 1544
936 1784
936 1836
936 2276
936 2319
936 2337
936 2941
937 1209
938 2920
941 1471
942 1112
946 1220
946 2920
947 2297
950 1197
950 2279
953 1784
967 1504
970 1053
970 1064
970 1243
974 1471
974 1504
977 1016
981 1473
983 2279
984 1718
986 2431
987 1160
988 1561
988 1848
992 1741
992 1742
996 2356
997 1504
1010 2266
1012 1917
1012 1957
1012 1985
1012 2072
1012 2687
1012 2697
1012 2712
1012 2729
1012 2735
1012 2736
1012 2761
1012 2797
1014 1708
1016 2586
1017 2380
1017 2412
1020 1471
1021 1498
1021 1598
1021 1856
1021 2126
1021 2146
1021 2204
1021 2234
1022 1835
1025 1799
1027 1318
1027 1668
1029 1504
1032 1318
1032 1601
1032 1720
1032 1882
1032 2199
1033 1074
1038 1354
1038 1433
1046 1063
1046 2417
1047 1063
1048 1063
1049 1063
1052 1784
1055 1152
1056 1063
1059 1160
1059 2363
1060 1067
1061 1073
1061 1179
1061 1519
1063 1065
1063 1068
1063 1069
1063 1071
1063 1075
1063 1076
1063 1077
1063 1144
1063 1145
1063 1150
1063 1151
1063 1159
1063 1160
1063 2368
1063 2371
1063 2416
1074 1160
1074 1161
1074 1180
1074 2362
1074 2425
1074 2426
1078 2363
1080 1156
1081 1164
1082 1190
1089 1123
1091 1105
1092 1105
1094 1124
1095 1109
1095 1125
1095 1160
1099 1105
1102 1160
1103 1128
1105 1119
1105 1124
1105 2382
1105 2390
1109 1129
1116 1128
1118 1120
1122 2388
1125 1128
1128 2386
1128 2387
1130 2382
1135 1182
1136 2364
1140 1519
1140 2395
1140 2422
1141 1182
1143 1163
1148 1784
1148 1986
1151 1496
1152 1174
1152 1178
1152 1187
1153 1155
1153 2362
1155 1157
1155 2372
1156 2400
1158 1784
1160 2389
1161 1784
1163 1165
1164 1165
1164 2132
1164 2370
1168 1519
1168 2394
1172 1519
1173 2364
1180 1784
1182 2405
1182 2422
1194 2018
1197 1207
1197 1472
1197 1502
1197 2132
1197 2302
1197 2339
1197 2514
1197 2591
1197 2953
1197 2992
1197 2993
1197 3002
1203 1601
1205 1794
1205 2871
1207 2279
1209 1218
1209 1318
1209 1583
1209 1782
1209 2455
1209 2537
1211 1498
1218 1318
1218 1416
1219 1601
1222 2253
1222 2468
1222 2470
1222 2542
1222 2564
1223 1504
1226 2102
1229 1473
1229 1705
1237 1756
1238 2132
1239 2132
1240 1715
1241 2573
1246 1354
1247 1473
1247 1504
1247 2567
1253 1794
1254 2944
1258 1279
1287 1288
1287 1365
1287 1428
1287 1457
1287 1461
1287 1900
1287 1910
1287 1973
1287 1990
1287 2013
1287 2037
1287 2052
1287 2698
1287 2704
1287 2738
1288 1318
1288 1354
1288 1415
1288 1663
1288 1842
1288 1902
1288 1946
1288 1956
1288 2670
1290 2038
1290 2069
1292 1948
1294 1311
1295 1310
1296 1354
1296 1419
1296 2050
1296 2208
1297 1385
1298 1354
1298 2714
1301 1369
1302 1906
1303 1906
1304 1923
1305 1906
1306 1949
1308 1314
1308 1370
1308 1911
1308 1912
1308 1918
1308 1922
1308 1923
1308 1924
1308 1925
1308 1926
1308 1927
1308 1928
1308 1995
1308 2057
1308 2812
1308 2813
1311 2059
1311 2067
1311 2792
1313 2065
1314 1362
1314 1921
1314 1971
1314 2055
1314 2696
1314 2715
1315 1354
1315 1937
1315 1969
1315 2740
1317 1318
1317 1394
1317 1441
1317 2057
1318 1323
1318 1354
1318 1373
1318 1377
1318 1382
1318 1394
1318 1412
1318 1451
1318 1471
1318 1504
1318 1549
1318 1584
1318 1587
1318 1641
1318 1649
1318 1675
1318 1677
1318 1685
1318 1714
1318 1790
1318 1804
1318 1860
1318 1902
1318 2078
1318 2458
1318 2521
1318 2658
1318 2667
1318 2700
1318 2871
1319 1394
1320 1936
1320 2038
1320 2068
1320 2664
1320 2699
1320 2754
1321 1784
1322 1436
1322 1453
1323 2671
1325 1331
1326 2059
1333 1403
1333 2821
1335 1995
1335 2708
1337 2835
1339 1928
1340 1343
1340 1346
1340 1348
1340 1349
1340 1350
1341 1347
1342 1353
1344 1345
1351 1352
1354 1355
1354 1394
1354 1409
1354 1413
1354 1424
1354 1446
1354 1448
1354 1458
1354 1483
1354 1575
1354 1969
1354 1972
1354 1989
1354 2005
1354 2197
1354 2675
1354 2700
1354 2710
1355 1947
1355 2662
1356 2044
1360 1422
1363 1422
1368 1394
1369 1385
1369 1390
1369 1411
1369 1440
1369 1952
1369 2713
1369 2722
1369 2741
1369 2758
1369 2794
1369 2799
1369 2808
1370 1453
1370 1945
1370 2668
1373 1374
1377 2695
1378 1934
1379 1923
1379 1948
1380 1419
1382 1989
1383 1986
1386 2002
1387 1663
1387 2705
1387 2804
1389 1906
1394 1451
1397 1784
1397 2738
1398 1986
1398 2798
1399 2045
1403 1924
1403 1932
1403 2665
1407 1911
1409 1415
1409 1496
1409 1982
1409 2786
1409 2820
1412 1685
1412 1912
1412 2667
1417 2001
1417 2836
1422 1913
1422 2748
1422 2782
1422 2791
1422 2824
1422 2826
1422 2832
1422 2834
1424 2058
1426 1904
1429 1967
1431 2668
1431 2695
1434 1457
1438 1984
1443 2772
1444 1989
1445 2074
1448 1784
1448 1955
1448 1987
1449 1906
1454 1784
1454 1944
1454 1997
1454 2691
1454 2766
1455 1925
1460 1969
1460 1988
1460 2080
1460 2081
1460 2132
1463 2046
1465 1663
1467 2479
1467 2547
1467 2866
1467 2957
1468 1784
1469 2156
1470 2578
1471 1506
1471 1612
1471 1645
1471 1652
1471 1653
1471 1675
1471 1717
1471 1728
1471 1738
1471 1750
1471 1756
1471 1813
1471 1844
1471 1856
1471 1946
1471 2160
1471 2216
1471 2253
1471 2476
1471 2859
1471 2907
1472 2279
1473 1505
1473 1529
1473 1602
1473 1637
1473 1825
1473 1833
1473 2152
1473 2329
1473 2892
1473 2937
1473 2958
1474 1663
1474 1775
1474 2606
1478 1715
1481 1496
1481 2540
1483 1790
1484 1485
1484 1486
1485 1486
1485 1489
1485 2096
1485 2959
1485 2971
1485 2984
1486 1664
1486 2861
1489 2989
1496 1541
1496 1584
1496 1673
1496 1780
1496 1879
1496 1890
1496 2028
1496 2030
1496 2156
1496 2226
1496 2309
1496 2364
1496 2435
1496 2585
1496 2599
1496 2709
1496 2749
1496 2792
1496 2847
1496 2864
1496 2973
1504 1545
1504 1551
1504 1570
1504 1601
1504 1705
1504 1769
1504 1799
1504 1881
1504 2112
1504 2174
1504 2176
1504 2193
1504 2194
1504 2277
1504 2301
1504 2314
1504 2323
1504 2443
1504 2476
1504 2480
1504 2621
1504 2648
1504 2845
1504 2852
1504 2854
1504 2873
1504 2892
1507 2325
1512 1514
1514 1588
1514 1591
1514 1633
1514 2359
1514 2608
1514 2916
1514 2961
1518 1522
1519 1880
1519 2132
1519 2363
1520 2132
1523 1683
1523 2087
1529 1705
1532 2324
1534 1715
1540 2251
1543 1697
1554 2235
1564 2217
1572 1818
1573 2494
1574 1641
1578 1579
1584 2871
1587 1668
1587 2213
1587 2537
1588 1636
1593 2103
1601 1642
1601 1643
1601 1734
1601 1739
1601 1740
1601 1741
1601 1742
1601 1743
1601 1744
1601 1745
1601 1746
1601 1747
1601 2083
1601 2084
1601 2358
1601 2506
1601 2507
1601 2508
1601 2509
1601 2587
1601 2588
1601 2589
1601 2590
1601 2872
1601 2900
1614 2242
1616 1663
1616 2220
1619 1715
1620 1784
1629 2842
1633 1636
1636 2134
1636 2359
1637 2533
1641 2700
1648 2581
1654 2117
1661 1663
1663 1731
1663 1871
1663 1902
1663 2112
1663 2312
1677 2422
1680 2132
1689 1779
1695 2523
1697 2461
1704 2555
1705 2152
1708 1792
1708 2316
1708 2500
1708 2954
1709 2290
1710 1713
1710 1812
1710 2143
1710 2182
1710 2934
1710 2952
1715 1770
1715 1854
1715 1875
1715 2093
1715 2250
1715 2346
1715 2441
1715 2446
1715 2454
1715 2532
1715 2650
1715 2854
1715 2858
1715 2912
1715 2950
1715 2996
1726 1886
1728 2332
1732 1798
1732 1809
1732 2279
1735 1794
1744 2895
1749 2115
1749 2481
1755 2355
1756 2225
1769 2555
1776 2300
1784 1787
1784 1903
1784 1916
1784 1938
1784 1986
1784 1992
1784 2024
1784 2038
1784 2042
1784 2363
1784 2404
1784 2421
1784 2426
1784 2524
1784 2583
1784 2675
1784 2710
1784 2725
1784 2752
1784 2759
1784 2801
1784 2807
1784 2819
1784 2822
1784 2848
1784 2864
1784 2897
1787 1809
1790 1845
1790 2005
1790 2094
1790 2326
1790 2622
1790 2871
1792 2259
1792 2466
1794 1801
1794 2113
1794 2168
1794 2341
1804 2132
1808 2454
1811 2215
1818 1866
1818 2105
1818 2169
1818 2185
1818 2241
1818 2351
1818 2557
1835 2170
1838 2577
1842 2894
1845 2244
1851 1986
1879 2888
1899 1989
1902 1989
1903 2717
1906 1907
1906 1962
1906 1964
1906 1986
1906 2066
1906 2705
1906 2817
1909 2006
1918 1919
1918 1921
1918 1991
1919 1921
1919 1922
1919 2819
1920 1922
1923 1930
1923 2673
1923 2743
1923 2804
1924 1932
1924 2003
1924 2657
1924 2674
1924 2734
1924 2781
1924 2796
1924 2805
1924 2823
1924 2828
1925 2040
1925 2825
1926 1958
1927 2844
1928 2760
1929 2051
1943 1986
1949 1960
1949 1981
1949 1993
1949 2072
1949 2659
1949 2684
1949 2742
1951 2065
1954 1975
1956 2716
1956 2744
1956 2795
1958 1996
1959 2057
1959 2693
1959 2838
1963 2785
1969 2132
1969 2725
1972 2815
1977 2021
1978 1979
1978 2776
1979 2000
1980 2773
1986 2279
1986 2679
1986 2811
1989 2039
1989 2555
1989 2662
1989 2694
1989 2732
1989 2787
2005 2763
2006 2023
2007 2132
2008 2815
2009 2059
2010 2780
2015 2062
2018 2663
2025 2810
2029 2059
2035 2081
2035 2724
2036 2660
2036 2669
2036 2737
2038 2750
2041 2061
2044 2825
2045 2701
2045 2707
2046 2677
2049 2051
2051 2751
2056 2064
2057 2831
2059 2690
2070 2657
2075 2672
2079 2703
2086 2132
2093 2352
2094 2172
2103 2104
2104 2541
2104 2552
2104 2629
2104 2631
2120 2216
2120 2234
2120 2475
2124 2216
2129 2521
2131 2521
2132 2323
2132 2609
2132 2627
2132 2910
2135 2865
2135 2939
2142 2266
2152 2911
2162 2579
2163 2899
2163 2976
2215 2300
2244 2308
2244 2467
2251 2257
2251 2476
2251 2561
2251 2896
2268 2874
2279 2527
2285 2337
2286 2982
2325 2555
2358 2965
2364 2366
2364 2406
2364 2407
2364 2408
2364 2409
2364 2410
2364 2411
2382 2392
2418 2419
2419 2423
2436 2521
2449 2521
2514 2879
2518 2994
2657 2665
2664 2818
2679 2829
2682 2816
2702 2775
2703 2747
2703 2830
2712 2827
2734 2767
2734 2776
2751 2784
2751 2830
2762 2840
2775 2800
2781 2828
2810 2814
2831 2833
2871 2990
2940 2946
