3216 5705
1 2
1 3
1 15
1 16
1 17
1 23
1 24
1 25
1 30
1 31
1 35
1 41
1 46
1 47
1 54
1 55
1 58
1 62
1 67
1 68
1 85
1 89
1 113
1 120
1 121
1 134
1 138
1 197
1 200
1 212
1 260
1 284
1 310
1 317
1 336
1 361
1 366
1 409
1 443
1 460
1 473
1 484
1 527
1 530
1 546
1 587
1 607
1 667
1 669
1 680
1 682
1 684
1 691
1 705
1 711
1 713
1 737
1 754
1 757
1 758
1 762
1 771
1 777
1 794
1 796
1 798
1 818
1 822
1 863
1 884
1 906
1 915
1 928
1 972
1 973
1 979
1 1000
1 1023
1 1036
1 1038
1 1044
1 1045
1 1081
1 1166
1 1176
1 1207
1 1211
1 1212
1 1234
1 1259
1 1310
1 1331
1 1367
1 1387
1 1484
1 1492
1 1493
1 1508
1 1512
1 1514
1 1530
1 1532
1 1534
1 1536
1 1548
1 1566
1 1581
1 1614
1 1629
1 1630
1 1638
1 1660
1 1672
1 1681
1 1691
1 1736
1 1767
1 1778
1 1789
1 1790
1 1791
1 1812
1 1813
1 1819
1 1842
1 1843
1 1853
1 1858
1 1860
1 1887
1 1894
1 1895
1 1901
1 1916
1 1990
1 2056
1 2073
1 2112
1 2123
1 2138
1 2153
1 2154
1 2155
1 2157
1 2162
1 2182
1 2187
1 2211
1 2213
1 2216
1 2217
1 2223
1 2226
1 2233
1 2249
1 2256
1 2261
1 2272
1 2284
1 2294
1 2313
1 2316
1 2317
1 2320
1 2343
1 2356
1 2369
1 2371
1 2389
1 2491
1 2507
1 2508
1 2530
1 2531
1 2537
1 2545
1 2567
1 2576
1 2595
1 2606
1 2622
1 2623
1 2642
1 2659
1 2662
1 2669
1 2681
1 2691
1 2696
1 2710
1 2975
1 2985
1 2988
1 2991
1 3004
1 3006
1 3008
1 3025
1 3038
1 3078
1 3092
1 3100
1 3103
1 3104
1 3112
1 3129
1 3172
1 3196
4 151
4 713
5 48
5 1040
6 1247
7 124
7 2230
8 89
9 134
9 220
10 124
10 1297
10 1573
10 1576
10 2230
11 89
11 320
12 56
12 302
13 56
13 432
14 75
14 89
16 134
16 398
16 527
17 870
18 1512
19 56
19 89
19 193
19 194
19 1484
20 90
21 89
21 302
22 89
23 89
23 134
24 124
26 89
26 682
27 320
27 713
27 1685
28 56
28 3056
29 89
30 705
31 134
31 151
31 209
31 214
31 292
31 781
32 1421
33 129
33 872
34 395
35 432
36 43
37 134
37 200
37 1684
37 2251
37 3071
38 124
38 2230
39 194
40 43
40 89
40 284
41 134
41 200
42 200
42 397
42 462
42 478
42 713
42 2531
42 2637
43 89
43 527
43 713
43 2136
43 2474
44 295
45 56
45 89
45 1263
45 1484
45 2319
46 134
46 432
47 56
48 83
48 92
48 134
48 643
48 713
48 1821
48 2341
48 2579
48 2668
49 818
50 75
50 90
51 134
51 320
51 713
52 124
52 337
52 2230
53 675
53 1352
53 1354
53 1356
53 1359
53 1363
53 1943
54 134
55 134
56 60
56 64
56 65
56 70
56 72
56 74
56 77
56 89
56 90
56 132
56 187
56 193
56 217
56 335
56 547
56 713
56 922
56 1040
56 1247
56 1657
56 2352
56 3071
56 3111
56 3184
57 2136
58 200
59 118
60 1484
61 134
62 85
62 89
62 90
62 134
62 200
62 214
62 260
62 284
62 341
62 371
62 427
62 432
62 436
62 527
62 644
62 713
62 757
62 818
62 876
62 928
62 1036
62 1050
62 1225
62 1229
62 1331
62 1515
62 1591
62 1612
62 1614
62 1652
62 1656
62 1707
62 1736
62 1812
62 1919
62 1923
62 2131
62 2187
62 2329
62 2513
62 2567
62 2585
62 2627
62 2827
62 2995
62 3083
62 3114
62 3139
63 124
63 533
64 70
64 713
64 863
65 196
65 284
66 284
68 1145
69 1247
70 894
71 200
72 89
72 1238
73 450
73 2834
74 200
74 2186
75 89
75 284
75 387
75 818
75 1039
75 1490
75 1531
75 1836
75 2360
76 79
77 79
77 432
77 473
77 713
77 1208
77 2154
78 110
79 194
79 1049
79 1208
80 713
81 90
82 117
83 706
83 713
83 730
83 1725
83 1833
83 2693
84 134
84 268
85 89
85 90
85 107
85 116
85 124
85 134
85 135
85 153
85 209
85 260
85 284
85 285
85 288
85 292
85 307
85 314
85 327
85 328
85 329
85 330
85 331
85 366
85 375
85 376
85 378
85 382
85 398
85 432
85 434
85 454
85 492
85 495
85 527
85 564
85 577
85 587
85 604
85 619
85 624
85 629
85 644
85 671
85 695
85 713
85 783
85 818
85 866
85 867
85 874
85 880
85 886
85 892
85 928
85 996
85 1034
85 1041
85 1311
85 1322
85 1376
85 1459
85 1515
85 1587
85 1614
85 1641
85 1653
85 1661
85 1806
85 1923
85 2085
85 2230
86 90
86 327
86 568
87 89
88 89
89 90
89 94
89 106
89 116
89 117
89 124
89 127
89 132
89 134
89 194
89 200
89 211
89 260
89 284
89 288
89 307
89 309
89 320
89 366
89 432
89 434
89 462
89 473
89 478
89 495
89 527
89 529
89 558
89 587
89 619
89 643
89 644
89 657
89 671
89 674
89 675
89 676
89 677
89 678
89 695
89 700
89 713
89 749
89 762
89 818
89 867
89 870
89 874
89 880
89 886
89 892
89 910
89 920
89 928
89 996
89 1034
89 1036
89 1041
89 1303
89 1367
89 1484
89 1507
89 1515
89 1614
89 1641
89 1653
89 1657
89 1676
89 1685
89 1689
89 1691
89 1730
89 1774
89 1775
89 1806
89 1819
89 1837
89 1923
89 1968
89 2116
89 2186
89 2230
89 2244
89 2585
89 2740
89 2976
89 3164
90 124
90 134
90 151
90 200
90 204
90 206
90 207
90 260
90 284
90 290
90 317
90 398
90 411
90 527
90 550
90 562
90 694
90 713
90 1331
90 1902
91 320
92 1040
93 697
93 1837
94 231
95 634
96 116
96 142
97 99
98 336
99 245
99 246
99 336
100 336
101 336
102 336
103 336
104 336
105 336
106 152
106 640
106 713
106 1940
107 292
107 587
107 1326
107 1393
107 2050
108 2230
109 509
110 117
110 155
110 157
110 1678
110 1776
110 1837
111 336
112 200
113 134
114 180
114 1940
115 285
116 141
116 142
116 200
116 260
116 284
116 336
116 337
116 527
116 713
116 818
116 928
116 1578
117 128
117 154
117 156
117 165
117 167
117 168
117 169
117 170
117 467
117 713
117 800
117 1800
117 1808
117 2208
117 2717
118 545
118 713
118 1911
118 2569
119 170
120 1731
122 336
123 336
124 200
124 260
124 284
124 315
124 527
124 713
124 818
124 1574
124 1575
124 2230
124 2711
125 321
125 474
126 1081
126 1163
126 1168
127 194
127 818
129 134
129 200
129 479
129 527
129 676
129 801
129 871
129 872
129 909
129 934
129 1569
129 1783
129 2636
129 2657
129 2951
129 3042
130 144
131 2230
132 1484
133 284
134 135
134 136
134 137
134 160
134 162
134 197
134 200
134 209
134 213
134 260
134 284
134 287
134 288
134 295
134 307
134 310
134 312
134 348
134 353
134 358
134 366
134 389
134 398
134 432
134 434
134 439
134 464
134 465
134 473
134 477
134 480
134 495
134 515
134 520
134 524
134 526
134 529
134 531
134 532
134 542
134 561
134 566
134 575
134 601
134 606
134 626
134 632
134 644
134 656
134 659
134 667
134 668
134 671
134 680
134 683
134 685
134 691
134 695
134 696
134 697
134 707
134 711
134 713
134 727
134 728
134 737
134 751
134 755
134 757
134 761
134 767
134 771
134 773
134 778
134 782
134 783
134 795
134 808
134 813
134 815
134 818
134 821
134 859
134 866
134 867
134 871
134 873
134 874
134 880
134 882
134 892
134 896
134 899
134 902
134 910
134 911
134 914
134 915
134 920
134 921
134 925
134 928
134 932
134 942
134 944
134 951
134 954
134 959
134 961
134 962
134 963
134 972
134 973
134 974
134 975
134 977
134 978
134 979
134 980
134 982
134 983
134 985
134 987
134 988
134 989
134 992
134 994
134 996
134 997
134 998
134 999
134 1001
134 1003
134 1006
134 1020
134 1021
134 1023
134 1025
134 1026
134 1027
134 1030
134 1031
134 1033
134 1034
134 1035
134 1036
134 1041
134 1045
134 1046
134 1048
134 1051
134 1052
134 1063
134 1072
134 1115
134 1135
134 1174
134 1178
134 1183
134 1207
134 1209
134 1210
134 1211
134 1214
134 1215
134 1217
134 1218
134 1219
134 1220
134 1225
134 1226
134 1228
134 1232
134 1234
134 1236
134 1237
134 1239
134 1241
134 1243
134 1246
134 1248
134 1249
134 1255
134 1259
134 1260
134 1264
134 1265
134 1266
134 1267
134 1301
134 1303
134 1312
134 1331
134 1336
134 1367
134 1383
134 1384
134 1389
134 1411
134 1416
134 1441
134 1446
134 1450
134 1483
134 1484
134 1486
134 1493
134 1495
134 1496
134 1497
134 1506
134 1507
134 1508
134 1520
134 1521
134 1522
134 1523
134 1526
134 1532
134 1536
134 1537
134 1544
134 1545
134 1547
134 1549
134 1550
134 1551
134 1554
134 1556
134 1557
134 1560
134 1561
134 1584
134 1585
134 1587
134 1588
134 1593
134 1595
134 1596
134 1599
134 1600
134 1605
134 1606
134 1608
134 1614
134 1616
134 1623
134 1624
134 1627
134 1632
134 1636
134 1637
134 1644
134 1646
134 1651
134 1652
134 1653
134 1658
134 1660
134 1667
134 1668
134 1669
134 1670
134 1671
134 1672
134 1673
134 1675
134 1676
134 1681
134 1682
134 1693
134 1695
134 1696
134 1701
134 1703
134 1704
134 1705
134 1707
134 1708
134 1713
134 1716
134 1717
134 1718
134 1722
134 1724
134 1727
134 1730
134 1731
134 1736
134 1737
134 1741
134 1742
134 1744
134 1748
134 1749
134 1752
134 1767
134 1770
134 1773
134 1774
134 1778
134 1782
134 1788
134 1789
134 1790
134 1793
134 1794
134 1800
134 1801
134 1802
134 1804
134 1805
134 1806
134 1807
134 1810
134 1811
134 1812
134 1816
134 1817
134 1818
134 1819
134 1822
134 1829
134 1830
134 1839
134 1841
134 1850
134 1858
134 1859
134 1862
134 1863
134 1865
134 1871
134 1872
134 1875
134 1876
134 1880
134 1881
134 1885
134 1887
134 1890
134 1892
134 1896
134 1899
134 1901
134 1907
134 1912
134 1913
134 1916
134 1918
134 1927
134 1928
134 1973
134 1993
134 2025
134 2046
134 2072
134 2106
134 2112
134 2113
134 2115
134 2117
134 2119
134 2122
134 2126
134 2130
134 2131
134 2132
134 2135
134 2140
134 2142
134 2152
134 2157
134 2160
134 2161
134 2162
134 2163
134 2165
134 2168
134 2169
134 2171
134 2173
134 2174
134 2178
134 2181
134 2185
134 2190
134 2191
134 2194
134 2196
134 2199
134 2202
134 2204
134 2205
134 2206
134 2216
134 2217
134 2219
134 2220
134 2221
134 2222
134 2225
134 2227
134 2228
134 2229
134 2235
134 2239
134 2244
134 2248
134 2249
134 2254
134 2257
134 2260
134 2262
134 2268
134 2273
134 2274
134 2275
134 2277
134 2280
134 2284
134 2290
134 2291
134 2292
134 2300
134 2304
134 2307
134 2310
134 2312
134 2313
134 2322
134 2323
134 2324
134 2327
134 2328
134 2329
134 2331
134 2334
134 2339
134 2341
134 2345
134 2350
134 2351
134 2353
134 2355
134 2358
134 2362
134 2366
134 2368
134 2369
134 2370
134 2371
134 2374
134 2375
134 2381
134 2390
134 2393
134 2421
134 2474
134 2493
134 2500
134 2503
134 2507
134 2513
134 2516
134 2517
134 2522
134 2523
134 2528
134 2529
134 2540
134 2541
134 2544
134 2547
134 2549
134 2551
134 2555
134 2556
134 2562
134 2565
134 2568
134 2574
134 2575
134 2580
134 2581
134 2582
134 2586
134 2592
134 2593
134 2594
134 2598
134 2600
134 2607
134 2609
134 2620
134 2623
134 2624
134 2626
134 2628
134 2633
134 2634
134 2639
134 2640
134 2642
134 2657
134 2658
134 2660
134 2661
134 2663
134 2666
134 2667
134 2668
134 2670
134 2672
134 2673
134 2681
134 2683
134 2685
134 2691
134 2692
134 2696
134 2698
134 2703
134 2704
134 2707
134 2708
134 2712
134 2715
134 2718
134 2735
134 2775
134 2822
134 2850
134 2884
134 2924
134 2941
134 2946
134 2947
134 2958
134 2963
134 2964
134 2969
134 2972
134 2974
134 2977
134 2982
134 2983
134 2993
134 2995
134 2996
134 2997
134 2999
134 3007
134 3010
134 3013
134 3016
134 3017
134 3020
134 3031
134 3033
134 3036
134 3038
134 3040
134 3041
134 3043
134 3046
134 3047
134 3049
134 3059
134 3060
134 3062
134 3068
134 3080
134 3081
134 3085
134 3090
134 3093
134 3097
134 3098
134 3099
134 3100
134 3102
134 3103
134 3106
134 3108
134 3110
134 3114
134 3115
134 3121
134 3127
134 3129
134 3132
134 3133
134 3136
134 3141
134 3143
134 3146
134 3147
134 3149
134 3150
134 3152
134 3153
134 3157
134 3161
134 3169
134 3171
134 3173
134 3178
134 3179
134 3181
134 3185
134 3188
134 3190
134 3198
134 3199
134 3200
134 3204
134 3208
134 3209
134 3213
135 136
135 171
135 186
135 208
135 209
135 216
135 249
135 292
135 294
135 318
135 327
135 354
135 450
135 494
135 515
135 529
135 567
135 574
135 575
135 576
135 578
135 589
135 601
135 604
135 606
135 621
135 625
135 629
135 632
135 636
135 886
135 1302
135 1312
135 1323
135 1328
135 1329
135 1336
135 1345
135 1349
135 1379
135 1384
135 1389
135 1391
135 1416
135 1424
135 1427
135 1442
135 1444
135 1448
135 1811
135 1886
135 1922
135 1954
135 1977
135 1985
135 2000
135 2004
135 2021
135 2062
135 2098
135 2100
135 2655
135 2725
135 2744
135 2753
135 2777
135 2789
135 2792
135 2796
135 2825
135 2845
135 2851
135 2856
135 2867
135 2911
135 2926
136 781
136 1025
136 1058
136 1078
136 1174
136 1201
136 2393
136 2452
136 2458
138 1731
139 200
139 867
139 2643
140 153
140 632
142 248
143 336
144 236
144 336
144 713
145 321
145 396
146 218
146 223
147 713
148 294
149 604
149 2042
150 336
151 190
151 307
151 318
151 1047
151 1366
151 1800
151 1944
151 1990
152 586
158 395
158 1641
159 162
160 161
160 733
160 2241
161 162
161 1723
161 1909
162 733
162 878
162 879
162 1510
162 1552
162 1678
162 1776
162 2285
162 2344
162 2382
162 2385
162 2526
162 3087
163 697
163 878
163 2705
164 467
166 395
168 273
168 646
168 1640
168 1837
168 1909
168 3066
169 2676
171 172
171 178
171 183
171 184
171 185
171 326
171 629
171 1448
171 2056
173 321
174 321
175 321
176 321
177 178
179 260
179 372
180 260
181 182
181 594
181 604
181 1321
181 1417
181 1465
181 1472
181 2056
181 2732
182 585
182 1975
183 713
184 327
184 1335
185 455
185 604
186 327
187 2186
188 321
188 381
189 1247
190 292
190 380
190 713
191 1614
192 475
192 488
192 713
192 994
192 1071
192 1145
192 1147
192 1148
192 1150
192 1151
192 1163
192 1178
192 1188
192 1193
192 1195
192 1201
192 1203
192 1204
192 1532
192 1800
192 1858
192 2141
192 2232
192 2394
192 2396
192 2403
192 2404
192 2408
192 2410
192 2433
192 2434
192 2443
192 2444
192 2454
192 2461
192 2462
192 2464
192 2473
192 2480
193 194
194 432
194 673
194 713
194 752
194 753
194 2203
194 2364
194 2989
194 3002
195 713
198 300
198 713
198 2471
199 200
200 233
200 260
200 280
200 284
200 295
200 297
200 302
200 303
200 304
200 306
200 307
200 310
200 320
200 348
200 366
200 368
200 387
200 390
200 391
200 398
200 414
200 415
200 432
200 434
200 440
200 473
200 482
200 495
200 520
200 521
200 523
200 525
200 527
200 530
200 531
200 533
200 537
200 619
200 644
200 648
200 649
200 653
200 659
200 660
200 664
200 667
200 669
200 671
200 679
200 682
200 689
200 695
200 698
200 699
200 701
200 704
200 709
200 710
200 713
200 714
200 715
200 716
200 717
200 718
200 728
200 729
200 733
200 737
200 746
200 751
200 759
200 766
200 767
200 768
200 769
200 771
200 773
200 775
200 777
200 778
200 779
200 784
200 786
200 787
200 793
200 799
200 805
200 809
200 810
200 811
200 816
200 817
200 818
200 819
200 820
200 822
200 858
200 863
200 865
200 866
200 867
200 870
200 874
200 886
200 887
200 889
200 890
200 891
200 892
200 894
200 898
200 900
200 906
200 908
200 909
200 919
200 924
200 928
200 930
200 931
200 932
200 944
200 952
200 953
200 971
200 976
200 981
200 1024
200 1030
200 1032
200 1036
200 1041
200 1045
200 1046
200 1051
200 1214
200 1224
200 1225
200 1226
200 1228
200 1233
200 1238
200 1243
200 1251
200 1268
200 1400
200 1409
200 1479
200 1484
200 1486
200 1488
200 1490
200 1491
200 1493
200 1507
200 1511
200 1515
200 1522
200 1525
200 1527
200 1537
200 1548
200 1549
200 1555
200 1560
200 1561
200 1582
200 1583
200 1586
200 1590
200 1593
200 1599
200 1600
200 1606
200 1614
200 1617
200 1622
200 1623
200 1626
200 1628
200 1634
200 1641
200 1642
200 1643
200 1646
200 1651
200 1653
200 1658
200 1662
200 1679
200 1682
200 1683
200 1686
200 1687
200 1697
200 1700
200 1701
200 1704
200 1706
200 1711
200 1714
200 1715
200 1721
200 1726
200 1731
200 1736
200 1739
200 1745
200 1749
200 1764
200 1768
200 1769
200 1781
200 1785
200 1797
200 1799
200 1800
200 1802
200 1804
200 1806
200 1808
200 1809
200 1827
200 1830
200 1838
200 1850
200 1856
200 1858
200 1863
200 1865
200 1873
200 1878
200 1879
200 1887
200 1894
200 1904
200 1908
200 2107
200 2108
200 2110
200 2111
200 2112
200 2117
200 2119
200 2130
200 2135
200 2141
200 2142
200 2146
200 2147
200 2151
200 2155
200 2161
200 2164
200 2166
200 2176
200 2180
200 2185
200 2186
200 2188
200 2190
200 2196
200 2197
200 2206
200 2209
200 2215
200 2219
200 2236
200 2237
200 2238
200 2241
200 2248
200 2250
200 2263
200 2264
200 2266
200 2269
200 2276
200 2282
200 2283
200 2287
200 2294
200 2295
200 2297
200 2321
200 2327
200 2335
200 2336
200 2337
200 2354
200 2355
200 2368
200 2373
200 2378
200 2384
200 2502
200 2514
200 2532
200 2537
200 2538
200 2543
200 2546
200 2549
200 2562
200 2566
200 2569
200 2604
200 2610
200 2628
200 2632
200 2638
200 2640
200 2641
200 2642
200 2645
200 2665
200 2675
200 2682
200 2687
200 2688
200 2690
200 2706
200 2942
200 2959
200 2968
200 2972
200 2974
200 2975
200 2992
200 3011
200 3018
200 3022
200 3023
200 3027
200 3028
200 3042
200 3044
200 3046
200 3048
200 3055
200 3058
200 3060
200 3070
200 3076
200 3079
200 3082
200 3093
200 3098
200 3105
200 3122
200 3125
200 3126
200 3128
200 3139
200 3141
200 3147
200 3177
200 3191
200 3192
200 3193
200 3194
200 3196
200 3202
200 3214
201 292
201 713
201 1374
201 2077
201 2761
201 2847
201 2853
201 2916
201 2936
202 285
203 713
205 292
205 307
205 379
205 1331
205 1385
205 2007
205 2733
207 1250
208 606
208 891
208 1318
208 1379
208 1986
208 2809
209 587
209 2883
210 292
210 318
210 377
210 513
210 587
210 1366
210 1404
210 1408
210 1415
210 1420
210 1858
210 1922
210 1983
210 2036
210 2797
210 2842
210 2854
211 291
211 472
211 536
211 713
211 1393
211 1407
211 1941
213 284
213 343
213 366
213 527
213 653
213 714
213 818
213 866
213 928
213 1041
213 1515
213 1619
213 2585
214 292
214 318
214 1337
214 1366
214 2048
214 2827
215 742
215 1833
216 312
216 318
216 527
216 604
216 605
216 611
216 612
216 695
216 713
216 1331
216 1366
216 1405
216 2027
216 2459
216 2923
217 2186
218 260
218 265
218 781
218 786
218 1658
219 260
219 862
220 260
220 267
220 793
220 986
220 1045
220 1484
220 2641
220 3161
221 252
221 260
221 278
221 360
221 764
221 860
221 2036
221 3086
222 260
222 264
222 267
222 293
222 346
222 487
222 748
222 750
222 986
222 1832
222 2126
223 252
223 260
223 487
223 1261
223 2136
223 2558
223 3060
224 260
224 458
224 645
224 666
224 950
224 951
224 1037
224 1807
224 1902
224 2302
224 2941
225 260
225 1725
225 2556
226 260
227 250
227 260
227 674
227 1060
228 260
228 429
228 1549
228 2142
229 260
229 384
229 532
229 556
229 651
229 2367
230 260
230 1493
231 260
231 272
231 522
231 661
231 865
232 260
232 658
232 735
232 788
232 1297
232 1544
232 1793
234 294
235 899
235 1238
235 2109
235 2605
235 2628
235 2699
235 3014
237 336
238 336
239 336
240 336
241 336
242 336
243 336
244 336
246 336
247 784
249 450
249 497
249 499
249 500
249 502
249 504
249 1303
251 889
253 260
254 260
254 1527
255 260
255 371
256 260
256 2036
256 2740
257 713
258 260
258 2760
259 260
260 261
260 262
260 263
260 269
260 270
260 271
260 274
260 275
260 276
260 279
260 284
260 288
260 307
260 366
260 371
260 432
260 434
260 473
260 644
260 671
260 695
260 713
260 874
260 880
260 886
260 892
260 910
260 920
260 928
260 996
260 1034
260 1036
260 1041
260 1312
260 1614
260 1641
260 1661
262 289
262 751
262 1785
263 277
263 993
266 713
266 890
270 2783
273 713
273 2241
275 1547
279 1964
281 1400
281 1942
282 294
283 285
284 307
284 366
284 398
284 432
284 434
284 438
284 485
284 495
284 527
284 544
284 619
284 644
284 707
284 713
284 818
284 874
284 880
284 886
284 892
284 920
284 928
284 955
284 956
284 957
284 971
284 972
284 987
284 1034
284 1115
284 1234
284 1312
284 1367
284 1484
284 1507
284 1515
284 1587
284 1595
284 1608
284 1641
284 1649
284 1653
284 1675
284 1737
284 1819
284 2210
284 2240
284 2352
284 2511
284 2554
284 2589
284 2619
284 2633
284 2970
284 2980
284 2991
284 2993
284 3091
284 3158
284 3166
285 450
285 509
285 565
285 599
285 637
286 2156
288 428
288 527
288 713
288 1331
288 1484
292 294
292 307
292 321
292 322
292 325
292 332
292 373
292 427
292 446
292 452
292 516
292 560
292 567
292 569
292 579
292 586
292 589
292 596
292 600
292 602
292 604
292 607
292 627
292 629
292 636
292 886
292 957
292 1304
292 1310
292 1322
292 1324
292 1325
292 1331
292 1335
292 1336
292 1339
292 1350
292 1367
292 1385
292 1420
292 1451
292 1458
292 1475
292 1476
292 1496
292 1507
292 1699
292 1927
292 1929
292 1960
292 1989
292 1993
292 2016
292 2033
292 2052
292 2068
292 2092
292 2342
292 2724
292 2733
292 2740
292 2741
292 2748
292 2774
292 2842
292 2876
292 2899
292 2925
294 307
294 392
294 450
294 509
294 571
294 578
294 580
294 599
294 1331
294 1373
294 1447
294 1448
294 1995
294 2054
294 2804
295 1036
295 1228
296 2108
296 2288
297 713
297 2709
298 321
298 474
299 554
299 695
301 1600
301 1866
301 2548
302 740
302 741
302 895
302 1529
302 1832
302 2315
302 2767
305 1580
306 756
306 990
307 322
307 385
307 398
307 432
307 450
307 516
307 549
307 632
307 713
307 731
307 881
308 1515
309 522
310 1858
311 1725
312 607
312 713
312 928
313 450
313 573
316 742
318 363
318 427
318 439
318 474
318 511
318 518
318 587
318 601
318 625
318 638
318 642
318 1047
318 1260
318 1303
318 1310
318 1312
318 1366
318 1367
318 1406
318 1421
318 1425
318 1436
318 1455
318 1470
318 1471
318 1496
318 2010
318 2095
318 2655
318 2844
319 450
319 1800
320 1489
320 1538
320 1609
320 1650
321 365
321 432
321 1972
321 2012
321 2089
321 2880
322 323
322 324
325 432
325 450
325 1331
325 1466
325 2770
325 2838
326 327
327 474
327 629
327 1322
327 1335
327 1397
327 1443
327 1448
327 2750
328 2747
330 586
331 1972
331 2813
331 2846
332 451
333 713
334 713
336 347
336 349
336 350
336 351
336 441
336 457
336 459
336 486
336 823
336 824
336 825
336 826
336 827
336 828
336 829
336 830
336 831
336 832
336 833
336 834
336 835
336 836
336 837
336 838
336 839
336 840
336 841
336 842
336 843
336 844
336 845
336 846
336 847
336 848
336 849
336 850
336 851
336 852
336 853
336 854
336 855
336 856
336 857
336 904
336 935
336 936
336 937
336 938
336 939
336 940
336 1007
336 1008
336 1009
336 1010
336 1011
336 1012
336 1013
336 1014
336 1015
336 1016
336 1017
336 1240
336 1270
336 1271
336 1272
336 1274
336 1275
336 1276
336 1277
336 1278
336 1279
336 1280
336 1281
336 1282
336 1283
336 1284
336 1285
336 1286
336 1287
336 1288
336 1289
336 1290
336 1291
336 1292
336 1293
336 1294
336 1295
336 1296
336 1298
336 1299
336 1570
336 1571
336 1572
336 1886
336 2867
338 713
338 1852
338 3037
339 452
340 581
340 713
340 1303
340 1322
340 2042
341 1653
342 357
342 431
342 563
342 615
342 633
342 639
342 1963
342 2012
342 2919
344 713
344 2924
345 2108
346 2156
348 713
348 1701
348 2170
348 2199
348 3128
352 1238
355 1072
356 713
357 635
357 1931
358 1689
358 1731
359 524
359 772
361 1641
362 891
364 713
364 1002
364 1798
366 389
366 398
366 438
366 489
366 543
366 659
366 701
366 713
366 793
366 962
366 976
366 1244
366 1331
366 1600
366 1602
366 1680
366 1777
366 1792
366 1849
366 1891
366 1893
366 1895
366 2116
366 2172
366 2256
366 2310
366 2377
366 2501
366 2515
366 2584
366 2601
366 2708
366 2950
366 2957
366 2967
366 3007
366 3034
366 3044
366 3061
366 3080
366 3152
366 3183
367 1170
367 1532
367 1800
368 713
368 1227
368 2597
369 2572
370 715
370 2678
372 2012
373 1313
374 604
374 612
376 564
378 442
378 493
378 572
378 583
378 617
378 662
378 1349
378 1449
378 1951
378 2032
378 2790
378 2819
378 2824
378 2841
378 2850
378 2896
383 601
384 473
386 472
387 713
388 428
389 643
389 713
391 1743
392 628
393 547
393 551
393 555
393 1484
393 2175
393 3069
394 529
395 467
395 469
395 713
395 785
395 1004
395 1552
395 1800
395 1847
395 1848
395 1909
395 2285
395 2361
395 2382
395 2383
395 2494
395 2526
395 2705
395 2954
395 2956
395 3029
398 399
398 400
398 408
398 411
398 412
398 413
398 414
398 416
398 417
398 419
398 422
398 423
398 424
398 425
398 432
398 434
398 436
398 475
398 495
398 527
398 528
398 587
398 619
398 644
398 713
398 714
398 783
398 818
398 867
398 874
398 880
398 892
398 920
398 926
398 996
398 1028
398 1041
398 1054
398 1098
398 1099
398 1100
398 1101
398 1102
398 1103
398 1104
398 1105
398 1108
398 1109
398 1110
398 1112
398 1113
398 1114
398 1115
398 1116
398 1120
398 1121
398 1122
398 1123
398 1124
398 1128
398 1129
398 1130
398 1131
398 1136
398 1137
398 1138
398 1139
398 1143
398 1170
398 1173
398 1234
398 1310
398 1367
398 1496
398 1507
398 1515
398 1587
398 1619
398 1653
398 1666
398 1806
398 2116
398 2351
398 2412
398 2413
398 2415
398 2422
398 2423
398 2424
398 2461
398 2976
399 525
400 401
400 402
400 404
400 406
400 407
400 409
400 414
400 418
400 426
400 525
400 713
400 1132
400 1142
401 525
402 525
403 525
404 525
405 525
405 677
405 687
406 421
406 525
407 525
408 713
408 1122
408 1135
408 2414
409 411
410 1138
411 414
411 420
411 694
411 702
411 1141
411 2428
412 414
412 419
412 1107
412 1110
412 1115
412 1118
412 1125
412 1200
412 2417
412 2656
414 417
414 419
414 422
414 424
414 425
414 427
414 436
414 528
414 713
414 1002
414 1099
414 1100
414 1104
414 1108
414 1114
414 1118
414 1120
414 1121
414 1122
414 1138
414 1143
414 1173
414 2095
414 2397
414 2412
414 2413
414 2415
414 2427
414 2839
416 889
417 1101
417 1106
418 525
419 713
419 1114
419 1120
419 1127
419 1131
419 1138
419 2412
419 2414
419 2418
419 2425
425 1170
427 713
427 880
427 1335
427 1366
430 1327
432 527
432 531
432 542
432 593
432 703
432 713
432 739
432 797
432 818
432 893
432 927
432 1005
432 1222
432 1230
432 1244
432 1246
432 1262
432 1303
432 1326
432 1328
432 1329
432 1333
432 1429
432 1451
432 1496
432 1579
432 1582
432 1594
432 1637
432 1641
432 1659
432 1671
432 1676
432 1704
432 1706
432 1765
432 1796
432 1811
432 1816
432 1884
432 1911
432 1999
432 2010
432 2018
432 2037
432 2052
432 2138
432 2165
432 2205
432 2206
432 2212
432 2226
432 2258
432 2295
432 2296
432 2297
432 2298
432 2299
432 2300
432 2364
432 2494
432 2512
432 2533
432 2550
432 2555
432 2559
432 2568
432 2592
432 2599
432 2626
432 2648
432 2664
432 2698
432 2701
432 2712
432 2716
432 2797
432 2848
432 2849
432 2878
432 2880
432 2948
432 2958
432 2972
432 2989
432 3004
432 3017
432 3020
432 3028
432 3034
432 3041
432 3084
432 3090
432 3092
432 3095
432 3110
432 3137
432 3148
432 3163
432 3179
432 3197
432 3208
432 3214
433 742
433 1019
433 1833
434 527
434 713
434 1303
434 1331
434 1436
434 1656
434 1880
434 2121
434 2145
434 2211
434 2493
434 3030
434 3162
435 679
435 700
437 889
438 1479
440 663
440 2156
442 517
442 570
442 713
442 1414
442 1935
442 1953
442 2852
442 2922
442 2935
442 2938
442 2940
444 519
445 1302
445 2064
445 2215
445 2721
445 2729
446 2924
447 1927
448 597
448 1355
449 1924
449 1941
450 506
450 585
450 604
450 1302
450 1331
453 890
453 2007
455 713
455 890
455 1335
456 1302
460 3071
461 2214
463 472
466 467
467 468
467 470
467 471
472 1371
473 474
473 475
473 527
473 539
473 713
473 1212
473 1235
473 1331
473 1499
473 1500
473 1501
473 1502
473 1503
473 1504
473 1505
473 1654
473 1655
473 1755
473 1756
473 1757
473 1758
473 1759
473 1760
473 1761
473 1762
473 1763
473 2570
473 2571
473 2572
473 2573
473 2650
473 2651
473 2652
473 2653
474 524
474 634
474 1366
474 1976
474 1987
474 2015
474 2743
474 2828
475 1066
475 1075
475 1091
475 1192
476 1212
477 1157
478 1618
479 920
480 650
480 1170
481 713
483 528
483 1532
488 672
488 1147
488 1193
488 1196
488 1197
488 1201
488 2407
488 2410
488 2453
488 2454
488 2465
488 2472
489 2073
489 2819
490 2156
491 1183
493 1800
495 527
495 713
495 928
495 1262
495 1331
495 1531
495 1547
495 2375
495 2543
496 497
497 498
500 501
502 503
504 505
507 595
507 637
507 2038
507 2819
508 1941
509 578
510 613
510 886
510 1418
510 1430
510 1800
510 1925
510 1953
510 2069
510 2101
510 2819
510 2843
510 2858
510 2877
511 642
511 713
511 736
511 1322
511 1366
511 1380
511 1427
511 1460
511 1477
511 1478
511 1920
511 2019
511 2079
511 2080
511 2342
511 2655
511 2758
511 2774
511 2833
511 2886
512 891
512 1403
512 2771
514 605
515 587
515 1341
515 2036
516 886
516 1303
516 1398
516 1991
516 2722
519 619
519 622
519 637
519 1346
520 713
521 726
521 818
521 933
521 1515
524 527
524 772
524 918
524 1524
524 1645
524 1648
524 2388
524 2990
524 3077
525 812
525 1142
525 1484
526 713
527 529
527 548
527 587
527 619
527 644
527 648
527 671
527 695
527 707
527 711
527 713
527 724
527 756
527 762
527 765
527 783
527 795
527 813
527 815
527 818
527 866
527 867
527 870
527 871
527 874
527 880
527 882
527 886
527 892
527 902
527 905
527 920
527 941
527 978
527 996
527 1028
527 1034
527 1036
527 1041
527 1115
527 1208
527 1224
527 1225
527 1234
527 1260
527 1303
527 1310
527 1312
527 1331
527 1336
527 1367
527 1389
527 1479
527 1480
527 1484
527 1496
527 1507
527 1514
527 1515
527 1569
527 1587
527 1595
527 1597
527 1614
527 1619
527 1630
527 1641
527 1649
527 1653
527 1661
527 1666
527 1676
527 1682
527 1689
527 1691
527 1719
527 1730
527 1806
527 1810
527 1819
527 1861
527 1876
527 1923
527 1968
527 2116
527 2168
527 2188
527 2230
527 2351
527 2461
527 2527
527 2547
527 2585
527 2636
527 2740
527 2976
528 949
528 1103
528 1116
528 1117
528 1127
528 1137
528 1140
528 1858
528 2416
528 2419
528 2423
529 1366
529 2830
530 713
531 713
531 1551
534 643
535 713
536 1437
537 1810
538 1225
538 1600
538 1923
540 713
541 713
543 928
547 555
547 558
549 713
552 2496
553 695
556 713
556 1506
557 695
557 1810
559 586
560 586
560 886
560 1329
560 1351
560 1400
560 1936
560 1977
560 2004
560 2005
560 2006
560 2762
560 2798
560 2799
560 2812
560 2831
560 2856
560 2906
560 2909
561 1426
561 2043
561 2056
561 2811
561 2836
564 1303
567 1927
568 1357
574 2739
575 713
575 891
575 1998
576 1441
578 1331
579 2081
579 2791
580 1800
582 591
582 618
582 2041
582 2059
582 2062
582 2720
582 2764
584 585
584 619
584 623
584 1454
584 1956
584 2038
584 2062
584 2083
585 591
586 609
586 1329
587 957
587 1323
587 1325
587 1331
587 1342
587 1345
587 1366
587 1415
587 1420
587 1439
587 1478
587 1800
587 1922
587 1958
587 2000
587 2021
587 2036
587 2060
587 2072
587 2098
587 2754
587 2813
587 2817
587 2837
587 2921
588 1999
588 2000
589 695
589 818
590 2031
591 2062
592 641
592 886
592 1020
594 1335
594 2727
596 2076
597 1391
597 1927
597 2055
597 2784
598 641
598 2097
601 1366
601 2886
602 1464
602 1948
602 1971
603 713
603 1424
603 2053
604 606
604 607
604 608
604 609
604 610
604 641
604 1303
604 1370
604 1424
604 1462
604 1940
604 1941
604 1944
604 2031
604 2033
604 2056
604 2787
605 611
605 1306
605 1435
605 2020
606 607
606 614
606 1307
606 1314
606 1379
606 1394
606 1399
606 1412
606 1984
606 2744
607 1309
607 1320
607 1341
607 1980
607 1982
607 2014
607 2017
607 2751
607 2791
607 2807
607 2834
607 2862
607 2902
608 1368
608 2056
608 2061
608 2727
608 2772
608 2786
609 1450
609 1936
609 2035
609 2056
609 2102
609 2794
610 1342
610 1474
610 2000
611 612
611 1468
611 1962
612 2023
612 2075
613 2908
614 1945
616 637
616 1434
617 1434
617 2078
617 2782
617 2835
617 2863
619 1366
619 1381
619 1404
619 2405
619 2723
619 2793
619 2871
619 2881
620 1327
621 641
621 2099
624 2781
625 1366
625 1968
625 1978
625 2779
627 2081
629 1367
629 1443
629 2103
629 2732
629 2903
630 1971
630 1980
631 1434
632 886
632 1303
634 2040
634 2082
634 2864
635 891
635 1423
635 2022
635 2079
635 2882
637 662
637 1348
637 1378
637 1388
637 1422
637 1433
637 1434
637 2044
637 2070
638 1366
638 1456
638 1719
638 2029
638 2802
638 2894
641 1419
641 1998
641 2042
641 2099
641 2738
641 2752
643 2108
644 713
644 818
644 1479
644 1497
644 1840
644 2498
644 2713
647 1482
648 713
648 1700
650 745
650 1132
652 1484
652 1515
654 695
654 713
655 713
656 713
658 2711
659 913
659 1229
659 1519
659 1590
659 1610
659 1926
659 2150
659 2198
659 2541
659 2559
659 3216
660 695
664 713
665 1484
665 1515
666 818
669 713
669 2978
670 713
671 713
671 1331
672 2473
675 2043
677 1141
679 700
679 713
679 3154
681 958
681 1541
686 713
688 889
688 2156
688 2398
688 2400
689 713
689 818
689 1750
689 1825
690 713
690 1763
690 2652
690 2653
691 692
693 742
693 2700
695 707
695 713
695 870
695 927
695 1047
695 1072
695 1225
695 1303
695 1312
695 1331
695 1342
695 1425
695 1439
695 1482
695 1543
695 1597
695 1690
695 1691
695 1718
695 1735
695 1770
695 1772
695 1923
695 1958
695 2157
695 2602
695 2612
695 2957
695 2997
697 878
697 2560
698 713
699 1614
699 3083
701 713
701 1213
701 2574
704 2199
705 3181
707 1018
707 1242
707 1331
707 1537
707 1653
707 2124
707 2499
707 2544
707 2618
707 3140
707 3146
708 889
708 2305
708 2964
709 1660
709 1810
711 1806
712 713
712 780
712 803
712 889
712 897
712 903
712 1093
712 1155
712 1166
712 2436
712 2470
713 714
713 715
713 717
713 719
713 723
713 726
713 732
713 737
713 745
713 751
713 755
713 757
713 762
713 763
713 766
713 769
713 773
713 781
713 782
713 784
713 786
713 787
713 792
713 794
713 798
713 804
713 809
713 810
713 811
713 818
713 864
713 865
713 866
713 867
713 869
713 870
713 872
713 874
713 880
713 883
713 892
713 896
713 900
713 901
713 906
713 909
713 910
713 917
713 919
713 920
713 921
713 923
713 928
713 931
713 932
713 934
713 943
713 947
713 953
713 963
713 964
713 965
713 966
713 967
713 968
713 969
713 970
713 971
713 974
713 975
713 983
713 986
713 987
713 993
713 994
713 996
713 999
713 1002
713 1024
713 1025
713 1030
713 1034
713 1036
713 1041
713 1043
713 1044
713 1045
713 1050
713 1052
713 1055
713 1072
713 1083
713 1094
713 1096
713 1097
713 1099
713 1103
713 1115
713 1135
713 1144
713 1149
713 1156
713 1157
713 1160
713 1161
713 1165
713 1168
713 1179
713 1180
713 1183
713 1189
713 1190
713 1206
713 1212
713 1214
713 1216
713 1220
713 1224
713 1229
713 1234
713 1238
713 1241
713 1242
713 1246
713 1247
713 1249
713 1256
713 1257
713 1269
713 1308
713 1310
713 1311
713 1313
713 1322
713 1334
713 1340
713 1370
713 1381
713 1413
713 1424
713 1457
713 1462
713 1466
713 1484
713 1486
713 1487
713 1488
713 1494
713 1507
713 1515
713 1517
713 1525
713 1535
713 1537
713 1539
713 1540
713 1549
713 1558
713 1559
713 1561
713 1562
713 1565
713 1567
713 1568
713 1580
713 1582
713 1586
713 1592
713 1594
713 1598
713 1599
713 1602
713 1606
713 1607
713 1613
713 1614
713 1617
713 1618
713 1621
713 1622
713 1624
713 1625
713 1628
713 1632
713 1633
713 1635
713 1639
713 1641
713 1647
713 1651
713 1652
713 1653
713 1660
713 1663
713 1670
713 1680
713 1681
713 1684
713 1688
713 1692
713 1698
713 1702
713 1706
713 1709
713 1710
713 1712
713 1715
713 1723
713 1726
713 1728
713 1731
713 1732
713 1737
713 1738
713 1740
713 1741
713 1743
713 1746
713 1752
713 1765
713 1767
713 1768
713 1779
713 1783
713 1787
713 1794
713 1795
713 1799
713 1800
713 1802
713 1803
713 1805
713 1806
713 1810
713 1812
713 1813
713 1819
713 1820
713 1822
713 1823
713 1825
713 1831
713 1832
713 1833
713 1835
713 1838
713 1841
713 1843
713 1844
713 1845
713 1846
713 1851
713 1855
713 1857
713 1858
713 1859
713 1863
713 1865
713 1868
713 1869
713 1871
713 1873
713 1874
713 1875
713 1877
713 1879
713 1883
713 1889
713 1903
713 1906
713 1912
713 1914
713 1915
713 1955
713 1965
713 1980
713 1993
713 2001
713 2016
713 2028
713 2031
713 2042
713 2045
713 2076
713 2098
713 2107
713 2110
713 2112
713 2119
713 2120
713 2121
713 2123
713 2133
713 2141
713 2142
713 2143
713 2153
713 2161
713 2166
713 2177
713 2180
713 2184
713 2185
713 2189
713 2191
713 2196
713 2200
713 2201
713 2202
713 2203
713 2208
713 2210
713 2213
713 2221
713 2222
713 2224
713 2229
713 2231
713 2235
713 2236
713 2237
713 2244
713 2248
713 2250
713 2253
713 2256
713 2262
713 2265
713 2269
713 2271
713 2272
713 2276
713 2278
713 2281
713 2293
713 2303
713 2308
713 2310
713 2311
713 2314
713 2325
713 2336
713 2337
713 2346
713 2349
713 2354
713 2355
713 2376
713 2380
713 2384
713 2399
713 2426
713 2489
713 2491
713 2492
713 2496
713 2497
713 2502
713 2509
713 2510
713 2511
713 2513
713 2515
713 2518
713 2519
713 2521
713 2524
713 2534
713 2542
713 2546
713 2548
713 2550
713 2551
713 2552
713 2561
713 2563
713 2565
713 2578
713 2583
713 2590
713 2606
713 2617
713 2619
713 2620
713 2632
713 2642
713 2645
713 2647
713 2657
713 2658
713 2660
713 2661
713 2665
713 2672
713 2680
713 2687
713 2688
713 2690
713 2691
713 2694
713 2702
713 2704
713 2718
713 2746
713 2748
713 2819
713 2857
713 2875
713 2932
713 2945
713 2949
713 2961
713 2971
713 2972
713 2974
713 2980
713 2981
713 2982
713 2983
713 2985
713 2988
713 2995
713 3008
713 3021
713 3022
713 3023
713 3025
713 3026
713 3027
713 3030
713 3031
713 3033
713 3036
713 3051
713 3053
713 3054
713 3055
713 3059
713 3069
713 3081
713 3084
713 3094
713 3102
713 3105
713 3115
713 3118
713 3119
713 3135
713 3137
713 3138
713 3145
713 3155
713 3161
713 3162
713 3163
713 3165
713 3169
713 3170
713 3174
713 3185
713 3195
713 3202
713 3204
713 3205
713 3206
713 3211
715 1225
715 2259
716 2277
719 2142
720 721
720 789
720 985
720 1269
720 2151
720 3157
721 790
721 1247
722 1487
724 756
725 2968
730 742
733 912
733 1022
733 1510
733 1546
733 1723
733 1771
733 1848
733 2289
733 2306
733 2340
733 2344
733 2520
733 2560
733 3087
734 2193
734 2245
736 889
736 2440
736 2471
738 1370
742 1833
742 2635
743 1725
744 745
745 916
745 1029
745 1053
745 1059
745 1072
745 2482
745 2483
747 1484
747 2320
750 1723
752 1618
756 929
756 941
756 1052
756 2359
760 1761
762 818
762 928
762 1619
762 1862
762 2114
763 1810
765 1507
768 1666
768 1806
770 944
771 1300
772 891
772 1735
772 2156
772 2158
772 2671
772 2990
773 952
773 1509
773 2323
774 1830
776 903
777 2253
781 1171
781 2392
782 2287
783 818
784 1603
786 1471
787 2685
788 1297
788 2166
791 897
792 1090
792 1094
792 1152
792 1158
792 1174
792 1181
792 1182
792 1589
792 2435
792 2436
792 2437
792 2438
792 2439
793 1484
793 2386
793 2508
793 2999
794 1748
796 1731
796 2642
798 1810
799 1600
799 2231
799 2920
800 2494
802 2241
806 875
806 2642
806 2986
807 2642
808 876
810 1236
810 2599
813 2316
813 2332
813 2636
814 1063
814 2391
815 1515
818 822
818 886
818 928
818 996
818 1034
818 1331
818 1479
818 1484
818 1514
818 1614
818 1641
818 1658
818 1666
818 1676
818 1682
818 1689
818 1784
818 1810
818 1897
818 2131
818 2230
818 2255
818 2461
818 2495
818 2618
818 2686
818 2706
818 2710
822 1854
822 2625
859 2642
861 928
862 1725
863 2338
866 1331
867 868
867 877
867 1331
867 1522
867 1857
867 2261
867 2266
867 2514
867 2589
867 2593
867 3013
870 1225
870 1303
874 1331
874 1734
874 1901
874 2144
874 2159
874 2234
874 2242
874 2243
874 2263
874 2629
874 2630
874 2677
874 2678
874 2679
874 3057
878 2383
880 1331
880 1515
880 1731
880 1820
880 2118
880 2977
880 2987
880 3136
882 1096
882 1170
882 1181
882 1182
882 2435
882 2437
885 1247
886 887
886 888
886 889
886 890
886 891
886 977
886 1062
886 1065
886 1067
886 1078
886 1111
886 1196
886 1205
886 1260
886 1366
886 1369
886 1398
886 1431
886 1443
886 1648
886 1834
886 1970
886 1971
886 2019
886 2049
886 2065
886 2081
886 2097
886 2247
886 2264
886 2468
886 2481
886 2525
886 2587
886 2611
886 2614
886 2655
886 2771
886 2780
886 2815
886 2848
886 2926
887 2700
887 3032
888 2822
889 909
889 1032
889 1081
889 1130
889 1135
889 1156
889 1159
889 1161
889 1165
889 1176
889 1190
889 1725
889 1834
889 1898
889 2318
889 2391
889 2398
889 2406
889 2409
890 943
890 1212
890 1308
890 1467
890 1563
890 1645
890 1780
890 1834
890 1853
890 1924
890 1955
890 2001
890 2068
890 2076
890 2303
890 2460
890 2644
890 2742
890 2840
890 2885
890 2927
891 943
891 1432
891 1524
891 1770
891 1780
891 1834
891 1954
891 2057
891 2148
891 2214
891 2553
891 2616
891 2840
891 3026
892 1331
892 1695
892 1801
892 2580
892 2603
893 2166
897 903
902 1075
902 1079
902 1089
902 1164
902 1806
902 2401
903 2441
907 1247
908 1211
909 1198
909 1199
909 1532
914 928
915 1875
917 1486
917 2334
918 1526
920 1470
920 3024
922 929
925 2697
926 1115
926 2405
928 932
928 946
928 952
928 954
928 996
928 1028
928 1051
928 1179
928 1220
928 1231
928 1264
928 1331
928 1383
928 1425
928 1445
928 1515
928 1527
928 1531
928 1553
928 1556
928 1583
928 1596
928 1666
928 1719
928 1738
928 1748
928 1754
928 1765
928 1766
928 1792
928 1810
928 1840
928 1870
928 1874
928 1890
928 2115
928 2128
928 2157
928 2165
928 2181
928 2190
928 2225
928 2252
928 2292
928 2315
928 2330
928 2379
928 2515
928 2521
928 2596
928 2649
928 2674
928 2714
928 2756
928 2826
928 2952
928 3012
928 3063
928 3085
928 3131
928 3153
928 3156
928 3167
930 1207
931 1643
931 2357
933 1671
941 1753
943 1557
943 1620
943 1800
943 2301
943 2343
943 2363
943 3052
943 3073
943 3088
944 1225
945 3028
948 1484
949 1122
953 1236
953 3028
954 2321
958 1212
958 2303
960 1800
974 1515
977 1073
977 1258
981 1484
981 1515
981 1599
984 1024
988 1486
991 2303
992 1734
994 2477
995 1170
996 1574
996 1864
996 3094
1000 1757
1000 1758
1002 3009
1004 2383
1005 1515
1018 2293
1020 1225
1020 1939
1020 1979
1020 2006
1020 2094
1020 2752
1020 2762
1020 2792
1020 2799
1020 2831
1020 2872
1021 1597
1022 1723
1024 2649
1025 2411
1025 2451
1028 1484
1030 1509
1030 1556
1030 1611
1030 1872
1030 2170
1030 2228
1030 2260
1030 3072
1031 1851
1031 2644
1036 1331
1036 1681
1038 3101
1038 3187
1040 2288
1041 1331
1041 1614
1041 1717
1041 1736
1041 1900
1041 2223
1041 2381
1041 3015
1042 1083
1047 1366
1047 1445
1055 1072
1055 2456
1056 1072
1057 1072
1058 1072
1061 1084
1061 1800
1064 1161
1065 1070
1065 1072
1065 1082
1068 1170
1068 2392
1069 1072
1069 1076
1070 1192
1070 1532
1070 2429
1072 1074
1072 1077
1072 1078
1072 1080
1072 1085
1072 1086
1072 1087
1072 1153
1072 1154
1072 1159
1072 1160
1072 1169
1072 1170
1072 2397
1072 2400
1072 2429
1072 2455
1072 2478
1072 2479
1072 2879
1083 1084
1083 1170
1083 1172
1083 1194
1083 2391
1083 2466
1083 2485
1088 2392
1088 2475
1090 1166
1091 1176
1092 1205
1095 2438
1099 1133
1101 1115
1102 1115
1104 1134
1105 1119
1105 1135
1105 1170
1109 1115
1112 1170
1112 2426
1113 1138
1115 1129
1115 1134
1115 2413
1115 2422
1119 1139
1126 1138
1128 1130
1129 1131
1130 2421
1131 2420
1132 1167
1132 1187
1135 1138
1138 2417
1138 2418
1140 2413
1145 1196
1146 2393
1148 2393
1150 1532
1150 2433
1151 1196
1157 1800
1157 2007
1160 1507
1161 1186
1161 1191
1161 1202
1162 1165
1162 2391
1163 1168
1165 1167
1165 2402
1166 1248
1166 2438
1168 1800
1170 2421
1171 2305
1172 1800
1174 1175
1174 1177
1174 2430
1174 2469
1174 2486
1175 1176
1176 1177
1176 2156
1176 2399
1176 2468
1178 2490
1180 1532
1180 2432
1184 1532
1185 2393
1194 1800
1196 2444
1209 2039
1211 3012
1212 1223
1212 1485
1212 1513
1212 2156
1212 2326
1212 2365
1212 2577
1212 2591
1212 2654
1212 3065
1212 3123
1212 3124
1212 3151
1212 3186
1212 3210
1218 2976
1219 1614
1221 1810
1221 2976
1223 2303
1225 1234
1225 1331
1225 1596
1225 1798
1225 2516
1225 2601
1227 1509
1234 1331
1234 1428
1235 1614
1236 3117
1238 1528
1238 2279
1238 2528
1238 2530
1238 2605
1238 3168
1239 1515
1239 1810
1245 1486
1245 1720
1252 1772
1253 2156
1254 2156
1255 1731
1256 2637
1260 1366
1262 1486
1262 1515
1262 2330
1262 2631
1268 1810
1269 3056
1273 1294
1302 1303
1302 1377
1302 1469
1302 1931
1302 1967
1302 1988
1302 1994
1302 2058
1302 2801
1302 2803
1303 1331
1303 1366
1303 1427
1303 1515
1303 1676
1303 1858
1303 1923
1303 1968
1303 1978
1303 2736
1303 2833
1303 2933
1305 2059
1305 2062
1305 2091
1307 1970
1309 1324
1310 1366
1310 1431
1310 2072
1310 2233
1311 1676
1311 2785
1312 1366
1312 2777
1315 1381
1316 1927
1317 1927
1318 1945
1319 1927
1320 1971
1320 1980
1322 1382
1322 1932
1322 1933
1322 1940
1322 1944
1322 1945
1322 1946
1322 1947
1322 1948
1322 1949
1322 1950
1322 2016
1322 2079
1322 2886
1322 2887
1324 2081
1324 2089
1324 2866
1325 2047
1325 2930
1326 1988
1326 2087
1327 1374
1327 1943
1327 1992
1327 2077
1327 2761
1327 2778
1328 2805
1328 2937
1330 1331
1330 1406
1330 1453
1330 2079
1331 1336
1331 1366
1331 1385
1331 1389
1331 1395
1331 1406
1331 1424
1331 1463
1331 1484
1331 1515
1331 1597
1331 1653
1331 1661
1331 1689
1331 1691
1331 1730
1331 1806
1331 1819
1331 1876
1331 1923
1331 2100
1331 2585
1331 2724
1331 2733
1331 2765
1331 2976
1332 1406
1333 1957
1333 2059
1333 2062
1333 2090
1333 2730
1333 2764
1333 2820
1333 2823
1334 1800
1335 1443
1335 1465
1335 2903
1336 2737
1337 1343
1338 2081
1341 2010
1344 2920
1345 1415
1345 2895
1347 2016
1349 2918
1351 1950
1352 1355
1352 1358
1352 1360
1352 1361
1352 1362
1353 1359
1354 1365
1356 1357
1363 1364
1366 1367
1366 1406
1366 1421
1366 1425
1366 1436
1366 1458
1366 1460
1366 1470
1366 1496
1366 1588
1366 1990
1366 1993
1366 2010
1366 2221
1366 2741
1366 2765
1366 2774
1366 2788
1366 2937
1367 1937
1367 1969
1367 2728
1368 2065
1372 1434
1375 1434
1380 1406
1381 1402
1381 1423
1381 1452
1381 1974
1381 2776
1381 2785
1381 2806
1381 2868
1381 2874
1382 1465
1382 1967
1382 2734
1385 1386
1389 2759
1390 1955
1391 1945
1391 1970
1392 1431
1395 2010
1396 2007
1398 2023
1399 1676
1399 2769
1399 2939
1401 1927
1406 1463
1409 1800
1409 2801
1410 2007
1410 2873
1411 2066
1415 1946
1415 2731
1419 1932
1420 1997
1421 1427
1421 1507
1421 2003
1421 2860
1421 2894
1424 1699
1424 1933
1424 2733
1429 2022
1429 2919
1434 1934
1434 2816
1434 2855
1434 2865
1434 2900
1434 2905
1434 2914
1434 2917
1434 2934
1436 2080
1438 1925
1440 2803
1441 1988
1443 2734
1443 2759
1450 2005
1455 2845
1456 2010
1457 2096
1460 1800
1460 1977
1460 2008
1461 1927
1463 2010
1466 1800
1466 1966
1466 2018
1466 2755
1466 2770
1466 2838
1466 2929
1467 1947
1467 2065
1471 1971
1472 1990
1472 2009
1472 2102
1472 2103
1472 2156
1473 2768
1475 2068
1477 1676
1479 2539
1479 2610
1479 2967
1479 3070
1479 3166
1479 3175
1480 1806
1481 1800
1482 2179
1483 2642
1484 1518
1484 1625
1484 1657
1484 1664
1484 1665
1484 1689
1484 1733
1484 1744
1484 1754
1484 1766
1484 1772
1484 1829
1484 1860
1484 1872
1484 1968
1484 2183
1484 2241
1484 2279
1484 2358
1484 2505
1484 2536
1484 2960
1484 3014
1484 3160
1484 3168
1484 3212
1485 2303
1486 1517
1486 1542
1486 1615
1486 1649
1486 1716
1486 1841
1486 1849
1486 2176
1486 2354
1486 2998
1486 3048
1486 3074
1487 1676
1487 1791
1487 2669
1491 1721
1491 1731
1494 1507
1497 1499
1498 1499
1498 1502
1498 2160
1498 3075
1498 3089
1498 3107
1499 1677
1499 2488
1499 2550
1499 2962
1499 3172
1502 1893
1502 3115
1502 3182
1504 2979
1507 1516
1507 1554
1507 1597
1507 1687
1507 1796
1507 1891
1507 1897
1507 1910
1507 2050
1507 2052
1507 2179
1507 2251
1507 2333
1507 2393
1507 2648
1507 2662
1507 2773
1507 2866
1507 2948
1507 2965
1507 2968
1507 3091
1507 3145
1514 3180
1514 3189
1515 1558
1515 1564
1515 1583
1515 1614
1515 1720
1515 1785
1515 1806
1515 1815
1515 1899
1515 2134
1515 2198
1515 2200
1515 2218
1515 2325
1515 2338
1515 2347
1515 2377
1515 2501
1515 2536
1515 2540
1515 2683
1515 2712
1515 2945
1515 2953
1515 2955
1515 2978
1515 2998
1515 3142
1515 3203
1515 3207
1515 3215
1518 2244
1519 2350
1524 1526
1526 1601
1526 1604
1526 2388
1526 2671
1526 3024
1526 3077
1531 1535
1532 1898
1532 2156
1532 2392
1533 2156
1536 1697
1536 2109
1536 2699
1542 1720
1543 2601
1545 2348
1547 1731
1548 2996
1553 2277
1555 1800
1556 1711
1560 3213
1567 2261
1577 2242
1583 3113
1585 1810
1585 1833
1586 1725
1586 2557
1587 1653
1591 1592
1596 1826
1597 2976
1600 1681
1600 2238
1600 2601
1601 1648
1601 2129
1604 2129
1606 2125
1613 2135
1614 1654
1614 1655
1614 1727
1614 1750
1614 1755
1614 1756
1614 1757
1614 1758
1614 1759
1614 1760
1614 1761
1614 1762
1614 1763
1614 1903
1614 2104
1614 2105
1614 2387
1614 2538
1614 2570
1614 2571
1614 2572
1614 2573
1614 2650
1614 2651
1614 2652
1614 2653
1614 2977
1614 3201
1626 2268
1628 1676
1628 2245
1631 1731
1632 1800
1641 1723
1641 2211
1641 2941
1641 3180
1645 1648
1648 2158
1648 2388
1649 2597
1653 2765
1660 1704
1660 2156
1666 2139
1674 1676
1676 1747
1676 1887
1676 1888
1676 1923
1676 2134
1676 2336
1676 3154
1691 2461
1691 2719
1694 2156
1703 1795
1706 3117
1709 2587
1711 2521
1719 1806
1719 2618
1720 2176
1723 1808
1723 2340
1723 2564
1723 3066
1724 2314
1725 1729
1725 1828
1725 2167
1725 2207
1725 2700
1725 3045
1725 3064
1731 1786
1731 1870
1731 1893
1731 2115
1731 2276
1731 2324
1731 2372
1731 2497
1731 2504
1731 2515
1731 2596
1731 2714
1731 2955
1731 2959
1731 3020
1731 3035
1731 3062
1731 3109
1731 3131
1731 3182
1739 1810
1742 1905
1744 2357
1748 1814
1748 1824
1748 2303
1751 1810
1760 3001
1765 2137
1765 2541
1771 2956
1772 2250
1782 3078
1785 2618
1800 1803
1800 1924
1800 1938
1800 1951
1800 1959
1800 2007
1800 2013
1800 2045
1800 2059
1800 2063
1800 2148
1800 2392
1800 2442
1800 2460
1800 2467
1800 2588
1800 2646
1800 2741
1800 2774
1800 2788
1800 2821
1800 2829
1800 2881
1800 2893
1800 2896
1800 2927
1800 2932
1800 2949
1800 2965
1800 3003
1803 1824
1806 1861
1806 2026
1806 2116
1806 2351
1806 2684
1806 2944
1806 2976
1808 2285
1808 2526
1808 2613
1810 1816
1810 2135
1810 2367
1819 2156
1823 2515
1827 2240
1833 1882
1833 2127
1833 2192
1833 2267
1833 2378
1833 2621
1834 1852
1834 3088
1837 2676
1850 2644
1851 2193
1854 2641
1858 3000
1861 2270
1867 2007
1897 2994
1915 2964
1917 3203
1920 2010
1921 2768
1924 2780
1927 1928
1927 1945
1927 1984
1927 1986
1927 2007
1927 2088
1927 2769
1927 2891
1930 2027
1939 2788
1940 1941
1940 1943
1940 2012
1941 1942
1941 1943
1941 1944
1941 2893
1942 1944
1945 1952
1945 2739
1945 2808
1946 2024
1946 2723
1946 2797
1946 2854
1946 2871
1946 2878
1946 2897
1947 2061
1947 2901
1947 2904
1948 1980
1949 2943
1950 2006
1950 2830
1961 2881
1961 2887
1965 2007
1971 1982
1971 2002
1971 2014
1971 2094
1971 2725
1971 2807
1971 2862
1976 1996
1978 2779
1978 2810
1978 2869
1980 2017
1981 2063
1981 2079
1981 2757
1981 2852
1981 2922
1981 2928
1985 2859
1990 2156
1993 2889
1998 2042
1999 2000
1999 2849
2000 2021
2007 2303
2007 2478
2007 2745
2007 2885
2010 2060
2010 2618
2010 2728
2010 2749
2010 2758
2010 2795
2010 2861
2010 2904
2011 2923
2027 2044
2028 2156
2030 2081
2031 2847
2031 2853
2034 2768
2036 2084
2037 2771
2039 2829
2045 2079
2051 2081
2056 2103
2056 2156
2056 2787
2057 2726
2057 2800
2059 2818
2060 2870
2062 2083
2065 2901
2066 2771
2067 2819
2068 2743
2071 2073
2073 2782
2073 2819
2073 2825
2073 2908
2074 2768
2078 2086
2079 2913
2081 2754
2081 2921
2092 2723
2093 2920
2097 2738
2101 2767
2101 2829
2108 2156
2115 2379
2116 2195
2125 2126
2126 2203
2126 2604
2126 2615
2126 2692
2126 2695
2126 3118
2126 3130
2142 2149
2142 2260
2142 2535
2146 2241
2150 3176
2153 2585
2155 2585
2156 2235
2156 2246
2156 2259
2156 2303
2156 2682
2156 2689
2156 3018
2156 3116
2159 2966
2159 3050
2166 2293
2166 2675
2166 3156
2176 3019
2185 2643
2186 3005
2186 3096
2217 2976
2246 3159
2270 2332
2270 2527
2277 2283
2277 2536
2277 2625
2277 3002
2277 3144
2285 2286
2303 2591
2303 2608
2309 2363
2310 3104
2350 2618
2387 3082
2393 2395
2393 2445
2393 2446
2393 2447
2393 2448
2393 2449
2393 2450
2404 2488
2413 2425
2431 2488
2445 2446
2457 2458
2458 2463
2458 2476
2458 2484
2486 2487
2491 2585
2506 2628
2509 2585
2521 3067
2522 3095
2577 2984
2581 3126
2616 2973
2642 2707
2700 3039
2723 2731
2730 2892
2733 2768
2745 2910
2748 2890
2763 2768
2766 2848
2767 2814
2797 2839
2797 2849
2811 2915
2819 2824
2819 2912
2829 2912
2832 2924
2845 2898
2848 2875
2851 2931
2854 2907
2858 2896
2884 2888
2888 2924
2913 2936
2976 3074
2976 3120
3051 3058
3071 3134
3158 3160
3192 3206
