3015 5156
1 2
1 3
1 14
1 15
1 16
1 22
1 23
1 24
1 29
1 30
1 34
1 40
1 44
1 45
1 52
1 53
1 56
1 60
1 65
1 81
1 108
1 110
1 117
1 118
1 132
1 136
1 192
1 194
1 197
1 208
1 256
1 279
1 302
1 309
1 329
1 354
1 359
1 402
1 425
1 437
1 454
1 467
1 479
1 522
1 525
1 541
1 603
1 661
1 663
1 673
1 675
1 677
1 685
1 699
1 706
1 708
1 722
1 732
1 748
1 751
1 752
1 755
1 764
1 770
1 787
1 789
1 791
1 812
1 817
1 858
1 879
1 901
1 911
1 923
1 966
1 973
1 993
1 1016
1 1030
1 1073
1 1158
1 1166
1 1194
1 1199
1 1220
1 1247
1 1297
1 1319
1 1376
1 1480
1 1481
1 1498
1 1502
1 1504
1 1518
1 1520
1 1522
1 1524
1 1536
1 1554
1 1569
1 1602
1 1618
1 1627
1 1649
1 1660
1 1669
1 1753
1 1768
1 1775
1 1776
1 1777
1 1796
1 1798
1 1799
1 1806
1 1828
1 1829
1 1839
1 1844
1 1846
1 1873
1 1878
1 1879
1 1898
1 1971
1 2037
1 2052
1 2102
1 2117
1 2130
1 2131
1 2132
1 2134
1 2139
1 2156
1 2160
1 2165
1 2191
1 2194
1 2201
1 2204
1 2210
1 2226
1 2232
1 2235
1 2237
1 2247
1 2259
1 2268
1 2290
1 2293
1 2294
1 2297
1 2320
1 2332
1 2344
1 2346
1 2361
1 2437
1 2448
1 2449
1 2471
1 2472
1 2478
1 2486
1 2504
1 2514
1 2518
1 2532
1 2545
1 2559
1 2560
1 2579
1 2597
1 2600
1 2607
1 2620
1 2630
1 2634
1 2648
1 2872
1 2882
1 2885
1 2900
1 2902
1 2904
1 2920
1 2982
1 2984
1 2985
1 2990
4 149
4 708
5 1233
6 121
6 2208
7 86
8 132
8 216
9 121
9 1283
9 1561
9 1564
9 2208
10 312
11 296
12 425
13 72
15 132
15 391
15 425
15 522
16 865
17 1502
18 190
18 191
18 1472
19 87
20 86
20 296
21 86
22 132
23 121
25 86
26 312
26 708
27 2947
28 86
30 132
30 149
30 210
30 287
30 774
31 1410
32 126
32 867
33 388
34 425
35 42
36 132
36 197
36 665
36 1672
36 2228
37 121
37 2208
38 191
39 42
39 279
40 132
40 197
41 197
41 390
41 456
41 472
41 708
41 2472
41 2574
42 522
42 708
42 2115
42 2431
43 1250
43 1472
43 2296
44 132
44 425
46 64
46 80
46 132
46 708
46 1808
46 2262
46 2318
46 2516
46 2606
47 812
48 72
48 87
49 132
49 312
49 708
50 121
50 330
50 2208
51 708
51 1341
51 1343
51 1345
51 1348
51 1352
51 1923
52 132
53 132
54 62
54 87
54 328
54 708
55 2115
56 197
57 115
58 1472
59 132
60 81
60 87
60 121
60 132
60 197
60 209
60 210
60 256
60 279
60 334
60 420
60 425
60 429
60 522
60 702
60 708
60 812
60 871
60 1042
60 1289
60 1579
60 1600
60 1602
60 1641
60 1645
60 1694
60 1722
60 1798
60 1900
60 2110
60 2165
60 2306
60 2453
60 2504
60 2564
60 2759
60 2873
60 2891
60 2969
60 2991
60 3004
61 121
61 528
62 67
62 708
62 858
63 193
63 279
64 279
66 1233
67 888
68 197
69 1224
70 444
70 2766
71 197
71 2164
72 188
72 279
72 380
72 812
72 1032
72 1478
72 1519
72 1823
72 2335
73 76
74 76
74 708
74 2131
74 2886
75 105
76 191
76 1041
76 1195
77 708
78 87
79 113
80 701
80 708
80 725
80 857
80 1712
80 1820
80 2632
81 86
81 87
81 103
81 112
81 121
81 132
81 133
81 151
81 205
81 256
81 279
81 283
81 287
81 300
81 306
81 320
81 321
81 322
81 323
81 324
81 359
81 368
81 369
81 371
81 375
81 391
81 425
81 427
81 448
81 486
81 489
81 522
81 558
81 572
81 582
81 600
81 614
81 618
81 623
81 638
81 665
81 689
81 708
81 776
81 812
81 861
81 862
81 869
81 875
81 881
81 923
81 989
81 1026
81 1031
81 1033
81 1289
81 1297
81 1298
81 1309
81 1365
81 1448
81 1505
81 1575
81 1602
81 1630
81 1642
81 1650
81 1792
81 1904
81 2064
81 2208
82 87
82 320
83 425
84 86
85 86
86 90
86 124
86 132
86 191
86 197
86 279
86 425
86 456
86 522
86 552
86 651
86 669
86 670
86 671
86 694
86 708
86 743
86 1289
86 1472
86 1761
87 121
87 132
87 197
87 201
87 203
87 279
87 285
87 309
87 391
87 404
87 425
87 522
87 545
87 556
87 688
87 708
87 812
87 1016
87 1319
87 1808
87 1886
88 312
89 691
90 227
91 628
92 112
92 140
93 95
94 329
95 241
95 242
95 329
96 329
97 329
98 329
99 329
100 329
101 329
102 150
102 634
102 708
102 1920
103 287
103 310
103 582
103 1314
103 1382
103 2030
104 503
105 113
105 153
105 155
106 329
107 197
108 132
109 177
109 1920
111 280
112 139
112 140
112 197
112 279
112 329
112 330
112 425
112 522
112 708
112 812
112 923
112 1566
113 125
113 130
113 152
113 154
113 163
113 165
113 166
113 167
113 168
113 169
113 461
113 708
113 793
113 1786
113 1794
113 2654
114 388
115 540
115 708
115 1893
115 2506
116 169
117 1717
119 329
119 684
120 329
121 128
121 197
121 279
121 307
121 425
121 522
121 708
121 812
121 1562
121 1563
121 2208
121 2649
122 313
122 468
123 1156
123 1160
124 191
124 812
126 132
126 197
126 473
126 522
126 669
126 794
126 866
126 867
126 904
126 928
126 1557
126 1769
126 2573
126 2852
126 2934
127 142
129 256
129 364
131 1472
132 133
132 134
132 135
132 158
132 160
132 194
132 197
132 209
132 256
132 264
132 279
132 282
132 283
132 290
132 300
132 337
132 341
132 346
132 351
132 359
132 382
132 391
132 425
132 427
132 433
132 458
132 459
132 467
132 471
132 475
132 489
132 510
132 519
132 521
132 524
132 526
132 527
132 537
132 555
132 560
132 570
132 597
132 602
132 603
132 620
132 626
132 638
132 650
132 653
132 660
132 661
132 662
132 665
132 673
132 676
132 678
132 685
132 689
132 690
132 691
132 702
132 706
132 708
132 723
132 732
132 745
132 749
132 751
132 754
132 760
132 764
132 766
132 771
132 775
132 776
132 788
132 792
132 801
132 807
132 812
132 815
132 854
132 861
132 862
132 868
132 869
132 875
132 877
132 886
132 890
132 893
132 896
132 905
132 906
132 907
132 910
132 916
132 920
132 923
132 927
132 936
132 938
132 939
132 945
132 948
132 952
132 955
132 956
132 966
132 967
132 968
132 969
132 971
132 972
132 973
132 974
132 976
132 977
132 979
132 981
132 982
132 983
132 985
132 987
132 989
132 990
132 991
132 992
132 994
132 996
132 999
132 1013
132 1014
132 1016
132 1018
132 1019
132 1020
132 1022
132 1023
132 1025
132 1026
132 1027
132 1028
132 1033
132 1038
132 1040
132 1042
132 1043
132 1044
132 1055
132 1107
132 1127
132 1165
132 1168
132 1194
132 1196
132 1197
132 1198
132 1201
132 1202
132 1204
132 1205
132 1206
132 1207
132 1211
132 1212
132 1214
132 1218
132 1220
132 1222
132 1223
132 1225
132 1227
132 1228
132 1229
132 1232
132 1234
132 1235
132 1236
132 1239
132 1242
132 1247
132 1248
132 1251
132 1252
132 1253
132 1254
132 1287
132 1289
132 1297
132 1319
132 1324
132 1356
132 1372
132 1373
132 1378
132 1400
132 1405
132 1430
132 1435
132 1439
132 1471
132 1472
132 1474
132 1481
132 1483
132 1484
132 1485
132 1496
132 1497
132 1498
132 1509
132 1510
132 1511
132 1512
132 1515
132 1520
132 1524
132 1525
132 1532
132 1533
132 1535
132 1537
132 1538
132 1539
132 1542
132 1544
132 1545
132 1548
132 1549
132 1572
132 1573
132 1575
132 1576
132 1581
132 1583
132 1584
132 1587
132 1588
132 1593
132 1594
132 1596
132 1602
132 1604
132 1610
132 1611
132 1612
132 1616
132 1621
132 1625
132 1626
132 1628
132 1633
132 1635
132 1640
132 1641
132 1647
132 1648
132 1649
132 1656
132 1657
132 1658
132 1659
132 1660
132 1661
132 1663
132 1664
132 1669
132 1670
132 1680
132 1682
132 1683
132 1688
132 1690
132 1692
132 1694
132 1695
132 1700
132 1704
132 1705
132 1709
132 1711
132 1714
132 1716
132 1717
132 1722
132 1723
132 1727
132 1728
132 1730
132 1734
132 1735
132 1738
132 1753
132 1756
132 1759
132 1760
132 1764
132 1768
132 1774
132 1775
132 1776
132 1779
132 1780
132 1786
132 1787
132 1788
132 1790
132 1791
132 1792
132 1793
132 1796
132 1797
132 1798
132 1803
132 1804
132 1805
132 1806
132 1809
132 1816
132 1817
132 1819
132 1825
132 1827
132 1828
132 1836
132 1844
132 1845
132 1848
132 1849
132 1851
132 1857
132 1858
132 1861
132 1862
132 1866
132 1867
132 1871
132 1873
132 1875
132 1876
132 1880
132 1883
132 1885
132 1889
132 1894
132 1895
132 1898
132 1899
132 1908
132 1909
132 1953
132 1974
132 2006
132 2051
132 2086
132 2091
132 2092
132 2094
132 2096
132 2098
132 2101
132 2105
132 2108
132 2110
132 2111
132 2119
132 2121
132 2129
132 2134
132 2137
132 2138
132 2139
132 2140
132 2142
132 2146
132 2148
132 2150
132 2151
132 2155
132 2159
132 2163
132 2168
132 2169
132 2172
132 2174
132 2176
132 2179
132 2181
132 2182
132 2183
132 2194
132 2195
132 2197
132 2198
132 2199
132 2200
132 2203
132 2205
132 2206
132 2207
132 2216
132 2221
132 2225
132 2226
132 2233
132 2236
132 2238
132 2243
132 2248
132 2249
132 2250
132 2252
132 2255
132 2259
132 2264
132 2265
132 2266
132 2270
132 2276
132 2281
132 2284
132 2289
132 2299
132 2300
132 2301
132 2304
132 2305
132 2306
132 2308
132 2316
132 2318
132 2322
132 2326
132 2327
132 2329
132 2331
132 2337
132 2341
132 2343
132 2344
132 2345
132 2346
132 2349
132 2350
132 2355
132 2362
132 2365
132 2390
132 2431
132 2439
132 2446
132 2448
132 2453
132 2456
132 2457
132 2460
132 2463
132 2464
132 2469
132 2470
132 2481
132 2482
132 2485
132 2488
132 2490
132 2493
132 2494
132 2499
132 2505
132 2511
132 2512
132 2517
132 2519
132 2520
132 2523
132 2529
132 2530
132 2531
132 2535
132 2537
132 2546
132 2547
132 2557
132 2560
132 2561
132 2563
132 2565
132 2570
132 2571
132 2576
132 2577
132 2579
132 2596
132 2598
132 2599
132 2601
132 2604
132 2605
132 2606
132 2608
132 2611
132 2612
132 2615
132 2620
132 2622
132 2625
132 2630
132 2634
132 2636
132 2641
132 2642
132 2645
132 2646
132 2655
132 2713
132 2755
132 2780
132 2813
132 2842
132 2844
132 2848
132 2859
132 2864
132 2865
132 2871
132 2874
132 2879
132 2880
132 2889
132 2891
132 2892
132 2893
132 2895
132 2903
132 2905
132 2908
132 2911
132 2912
132 2915
132 2925
132 2927
132 2929
132 2931
132 2932
132 2933
132 2935
132 2938
132 2939
132 2941
132 2950
132 2951
132 2953
132 2958
132 2966
132 2967
132 2975
132 2978
132 2981
132 2982
132 2983
132 2988
132 2989
132 2991
132 2994
132 3001
132 3002
132 3005
132 3007
132 3008
132 3011
133 134
133 170
133 183
133 204
133 205
133 245
133 287
133 289
133 310
133 320
133 347
133 444
133 488
133 510
133 524
133 562
133 569
133 570
133 571
133 573
133 602
133 616
133 619
133 623
133 630
133 881
133 1288
133 1299
133 1310
133 1316
133 1317
133 1324
133 1334
133 1338
133 1368
133 1373
133 1378
133 1405
133 1413
133 1416
133 1431
133 1433
133 1437
133 1797
133 1903
133 1935
133 1957
133 1965
133 1981
133 1985
133 2002
133 2043
133 2077
133 2079
133 2661
133 2680
133 2691
133 2704
133 2716
133 2728
133 2731
133 2735
133 2757
133 2775
133 2781
133 2786
133 2796
133 2843
134 774
134 1018
134 1050
134 1070
134 1165
134 1188
134 2365
134 2414
134 2420
136 1717
137 197
137 816
137 862
137 2580
138 151
138 626
140 244
141 329
142 232
142 329
142 708
143 313
143 389
144 214
144 219
145 708
146 289
147 600
147 2023
148 329
149 187
149 300
149 310
149 1039
149 1355
149 1786
149 1924
149 1971
156 388
156 1630
157 160
158 159
158 728
158 2218
159 160
159 1710
160 728
160 873
160 874
160 1500
160 1540
160 1666
160 1757
160 1762
160 2260
160 2321
160 2467
160 2551
160 2924
160 2973
161 873
161 2643
162 461
164 388
167 269
167 640
167 1629
167 1891
167 2957
170 171
170 180
170 181
170 182
170 319
170 320
170 623
170 1437
170 2037
172 313
173 313
174 313
175 313
176 256
176 365
177 256
178 179
178 589
178 600
178 1308
178 1371
178 1406
178 1454
178 1461
178 2037
178 2668
178 2687
179 580
179 1955
180 708
181 320
181 1323
182 449
182 600
183 320
184 2164
185 313
185 374
186 1233
187 287
187 373
187 708
188 1602
189 483
189 708
189 1063
189 1073
189 1137
189 1139
189 1140
189 1142
189 1156
189 1168
189 1177
189 1183
189 1188
189 1190
189 1191
189 1520
189 1844
189 2366
189 2368
189 2374
189 2375
189 2378
189 2396
189 2397
189 2406
189 2419
189 2425
189 2430
189 2433
190 191
191 425
191 667
191 708
191 746
191 747
191 880
191 1625
191 2180
191 2339
191 2886
191 2898
195 404
195 708
195 731
196 197
197 229
197 256
197 275
197 279
197 290
197 292
197 295
197 296
197 297
197 299
197 300
197 312
197 314
197 341
197 359
197 361
197 380
197 383
197 384
197 391
197 404
197 407
197 408
197 425
197 427
197 434
197 467
197 477
197 489
197 515
197 516
197 518
197 520
197 522
197 525
197 526
197 528
197 532
197 614
197 637
197 638
197 642
197 643
197 647
197 653
197 654
197 658
197 661
197 663
197 665
197 672
197 675
197 682
197 689
197 692
197 693
197 695
197 698
197 704
197 705
197 708
197 709
197 710
197 711
197 712
197 713
197 717
197 723
197 724
197 728
197 740
197 745
197 753
197 759
197 760
197 761
197 762
197 764
197 766
197 767
197 768
197 770
197 771
197 772
197 779
197 786
197 792
197 798
197 802
197 804
197 805
197 810
197 811
197 812
197 813
197 814
197 817
197 853
197 858
197 860
197 861
197 862
197 865
197 869
197 881
197 882
197 883
197 884
197 885
197 886
197 888
197 892
197 894
197 901
197 903
197 904
197 915
197 919
197 923
197 925
197 927
197 938
197 946
197 947
197 970
197 1017
197 1022
197 1028
197 1033
197 1037
197 1038
197 1043
197 1144
197 1201
197 1210
197 1211
197 1214
197 1219
197 1224
197 1229
197 1231
197 1238
197 1255
197 1389
197 1398
197 1468
197 1472
197 1474
197 1476
197 1478
197 1479
197 1481
197 1497
197 1501
197 1505
197 1511
197 1514
197 1516
197 1525
197 1536
197 1537
197 1543
197 1548
197 1549
197 1570
197 1571
197 1574
197 1578
197 1581
197 1586
197 1587
197 1588
197 1594
197 1602
197 1605
197 1610
197 1611
197 1614
197 1615
197 1617
197 1623
197 1630
197 1631
197 1632
197 1635
197 1640
197 1642
197 1647
197 1651
197 1667
197 1670
197 1671
197 1673
197 1674
197 1680
197 1684
197 1687
197 1688
197 1691
197 1693
197 1698
197 1701
197 1702
197 1708
197 1713
197 1717
197 1722
197 1725
197 1731
197 1735
197 1750
197 1754
197 1755
197 1767
197 1771
197 1772
197 1783
197 1785
197 1786
197 1788
197 1790
197 1792
197 1794
197 1795
197 1817
197 1836
197 1842
197 1844
197 1849
197 1851
197 1859
197 1864
197 1865
197 1873
197 1878
197 1890
197 2089
197 2090
197 2096
197 2098
197 2108
197 2114
197 2120
197 2121
197 2125
197 2126
197 2132
197 2138
197 2141
197 2143
197 2153
197 2158
197 2163
197 2164
197 2166
197 2168
197 2183
197 2186
197 2193
197 2197
197 2213
197 2214
197 2215
197 2225
197 2227
197 2239
197 2240
197 2242
197 2244
197 2251
197 2257
197 2258
197 2261
197 2268
197 2298
197 2304
197 2312
197 2313
197 2314
197 2330
197 2348
197 2352
197 2358
197 2445
197 2454
197 2473
197 2478
197 2479
197 2484
197 2487
197 2488
197 2499
197 2503
197 2506
197 2542
197 2548
197 2569
197 2575
197 2577
197 2578
197 2579
197 2583
197 2603
197 2610
197 2614
197 2621
197 2627
197 2628
197 2644
197 2845
197 2860
197 2869
197 2871
197 2872
197 2888
197 2906
197 2913
197 2917
197 2918
197 2922
197 2923
197 2934
197 2936
197 2938
197 2940
197 2946
197 2949
197 2951
197 2963
197 2965
197 2978
197 2980
197 2986
197 2995
197 2998
197 2999
197 3004
197 3005
198 287
198 708
198 2739
198 2783
199 280
200 708
202 287
202 300
202 372
202 1319
202 1374
202 1988
202 2669
203 1237
204 602
204 885
204 1305
204 1388
204 1966
205 207
205 582
205 2812
206 287
206 310
206 370
206 508
206 1355
206 1393
206 1397
206 1404
206 1844
206 1963
206 1971
206 2000
206 2017
206 2736
206 2772
206 2784
207 286
207 466
207 531
207 561
207 708
207 1382
207 1396
207 1921
209 279
209 336
209 359
209 522
209 647
209 709
209 812
209 861
209 923
209 1033
209 1505
209 1608
209 1630
209 2007
210 287
210 310
210 1326
210 1355
210 2028
210 2759
211 1820
212 287
212 304
212 310
212 600
212 601
212 607
212 608
212 689
212 708
212 1319
212 1355
212 1394
212 2008
212 2421
212 2841
213 2164
214 256
214 261
214 774
215 256
215 857
216 256
216 263
216 786
216 980
216 1037
216 1472
217 248
217 256
217 274
217 353
217 757
217 855
217 2017
217 2972
218 256
218 260
218 263
218 288
218 482
218 742
218 744
218 980
218 1819
218 2105
219 248
219 256
219 482
219 2115
219 2496
219 2972
220 256
220 452
220 639
220 660
220 944
220 1029
220 1793
220 1886
220 2279
221 256
221 1712
221 2494
222 256
223 246
223 256
223 668
223 1052
224 256
224 422
225 256
225 377
225 527
225 550
225 645
225 2342
226 256
227 256
227 268
227 517
227 655
227 860
228 256
228 652
228 730
228 1283
228 1532
228 1779
230 289
231 893
231 1224
231 2088
231 2543
231 2565
231 2637
233 329
234 329
235 329
236 329
237 329
238 329
239 329
240 329
242 329
243 777
243 898
245 444
245 491
245 493
245 494
245 496
245 498
245 1289
247 883
249 256
250 256
251 256
251 364
252 256
252 2017
252 2676
253 708
254 256
255 256
256 257
256 258
256 259
256 265
256 266
256 267
256 270
256 271
256 272
256 279
256 300
256 364
256 425
256 708
256 923
258 284
258 1771
259 273
262 708
262 884
266 2722
269 708
269 1786
269 2218
276 1389
276 1922
277 289
278 280
279 300
279 359
279 391
279 425
279 427
279 480
279 489
279 522
279 539
279 614
279 638
279 702
279 708
279 812
279 869
279 875
279 881
279 886
279 916
279 923
279 949
279 950
279 966
279 981
279 1026
279 1107
279 1220
279 1299
279 1356
279 1472
279 1497
279 1575
279 1583
279 1596
279 1630
279 1638
279 1642
279 1663
279 1723
279 1806
279 2188
279 2217
279 2328
279 2451
279 2492
279 2526
279 2570
279 2877
279 2889
279 2976
280 444
280 503
280 559
280 595
280 631
281 2133
283 421
283 425
283 522
283 708
283 1319
283 1472
287 289
287 300
287 313
287 315
287 318
287 325
287 366
287 420
287 425
287 430
287 440
287 446
287 502
287 511
287 553
287 554
287 562
287 564
287 574
287 584
287 591
287 596
287 598
287 603
287 614
287 621
287 623
287 630
287 881
287 1288
287 1290
287 1297
287 1309
287 1312
287 1313
287 1323
287 1324
287 1328
287 1339
287 1356
287 1374
287 1409
287 1440
287 1447
287 1464
287 1465
287 1484
287 1497
287 1908
287 1910
287 1941
287 1942
287 1970
287 1974
287 1997
287 2014
287 2018
287 2031
287 2032
287 2048
287 2319
287 2660
287 2669
287 2676
287 2677
287 2684
287 2772
287 2805
289 300
289 385
289 444
289 503
289 566
289 573
289 575
289 594
289 595
289 600
289 1319
289 1362
289 1436
289 1437
289 1976
289 2034
289 2741
290 1214
291 637
291 2087
291 2133
291 2262
292 708
292 2647
293 313
293 468
294 689
294 898
295 1604
295 1716
295 1852
296 300
296 735
296 889
296 1517
296 1819
296 2292
296 2705
298 300
298 1568
299 750
300 315
300 378
300 391
300 425
300 427
300 444
300 511
300 544
300 626
300 708
300 720
300 726
300 876
301 1505
302 310
303 1712
304 708
304 923
305 444
305 568
308 736
310 356
310 420
310 433
310 468
310 506
310 513
310 582
310 597
310 619
310 632
310 636
310 881
310 1039
310 1248
310 1289
310 1297
310 1299
310 1316
310 1355
310 1356
310 1381
310 1395
310 1410
310 1414
310 1425
310 1444
310 1459
310 1460
310 1484
310 1984
310 1991
310 2074
310 2593
310 2774
311 444
311 1786
312 1477
312 1526
312 1597
312 1639
313 358
313 1952
313 1993
313 2068
313 2809
314 425
315 316
315 317
318 425
318 444
318 1319
318 2708
319 320
320 623
320 1309
320 1323
320 1385
321 2683
324 1952
324 2777
325 445
325 2066
326 708
327 708
329 340
329 342
329 343
329 344
329 435
329 451
329 453
329 481
329 700
329 818
329 819
329 820
329 821
329 822
329 823
329 824
329 825
329 826
329 827
329 828
329 829
329 830
329 831
329 832
329 833
329 834
329 835
329 836
329 837
329 838
329 839
329 840
329 841
329 842
329 843
329 844
329 845
329 846
329 847
329 848
329 849
329 850
329 851
329 852
329 899
329 929
329 930
329 931
329 932
329 933
329 934
329 1000
329 1001
329 1002
329 1003
329 1004
329 1005
329 1006
329 1007
329 1008
329 1009
329 1010
329 1226
329 1257
329 1258
329 1259
329 1261
329 1262
329 1263
329 1264
329 1265
329 1266
329 1267
329 1268
329 1269
329 1270
329 1271
329 1272
329 1273
329 1274
329 1275
329 1276
329 1277
329 1278
329 1279
329 1280
329 1281
329 1282
329 1284
329 1285
329 1558
329 1559
329 1560
329 1872
329 2796
331 708
331 2930
332 446
333 576
333 708
333 1289
333 1309
333 2023
335 350
335 424
335 557
335 610
335 627
335 633
335 1370
335 1944
335 1993
335 2838
337 708
337 2842
338 637
339 2133
341 708
341 1688
341 2176
341 2999
345 1224
348 1064
349 708
350 1912
351 1717
352 765
354 1630
355 885
356 506
357 708
357 1784
359 391
359 425
359 432
359 484
359 517
359 538
359 653
359 695
359 708
359 786
359 860
359 956
359 970
359 1230
359 1246
359 1289
359 1588
359 1590
359 1668
359 1760
359 1763
359 1778
359 1835
359 1877
359 2095
359 2149
359 2232
359 2287
359 2444
359 2455
359 2502
359 2646
359 2851
359 2858
359 2903
359 2928
359 2936
359 2952
359 2966
359 3007
360 708
360 1162
360 1520
360 1786
361 708
361 1213
361 2534
362 2509
363 710
363 2617
365 1993
366 1300
367 608
369 558
371 487
371 567
371 578
371 611
371 612
371 1338
371 1438
371 1931
371 2013
371 2729
371 2753
371 2780
376 597
377 467
379 466
380 708
381 421
382 637
382 708
384 1729
385 622
386 542
386 546
386 549
386 1472
386 2152
387 2208
388 461
388 463
388 708
388 778
388 997
388 1540
388 1786
388 1833
388 1834
388 1891
388 2260
388 2336
388 2357
388 2440
388 2467
388 2616
388 2855
388 2857
388 2924
391 392
391 393
391 401
391 404
391 405
391 406
391 407
391 409
391 410
391 412
391 415
391 416
391 417
391 418
391 425
391 427
391 429
391 469
391 489
391 522
391 523
391 582
391 614
391 638
391 708
391 709
391 776
391 812
391 862
391 869
391 875
391 881
391 886
391 916
391 921
391 989
391 1021
391 1033
391 1046
391 1090
391 1091
391 1092
391 1093
391 1094
391 1095
391 1096
391 1097
391 1100
391 1101
391 1102
391 1104
391 1105
391 1106
391 1108
391 1110
391 1112
391 1113
391 1114
391 1115
391 1116
391 1120
391 1121
391 1122
391 1124
391 1128
391 1129
391 1130
391 1131
391 1132
391 1135
391 1162
391 1164
391 1220
391 1297
391 1326
391 1356
391 1484
391 1497
391 1505
391 1575
391 1608
391 1642
391 1655
391 1792
391 2095
391 2327
391 2382
391 2383
391 2385
391 2391
391 2392
391 2423
392 520
393 394
393 395
393 396
393 397
393 399
393 400
393 402
393 404
393 407
393 411
393 419
393 520
393 708
393 1103
394 404
394 520
395 520
396 520
397 520
398 520
398 670
398 680
399 414
399 520
400 520
401 708
401 1107
401 1114
401 2384
402 404
403 1130
404 407
404 413
404 520
404 688
404 696
404 1133
405 407
405 412
405 1099
405 1102
405 1107
405 1108
405 1117
405 1187
405 2387
405 2594
407 409
407 410
407 412
407 415
407 418
407 420
407 429
407 523
407 708
407 785
407 995
407 1091
407 1092
407 1096
407 1100
407 1106
407 1110
407 1112
407 1113
407 1114
407 1130
407 1135
407 1164
407 2369
407 2382
407 2383
407 2394
408 520
409 883
410 1098
411 520
412 708
412 1106
412 1119
412 1124
412 1130
412 2382
412 2384
412 2388
412 2393
418 1162
420 708
420 1323
420 1355
423 1315
425 427
425 467
425 522
425 526
425 537
425 582
425 588
425 605
425 614
425 638
425 665
425 689
425 697
425 702
425 708
425 734
425 790
425 812
425 861
425 865
425 869
425 875
425 881
425 886
425 905
425 916
425 922
425 923
425 973
425 989
425 998
425 1026
425 1028
425 1033
425 1208
425 1211
425 1216
425 1220
425 1230
425 1232
425 1289
425 1297
425 1299
425 1314
425 1316
425 1317
425 1321
425 1418
425 1440
425 1472
425 1484
425 1497
425 1505
425 1550
425 1567
425 1570
425 1582
425 1602
425 1626
425 1630
425 1642
425 1648
425 1650
425 1664
425 1676
425 1691
425 1693
425 1716
425 1751
425 1782
425 1792
425 1796
425 1797
425 1806
425 1870
425 1893
425 1980
425 1991
425 1999
425 2007
425 2018
425 2032
425 2083
425 2105
425 2117
425 2142
425 2182
425 2183
425 2190
425 2204
425 2234
425 2271
425 2272
425 2273
425 2274
425 2275
425 2276
425 2440
425 2452
425 2474
425 2489
425 2493
425 2497
425 2505
425 2529
425 2536
425 2563
425 2586
425 2602
425 2631
425 2636
425 2639
425 2645
425 2653
425 2736
425 2778
425 2809
425 2849
425 2859
425 2871
425 2886
425 2900
425 2915
425 2923
425 2928
425 2933
425 2970
425 2975
425 2977
425 2988
425 2989
425 3014
425 3015
426 736
426 1012
426 1820
427 522
427 665
427 708
427 1319
427 1425
427 1645
427 1866
427 2100
427 2124
427 2189
427 2439
427 3012
428 672
431 883
432 1468
434 657
436 512
436 565
436 579
436 708
436 1403
436 1916
436 1933
436 1936
436 2768
436 2782
436 2840
438 514
439 1288
439 2045
439 2193
439 2657
439 2665
440 2842
441 1908
442 1344
442 1908
443 1905
443 1921
444 500
444 580
444 600
444 1319
447 884
447 1988
449 708
449 884
450 1288
455 2192
457 466
459 708
460 461
461 462
461 464
461 465
466 1311
466 1360
467 468
467 469
467 534
467 708
467 812
467 1199
467 1221
467 1319
467 1487
467 1488
467 1489
467 1490
467 1491
467 1492
467 1493
467 1643
467 1644
467 1741
467 1742
467 1743
467 1745
467 1746
467 1747
467 1748
467 1749
467 2507
467 2508
467 2509
467 2510
467 2589
467 2590
467 2591
468 628
468 1355
468 1956
468 1968
468 1996
468 2679
469 1058
469 1067
469 1083
469 1181
470 1199
471 1150
472 1607
473 916
474 728
475 644
475 1162
476 708
478 523
478 1520
483 1139
483 1185
483 1188
483 1191
483 2380
483 2415
483 2416
483 2420
483 2429
484 2052
485 1062
487 1786
487 2044
489 522
489 708
489 1249
489 1319
489 1519
489 1535
489 2350
489 2484
490 491
491 492
494 495
496 497
498 499
501 590
501 631
501 2019
501 2753
502 1921
503 573
504 881
504 1407
504 1419
504 1786
504 1906
504 1933
504 2049
504 2080
504 2753
504 2773
504 2787
504 2806
505 506
505 1309
506 636
506 731
506 1289
506 1309
506 1355
506 1369
506 1416
506 1449
506 1466
506 1467
506 1901
506 2000
506 2058
506 2319
506 2593
506 2696
506 2712
506 2765
507 885
507 1392
507 2709
509 601
510 582
510 1330
510 2017
511 881
511 1387
511 1972
511 2007
511 2658
514 613
514 614
514 617
514 631
514 1335
515 708
516 721
516 812
516 1505
519 522
520 806
520 1134
520 1472
521 708
522 524
522 543
522 582
522 614
522 638
522 642
522 665
522 702
522 706
522 708
522 719
522 750
522 755
522 758
522 776
522 788
522 807
522 812
522 861
522 862
522 865
522 866
522 869
522 875
522 881
522 886
522 900
522 916
522 935
522 972
522 989
522 1021
522 1026
522 1028
522 1033
522 1107
522 1210
522 1211
522 1220
522 1248
522 1289
522 1297
522 1299
522 1319
522 1324
522 1356
522 1378
522 1468
522 1472
522 1484
522 1497
522 1504
522 1505
522 1550
522 1557
522 1575
522 1585
522 1602
522 1608
522 1619
522 1630
522 1638
522 1642
522 1655
522 1664
522 1670
522 1676
522 1678
522 1706
522 1716
522 1792
522 1796
522 1806
522 1847
522 1862
522 1904
522 1948
522 2007
522 2095
522 2145
522 2166
522 2208
522 2327
522 2423
522 2468
522 2522
522 2573
522 2676
522 2852
522 2873
523 943
523 1095
523 1108
523 1109
523 1119
523 1123
523 1129
523 1132
523 1844
523 2386
524 1355
524 2762
525 708
526 708
526 1539
529 637
530 708
531 1426
532 1796
533 1211
535 708
536 708
538 923
539 1505
542 552
544 708
547 2441
548 689
550 708
550 1496
551 689
551 1796
554 581
554 881
554 1317
554 1340
554 1389
554 1917
554 1957
554 1985
554 1986
554 1987
554 2699
554 2737
554 2738
554 2763
554 2786
554 2830
555 1415
555 2024
555 2037
555 2747
555 2768
558 1289
562 1908
563 1346
569 2675
570 885
570 1979
571 1298
571 1430
571 2685
572 1325
573 1319
574 2060
575 2804
577 579
577 586
577 2022
577 2040
577 2043
577 2656
577 2701
579 1443
579 1937
579 2043
579 2062
580 586
581 605
581 1317
582 950
582 1031
582 1310
582 1331
582 1334
582 1355
582 1409
582 1428
582 1467
582 1786
582 1903
582 1926
582 1981
582 2002
582 2017
582 2051
582 2077
582 2692
582 2748
582 2751
583 1980
583 1981
584 689
584 812
585 2012
586 2043
587 635
587 881
587 1013
589 1323
589 2663
591 2055
592 1380
592 1908
592 2036
592 2723
593 635
593 2076
597 1355
597 2815
598 1453
598 1928
598 1951
599 708
599 1413
599 2033
600 602
600 603
600 604
600 605
600 606
600 635
600 1289
600 1359
600 1413
600 1451
600 1920
600 1921
600 1924
600 2014
600 2037
600 2082
600 2726
601 1292
601 1424
601 2001
602 603
602 609
602 1293
602 1301
602 1368
602 1388
602 1401
602 1964
602 2680
603 1295
603 1307
603 1330
603 1960
603 1962
603 1995
603 1998
603 2035
603 2688
603 2730
603 2744
603 2766
603 2791
604 1357
604 2037
604 2042
604 2663
604 2710
604 2725
605 1439
605 1917
605 2016
605 2037
605 2081
605 2733
606 1331
606 1463
606 1981
607 608
607 1457
607 1943
608 2004
608 2054
609 1925
611 631
611 1423
612 1423
612 2057
612 2721
612 2767
612 2792
614 1355
614 1370
614 1393
614 2376
614 2659
614 2732
614 2810
615 1315
616 635
616 2078
618 2690
618 2720
619 1355
619 1948
619 1958
619 2718
621 2060
623 1323
623 1432
623 2082
624 1951
624 1960
625 1423
626 881
626 1289
626 1967
628 2021
628 2061
628 2793
629 885
629 2058
629 2811
631 656
631 1337
631 1367
631 1377
631 1411
631 1422
631 1423
632 1355
632 1706
635 1408
635 1979
635 2023
635 2674
635 2689
638 708
638 812
638 1468
638 1485
638 1826
638 2443
638 2651
641 1470
642 708
642 1687
644 739
646 1472
646 1505
648 689
648 708
649 708
650 708
652 2649
653 909
653 1215
653 1508
653 1578
653 1598
653 1907
653 2116
653 2128
653 2175
653 2497
653 2513
654 689
658 708
659 1472
659 1505
663 708
663 2875
664 708
665 708
665 1319
666 2430
670 1133
672 694
672 708
674 951
674 1529
674 1606
679 708
681 883
681 2133
681 2370
681 2372
682 708
682 1505
682 1736
682 1812
682 2544
683 708
683 1749
683 2590
683 2591
685 686
687 736
689 708
689 865
689 922
689 1039
689 1064
689 1211
689 1299
689 1319
689 1331
689 1428
689 1467
689 1470
689 1531
689 1550
689 1585
689 1664
689 1677
689 1678
689 1705
689 1721
689 1904
689 1939
689 1978
689 2134
689 2436
689 2539
689 2550
689 2858
689 2893
690 708
691 873
692 708
693 1602
693 2969
695 708
695 1200
695 2511
698 2176
702 1011
702 1319
702 1642
702 2103
703 883
703 2282
704 708
704 1649
704 1796
706 812
707 708
707 773
707 796
707 883
707 891
707 897
707 1085
707 1148
707 1158
707 2399
707 2428
708 709
708 710
708 712
708 718
708 721
708 727
708 732
708 745
708 749
708 751
708 755
708 756
708 759
708 762
708 774
708 777
708 779
708 780
708 785
708 787
708 790
708 791
708 797
708 802
708 804
708 805
708 812
708 859
708 860
708 861
708 862
708 863
708 864
708 865
708 867
708 869
708 875
708 878
708 886
708 887
708 890
708 894
708 895
708 901
708 904
708 905
708 913
708 915
708 916
708 917
708 918
708 923
708 926
708 927
708 928
708 937
708 941
708 947
708 953
708 957
708 958
708 959
708 960
708 961
708 962
708 963
708 964
708 965
708 968
708 969
708 977
708 980
708 981
708 986
708 987
708 989
708 992
708 995
708 1017
708 1018
708 1022
708 1026
708 1028
708 1033
708 1035
708 1036
708 1037
708 1042
708 1044
708 1047
708 1064
708 1075
708 1086
708 1088
708 1089
708 1091
708 1095
708 1104
708 1107
708 1127
708 1136
708 1141
708 1149
708 1150
708 1153
708 1154
708 1157
708 1160
708 1169
708 1170
708 1173
708 1178
708 1179
708 1193
708 1199
708 1201
708 1203
708 1206
708 1210
708 1215
708 1220
708 1224
708 1227
708 1228
708 1233
708 1236
708 1242
708 1243
708 1244
708 1256
708 1294
708 1297
708 1300
708 1309
708 1322
708 1329
708 1359
708 1370
708 1402
708 1413
708 1446
708 1451
708 1455
708 1472
708 1474
708 1475
708 1476
708 1482
708 1497
708 1505
708 1506
708 1514
708 1523
708 1525
708 1527
708 1528
708 1537
708 1546
708 1547
708 1549
708 1550
708 1553
708 1555
708 1556
708 1568
708 1570
708 1574
708 1580
708 1582
708 1586
708 1587
708 1590
708 1594
708 1595
708 1601
708 1602
708 1607
708 1609
708 1610
708 1612
708 1613
708 1614
708 1617
708 1621
708 1622
708 1624
708 1628
708 1630
708 1636
708 1640
708 1642
708 1649
708 1652
708 1658
708 1668
708 1669
708 1672
708 1675
708 1679
708 1685
708 1689
708 1693
708 1696
708 1697
708 1699
708 1702
708 1704
708 1710
708 1713
708 1717
708 1718
708 1723
708 1724
708 1726
708 1727
708 1729
708 1732
708 1738
708 1751
708 1753
708 1754
708 1765
708 1769
708 1773
708 1780
708 1781
708 1785
708 1786
708 1788
708 1789
708 1791
708 1792
708 1796
708 1798
708 1799
708 1802
708 1806
708 1807
708 1809
708 1810
708 1818
708 1819
708 1820
708 1822
708 1824
708 1827
708 1829
708 1830
708 1831
708 1832
708 1837
708 1841
708 1844
708 1845
708 1849
708 1851
708 1854
708 1855
708 1857
708 1859
708 1860
708 1861
708 1863
708 1865
708 1869
708 1874
708 1887
708 1894
708 1896
708 1897
708 1936
708 1945
708 1960
708 1974
708 1982
708 1997
708 2012
708 2023
708 2026
708 2055
708 2077
708 2089
708 2091
708 2098
708 2099
708 2100
708 2102
708 2107
708 2109
708 2112
708 2120
708 2121
708 2122
708 2130
708 2138
708 2143
708 2154
708 2158
708 2162
708 2163
708 2167
708 2174
708 2177
708 2178
708 2179
708 2180
708 2185
708 2188
708 2191
708 2198
708 2200
708 2202
708 2207
708 2209
708 2212
708 2213
708 2214
708 2221
708 2225
708 2227
708 2230
708 2232
708 2238
708 2241
708 2244
708 2246
708 2247
708 2251
708 2253
708 2256
708 2267
708 2278
708 2280
708 2285
708 2287
708 2288
708 2291
708 2302
708 2313
708 2314
708 2323
708 2330
708 2331
708 2351
708 2354
708 2358
708 2371
708 2435
708 2437
708 2438
708 2441
708 2442
708 2445
708 2450
708 2451
708 2455
708 2458
708 2460
708 2462
708 2465
708 2475
708 2483
708 2487
708 2490
708 2500
708 2502
708 2521
708 2527
708 2545
708 2555
708 2556
708 2557
708 2569
708 2579
708 2583
708 2585
708 2595
708 2596
708 2598
708 2599
708 2603
708 2611
708 2619
708 2627
708 2628
708 2640
708 2642
708 2655
708 2682
708 2684
708 2753
708 2847
708 2850
708 2862
708 2870
708 2871
708 2877
708 2878
708 2880
708 2882
708 2885
708 2891
708 2904
708 2916
708 2920
708 2921
708 2922
708 2925
708 2929
708 2943
708 2945
708 2946
708 2950
708 2954
708 2959
708 2967
708 2970
708 2983
708 3003
708 3009
708 3012
708 3013
710 1211
710 2235
711 2252
714 2121
715 716
715 782
715 979
715 1256
715 3010
716 783
716 1233
717 1475
719 750
725 736
728 908
728 1015
728 1500
728 1534
728 1710
728 1757
728 1834
728 2263
728 2283
728 2317
728 2321
728 2461
728 2498
728 2973
729 2171
729 2222
731 883
731 2403
733 1359
736 1820
736 2572
737 1712
738 739
738 1066
739 875
739 912
739 1045
739 1051
739 1064
739 2418
740 817
741 1472
741 2297
744 1710
746 1607
750 924
750 935
750 1044
750 2334
755 812
755 923
755 1608
755 1848
755 2093
761 1655
761 1792
763 938
764 1286
765 885
765 1634
765 1721
765 2133
765 2887
766 946
766 1499
767 1817
769 897
774 2364
775 2261
776 812
777 1591
779 1460
780 2625
781 2143
784 891
785 1086
785 1087
785 1144
785 1151
785 1165
785 1171
785 1172
785 1577
785 2398
785 2399
785 2400
785 2401
785 2402
786 1472
786 2449
786 2895
787 1734
789 1717
792 1333
792 1588
792 2072
792 2209
792 2839
793 2440
795 2218
799 870
799 2579
799 2883
800 2579
801 871
803 923
804 1222
804 2536
807 2293
807 2573
808 1055
808 2363
809 1505
812 816
812 817
812 877
812 881
812 923
812 989
812 1011
812 1026
812 1319
812 1468
812 1472
812 1602
812 1608
812 1630
812 1647
812 1655
812 1664
812 1670
812 1676
812 1770
812 1796
812 1847
812 1881
812 2095
812 2110
812 2208
812 2231
812 2522
812 2538
812 2556
812 2626
812 2644
812 2648
812 2676
817 1840
817 2562
854 2579
856 923
857 1712
858 2315
861 1319
862 863
862 872
862 1319
862 1511
862 1843
862 2237
862 2242
862 2454
862 2526
862 2530
862 2908
865 1211
865 1289
865 3010
869 1319
869 1720
869 1885
869 2123
869 2136
869 2211
869 2219
869 2220
869 2239
869 2566
869 2567
869 2617
869 2618
869 2948
873 2357
875 1319
875 1505
875 1807
875 2097
875 2884
875 3002
877 1088
877 1162
877 1171
877 1172
877 2398
877 2400
880 1233
881 882
881 883
881 884
881 885
881 971
881 1057
881 1059
881 1068
881 1070
881 1130
881 1184
881 1192
881 1248
881 1355
881 1358
881 1387
881 1420
881 1432
881 1637
881 1821
881 1950
881 1951
881 2000
881 2029
881 2046
881 2060
881 2076
881 2224
881 2240
881 2434
881 2466
881 2524
881 2549
881 2552
881 2593
881 2709
881 2719
881 2778
881 2843
882 2638
882 2926
883 904
883 954
883 1024
883 1073
883 1107
883 1122
883 1127
883 1149
883 1152
883 1154
883 1157
883 1166
883 1179
883 1712
883 1821
883 1882
883 2295
883 2363
883 2370
883 2377
883 2379
883 2395
883 2554
884 937
884 1199
884 1294
884 1456
884 1551
884 1766
884 1821
884 1839
884 1853
884 1905
884 1982
884 2048
884 2055
884 2280
884 2422
884 2581
884 2678
884 2771
885 937
885 1389
885 1421
885 1513
885 1756
885 1766
885 1789
885 1821
885 1935
885 2038
885 2192
885 2223
885 2491
885 2581
885 2771
885 2921
886 1319
886 1682
886 1787
886 2517
886 2540
887 2143
891 897
896 1067
896 1071
896 1081
896 1319
896 1792
897 2404
902 1233
903 1198
904 1186
904 1520
909 2793
910 923
911 1861
913 1474
913 2311
914 1515
916 1459
916 2919
920 2635
921 1107
921 2376
923 927
923 940
923 946
923 948
923 989
923 1021
923 1043
923 1169
923 1195
923 1206
923 1217
923 1251
923 1319
923 1372
923 1414
923 1434
923 1485
923 1486
923 1494
923 1495
923 1516
923 1519
923 1541
923 1544
923 1584
923 1655
923 1706
923 1720
923 1724
923 1734
923 1740
923 1751
923 1778
923 1796
923 1826
923 1856
923 1860
923 1875
923 2094
923 2107
923 2134
923 2159
923 2168
923 2229
923 2266
923 2269
923 2292
923 2307
923 2353
923 2455
923 2533
923 2587
923 2613
923 2652
923 2694
923 2758
923 2853
923 2907
923 2971
923 3000
925 1194
926 1632
935 1739
937 1545
937 1786
937 1838
937 2277
937 2320
937 2338
937 2944
938 1211
939 2923
942 1472
943 1114
947 1222
947 2923
948 2298
951 1199
951 2280
954 1786
968 1505
971 1054
971 1065
971 1245
975 1472
975 1505
978 1017
982 1474
984 2280
985 1720
987 2432
988 1162
989 1562
989 1850
993 1743
993 1744
997 2357
998 1505
1011 2267
1013 1919
1013 1959
1013 1987
1013 2073
1013 2699
1013 2714
1013 2731
1013 2737
1013 2738
1013 2763
1013 2800
1015 1710
1017 2587
1018 2381
1018 2413
1021 1472
1022 1499
1022 1599
1022 1858
1022 2127
1022 2147
1022 2206
1022 2236
1023 1837
1026 1801
1028 1319
1028 1669
1030 1505
1033 1319
1033 1602
1033 1722
1033 1884
1033 2201
1033 2355
1033 2624
1033 2910
1034 1075
1034 1076
1039 1355
1039 1434
1047 1064
1047 2418
1048 1064
1049 1064
1050 1064
1053 1786
1056 1154
1057 1064
1060 1162
1060 2364
1061 1068
1062 1074
1062 1181
1062 1520
1064 1066
1064 1069
1064 1070
1064 1072
1064 1077
1064 1078
1064 1079
1064 1146
1064 1147
1064 1152
1064 1153
1064 1161
1064 1162
1064 2369
1064 2372
1064 2417
1075 1076
1075 1162
1075 1163
1075 1182
1075 2363
1075 2426
1075 2427
1080 2364
1082 1158
1083 1166
1084 1192
1091 1125
1093 1107
1094 1107
1096 1126
1097 1111
1097 1127
1097 1162
1101 1107
1104 1162
1105 1130
1107 1121
1107 1126
1107 2383
1107 2391
1111 1131
1118 1130
1120 1122
1124 2389
1127 1130
1130 2387
1130 2388
1132 2383
1137 1184
1138 2365
1142 1520
1142 2396
1142 2423
1143 1184
1145 1165
1150 1786
1150 1988
1153 1497
1154 1176
1154 1180
1154 1189
1155 1157
1155 2363
1157 1159
1157 2373
1158 2401
1160 1786
1162 2390
1163 1786
1165 1167
1166 1167
1166 2133
1166 2371
1170 1520
1170 2395
1174 1520
1175 2365
1182 1786
1184 2406
1184 2423
1196 2020
1199 1209
1199 1473
1199 1503
1199 2133
1199 2303
1199 2340
1199 2515
1199 2592
1199 2956
1199 2996
1199 2997
1199 3006
1205 1602
1207 1796
1207 2873
1209 2280
1211 1220
1211 1319
1211 1584
1211 1784
1211 2456
1211 2538
1213 1499
1220 1319
1220 1417
1221 1602
1224 2254
1224 2469
1224 2471
1224 2543
1224 2565
1225 1505
1231 1474
1231 1707
1239 1758
1240 2133
1241 2133
1242 1717
1243 2574
1248 1355
1249 1474
1249 1505
1249 2568
1255 1796
1256 2947
1260 1280
1288 1289
1288 1366
1288 1429
1288 1458
1288 1462
1288 1902
1288 1912
1288 1975
1288 1992
1288 2015
1288 2039
1288 2053
1288 2700
1288 2706
1288 2740
1289 1319
1289 1355
1289 1416
1289 1664
1289 1844
1289 1904
1289 1948
1289 1958
1289 2672
1291 2040
1291 2070
1293 1950
1295 1312
1296 1311
1297 1355
1297 1420
1297 2051
1297 2210
1298 1386
1299 1355
1299 2716
1302 1370
1303 1908
1304 1908
1305 1925
1306 1908
1307 1951
1309 1315
1309 1371
1309 1913
1309 1914
1309 1920
1309 1924
1309 1925
1309 1926
1309 1927
1309 1928
1309 1929
1309 1930
1309 1997
1309 2058
1309 2815
1309 2816
1312 2060
1312 2068
1312 2795
1314 2066
1315 1363
1315 1923
1315 1973
1315 2056
1315 2698
1315 2717
1316 1355
1316 1939
1316 1971
1316 2742
1318 1319
1318 1395
1318 1442
1318 2058
1319 1324
1319 1355
1319 1374
1319 1378
1319 1383
1319 1395
1319 1413
1319 1452
1319 1472
1319 1505
1319 1550
1319 1585
1319 1588
1319 1642
1319 1650
1319 1676
1319 1678
1319 1686
1319 1716
1319 1792
1319 1806
1319 1862
1319 1904
1319 2079
1319 2459
1319 2522
1319 2660
1319 2669
1319 2702
1319 2873
1320 1395
1321 1938
1321 2040
1321 2069
1321 2666
1321 2701
1321 2756
1322 1786
1323 1454
1324 2673
1326 1332
1327 2060
1334 1404
1334 2824
1336 1997
1336 2710
1338 2837
1340 1930
1341 1344
1341 1347
1341 1349
1341 1350
1341 1351
1342 1348
1343 1354
1345 1346
1352 1353
1355 1356
1355 1395
1355 1410
1355 1414
1355 1425
1355 1447
1355 1449
1355 1459
1355 1484
1355 1576
1355 1971
1355 1974
1355 1991
1355 2007
1355 2199
1355 2677
1355 2702
1355 2712
1356 1949
1356 2664
1357 2046
1361 1423
1364 1423
1369 1395
1370 1386
1370 1391
1370 1412
1370 1441
1370 1954
1370 2715
1370 2724
1370 2743
1370 2760
1370 2797
1370 2802
1370 2811
1371 1454
1371 1947
1371 2670
1374 1375
1378 2697
1379 1936
1380 1925
1380 1950
1381 1420
1383 1991
1384 1988
1387 2004
1388 1664
1388 2707
1388 2807
1390 1908
1395 1452
1398 1786
1398 2740
1399 1988
1399 2801
1400 2047
1404 1926
1404 1934
1404 2667
1410 1416
1410 1497
1410 1984
1410 2789
1410 2823
1413 1686
1413 1914
1413 2669
1418 2003
1418 2838
1423 1915
1423 2750
1423 2785
1423 2794
1423 2827
1423 2829
1423 2835
1423 2836
1425 2059
1427 1906
1430 1969
1432 2670
1432 2697
1435 1458
1439 1986
1444 2775
1445 1991
1446 2075
1449 1786
1449 1957
1449 1989
1450 1908
1455 1786
1455 1946
1455 1999
1455 2693
1455 2769
1456 1927
1461 1971
1461 1990
1461 2081
1461 2082
1461 2133
1464 2048
1466 1664
1468 2480
1468 2548
1468 2868
1468 2960
1469 1786
1470 2157
1471 2579
1472 1507
1472 1613
1472 1646
1472 1653
1472 1654
1472 1676
1472 1719
1472 1730
1472 1740
1472 1752
1472 1758
1472 1815
1472 1846
1472 1858
1472 1948
1472 2161
1472 2218
1472 2254
1472 2477
1472 2861
1472 2909
1473 2280
1474 1506
1474 1530
1474 1603
1474 1638
1474 1703
1474 1827
1474 1835
1474 2153
1474 2330
1474 2894
1474 2940
1474 2961
1475 1664
1475 1777
1475 2607
1479 1717
1482 1497
1482 2541
1484 1792
1485 1486
1485 1487
1486 1487
1486 1490
1486 2097
1486 2962
1486 2974
1486 2987
1487 1665
1487 2863
1490 1877
1490 2992
1497 1542
1497 1585
1497 1674
1497 1782
1497 1881
1497 1892
1497 2030
1497 2032
1497 2157
1497 2228
1497 2310
1497 2365
1497 2436
1497 2586
1497 2600
1497 2711
1497 2751
1497 2795
1497 2849
1497 2866
1497 2976
1505 1546
1505 1552
1505 1571
1505 1602
1505 1707
1505 1771
1505 1801
1505 1883
1505 2113
1505 2175
1505 2177
1505 2195
1505 2196
1505 2278
1505 2302
1505 2315
1505 2324
1505 2444
1505 2477
1505 2481
1505 2622
1505 2650
1505 2847
1505 2854
1505 2856
1505 2875
1505 2894
1508 2326
1513 1515
1515 1589
1515 1592
1515 1634
1515 2360
1515 2609
1515 2919
1515 2964
1519 1523
1520 1882
1520 2133
1520 2364
1521 2133
1524 1684
1524 2088
1530 1707
1533 2325
1535 1717
1541 2252
1544 1698
1555 2237
1565 2219
1573 1820
1574 2495
1575 1642
1579 1580
1588 1669
1588 2215
1588 2538
1589 1637
1594 2104
1602 1643
1602 1644
1602 1736
1602 1741
1602 1742
1602 1743
1602 1744
1602 1745
1602 1746
1602 1747
1602 1748
1602 1749
1602 2084
1602 2085
1602 2359
1602 2507
1602 2508
1602 2509
1602 2510
1602 2588
1602 2589
1602 2590
1602 2591
1602 2874
1602 2902
1615 2243
1617 1664
1617 2222
1620 1717
1621 1786
1630 2844
1634 1637
1637 2135
1637 2360
1638 2534
1642 2702
1649 2582
1655 2118
1662 1664
1664 1733
1664 1873
1664 1904
1664 2113
1664 2313
1678 2423
1681 2133
1690 1781
1696 2524
1698 2462
1706 2556
1707 2153
1710 1794
1710 2317
1710 2501
1710 2957
1711 2291
1712 1715
1712 1814
1712 2144
1712 2184
1712 2937
1712 2955
1717 1772
1717 1856
1717 1877
1717 2094
1717 2251
1717 2347
1717 2442
1717 2447
1717 2455
1717 2533
1717 2652
1717 2856
1717 2860
1717 2915
1717 2953
1717 3000
1728 1888
1730 2333
1734 1800
1734 1811
1734 2280
1737 1796
1746 2897
1751 2116
1751 2482
1757 2356
1758 2227
1771 2556
1778 2301
1786 1789
1786 1905
1786 1918
1786 1940
1786 1988
1786 1994
1786 2026
1786 2040
1786 2044
1786 2364
1786 2405
1786 2422
1786 2427
1786 2525
1786 2584
1786 2677
1786 2712
1786 2727
1786 2754
1786 2761
1786 2804
1786 2810
1786 2822
1786 2825
1786 2850
1786 2866
1786 2899
1789 1811
1792 1847
1792 2007
1792 2095
1792 2327
1792 2623
1792 2873
1794 2260
1794 2467
1796 1803
1796 2114
1796 2169
1796 2342
1806 2133
1810 2455
1813 2217
1820 1868
1820 2106
1820 2170
1820 2187
1820 2352
1820 2558
1837 2171
1840 2578
1844 2896
1847 2245
1853 1988
1881 2890
1901 1991
1904 1991
1905 2719
1908 1909
1908 1964
1908 1966
1908 1988
1908 2067
1908 2707
1908 2820
1911 2008
1920 1921
1920 1923
1920 1993
1921 1923
1921 1924
1921 2822
1922 1924
1925 1932
1925 2675
1925 2745
1925 2807
1926 1934
1926 2005
1926 2659
1926 2676
1926 2736
1926 2784
1926 2799
1926 2808
1926 2826
1926 2831
1927 2042
1927 2828
1928 1960
1929 2846
1930 2762
1931 2052
1945 1988
1951 1962
1951 1983
1951 1995
1951 2073
1951 2661
1951 2686
1951 2744
1953 2066
1956 1977
1958 2718
1958 2746
1958 2798
1960 1998
1961 2058
1961 2695
1965 2788
1971 2133
1971 2727
1974 2818
1979 2023
1980 1981
1980 2779
1981 2002
1982 2776
1988 2280
1988 2681
1988 2814
1991 2041
1991 2556
1991 2664
1991 2696
1991 2734
1991 2790
2007 2765
2008 2025
2009 2133
2010 2818
2011 2060
2012 2783
2017 2063
2020 2665
2027 2813
2031 2060
2037 2082
2037 2726
2038 2662
2038 2671
2038 2739
2040 2752
2043 2062
2046 2828
2047 2703
2047 2709
2048 2679
2050 2052
2052 2753
2057 2065
2058 2834
2060 2692
2071 2659
2076 2674
2080 2705
2087 2133
2094 2353
2095 2173
2104 2105
2105 2542
2105 2553
2105 2631
2105 2633
2121 2218
2121 2236
2121 2476
2125 2218
2130 2522
2132 2522
2133 2324
2133 2610
2133 2629
2133 2913
2136 2867
2136 2942
2143 2267
2153 2914
2163 2580
2164 2901
2164 2979
2217 2301
2245 2309
2245 2468
2252 2258
2252 2477
2252 2562
2252 2898
2269 2876
2280 2528
2286 2338
2287 2985
2326 2556
2359 2968
2365 2367
2365 2407
2365 2408
2365 2409
2365 2410
2365 2411
2365 2412
2383 2393
2419 2420
2420 2424
2437 2522
2450 2522
2515 2881
2519 2998
2659 2667
2666 2821
2681 2832
2684 2819
2704 2778
2705 2749
2705 2833
2714 2830
2736 2770
2736 2779
2753 2787
2753 2833
2764 2842
2778 2803
2784 2831
2813 2817
2873 2993
2943 2949
