4197 7531
1 2
1 3
1 17
1 18
1 19
1 26
1 27
1 28
1 33
1 34
1 45
1 46
1 52
1 60
1 61
1 64
1 69
1 74
1 75
1 97
1 99
1 104
1 106
1 134
1 137
1 143
1 146
1 157
1 161
1 226
1 228
1 241
1 329
1 358
1 362
1 380
1 383
1 386
1 442
1 447
1 453
1 496
1 518
1 520
1 529
1 544
1 554
1 567
1 580
1 605
1 613
1 617
1 673
1 731
1 734
1 752
1 754
1 767
1 769
1 777
1 781
1 785
1 793
1 794
1 798
1 800
1 802
1 823
1 840
1 843
1 848
1 849
1 853
1 862
1 867
1 879
1 907
1 917
1 920
1 925
1 931
1 934
1 941
1 945
1 946
1 973
1 980
1 1006
1 1025
1 1046
1 1063
1 1070
1 1077
1 1078
1 1082
1 1085
1 1087
1 1116
1 1201
1 1243
1 1248
1 1274
1 1329
1 1349
1 1383
1 1403
1 1504
1 1512
1 1513
1 1528
1 1529
1 1534
1 1536
1 1537
1 1553
1 1555
1 1559
1 1585
1 1607
1 1637
1 1656
1 1662
1 1665
1 1681
1 1690
1 1695
1 1703
1 1713
1 1765
1 1789
1 1810
1 1811
1 1819
1 1824
1 1827
1 1829
1 1861
1 1873
1 1877
1 1879
1 1883
1 1905
1 1910
1 1911
1 1921
1 1933
1 1984
1 2123
1 2126
1 2151
1 2162
1 2169
1 2186
1 2193
1 2199
1 2225
1 2230
1 2238
1 2241
1 2246
1 2249
1 2265
1 2266
1 2273
1 2297
1 2304
1 2323
1 2326
1 2327
1 2353
1 2361
1 2364
1 2377
1 2381
1 2382
1 2568
1 2579
1 2588
1 2613
1 2621
1 2642
1 2669
1 2675
1 2718
1 2759
1 2761
1 2764
1 2770
1 2771
1 2787
1 2800
1 3314
1 3342
1 3427
1 3443
1 3444
1 3456
1 3460
1 3466
1 3473
1 3475
1 3476
1 3516
1 3518
1 3548
1 3558
1 3574
1 3582
1 3588
1 3589
1 3599
1 3622
1 3623
1 3692
1 3710
1 3735
1 3753
1 3820
1 3836
1 3837
1 3845
1 3888
1 3905
1 3997
1 4008
1 4072
1 4089
1 4124
1 4134
1 4174
1 4176
2 104
3 646
4 178
4 800
5 54
5 1081
6 1286
7 79
7 146
7 2246
8 104
9 157
10 730
11 146
11 1314
11 1593
11 1596
11 2246
12 106
13 104
13 164
13 394
13 4138
14 62
14 375
15 518
15 3807
16 85
16 104
17 4138
18 157
18 485
18 613
19 925
20 1534
21 2246
22 62
22 104
22 222
22 223
22 1504
23 106
24 104
24 375
25 104
26 104
26 157
27 146
27 1289
27 2246
29 104
29 767
30 394
30 800
30 1707
30 4137
31 62
31 3531
32 104
32 382
34 157
34 614
34 871
34 1122
35 1437
36 49
36 152
36 929
37 481
38 518
39 613
40 157
40 228
40 756
40 1706
40 3549
41 146
41 2246
42 2246
43 157
43 1794
43 3660
44 358
44 613
45 164
45 862
45 2246
46 157
47 228
47 483
47 559
47 800
47 1667
47 2367
47 2598
47 2815
47 3478
47 3683
47 3695
48 368
49 62
50 104
50 1303
50 1504
50 2329
51 62
51 71
51 917
51 975
51 1527
52 211
52 485
52 518
53 62
53 157
54 96
54 109
54 613
54 800
54 1081
54 2300
54 4157
55 907
56 85
56 106
57 394
57 800
58 146
58 2246
59 760
59 1368
59 1369
59 1370
59 1371
59 1372
59 1375
59 1378
59 1379
60 157
61 157
61 2169
62 66
62 71
62 72
62 78
62 87
62 104
62 222
62 344
62 360
62 413
62 559
62 631
62 633
62 800
62 841
62 981
62 1081
62 1286
62 1553
62 1561
62 1674
62 1680
62 1819
62 3549
62 3598
62 3660
62 3713
62 3807
62 3905
62 4137
62 4138
63 2246
64 228
65 140
65 631
66 1504
67 800
68 164
69 99
69 104
69 107
69 157
69 167
69 228
69 243
69 329
69 358
69 419
69 481
69 522
69 613
69 800
69 933
69 1055
69 1676
69 1679
69 1729
69 1750
69 1759
69 1795
69 1935
69 2132
69 2169
69 2339
69 2653
69 2722
69 2953
69 3463
69 3563
69 3601
69 3668
69 3690
69 3851
69 3857
69 3917
69 3959
69 4015
69 4031
69 4097
70 146
70 620
71 800
71 917
72 225
72 358
72 413
73 2169
73 4194
75 1178
76 1286
77 99
77 358
77 917
77 4161
78 228
78 1855
80 104
80 1278
81 164
82 164
83 535
83 2963
84 228
84 2198
85 104
85 358
85 467
85 907
85 1079
85 1080
85 1510
85 1554
85 1853
85 2370
85 3610
86 91
86 223
86 613
87 88
87 104
87 223
87 800
87 1537
87 2167
87 3458
87 3745
88 228
89 132
90 164
91 223
92 164
92 800
93 106
94 138
94 339
94 1854
94 2258
95 164
96 800
96 1749
96 1849
96 2802
96 3936
98 157
98 335
98 3661
99 104
99 106
99 129
99 137
99 146
99 157
99 158
99 180
99 228
99 329
99 358
99 359
99 362
99 365
99 380
99 388
99 404
99 405
99 406
99 407
99 408
99 409
99 447
99 457
99 458
99 462
99 485
99 518
99 520
99 539
99 554
99 576
99 580
99 613
99 650
99 663
99 673
99 691
99 705
99 711
99 716
99 731
99 756
99 781
99 794
99 800
99 907
99 920
99 921
99 931
99 934
99 941
99 945
99 980
99 1041
99 1075
99 1077
99 1082
99 1339
99 1392
99 1478
99 1537
99 1612
99 1637
99 1665
99 1684
99 1824
99 1939
99 2099
99 2153
99 2246
100 106
100 405
101 794
101 931
102 104
103 104
104 106
104 113
104 128
104 137
104 138
104 140
104 146
104 150
104 155
104 157
104 223
104 228
104 240
104 329
104 358
104 362
104 380
104 382
104 394
104 447
104 485
104 518
104 520
104 546
104 554
104 580
104 613
104 615
104 642
104 673
104 705
104 730
104 731
104 744
104 756
104 759
104 760
104 761
104 762
104 763
104 781
104 788
104 794
104 800
104 801
104 838
104 853
104 878
104 907
104 921
104 925
104 931
104 934
104 941
104 945
104 953
104 962
104 973
104 980
104 1041
104 1077
104 1078
104 1082
104 1262
104 1278
104 1353
104 1383
104 1405
104 1504
104 1528
104 1537
104 1620
104 1622
104 1637
104 1665
104 1680
104 1707
104 1711
104 1713
104 1754
104 1767
104 1790
104 1794
104 1796
104 1797
104 1805
104 1819
104 1824
104 1854
104 1880
104 1939
104 1984
104 2130
104 2169
104 2198
104 2246
104 2261
104 2499
104 2674
104 2691
104 2857
104 3028
104 3444
104 3677
104 3905
105 1757
106 146
106 157
106 228
106 233
106 236
106 329
106 358
106 363
106 380
106 390
106 391
106 485
106 498
106 613
106 780
106 800
106 1063
106 1918
106 2169
107 2246
108 394
108 4137
109 1081
110 164
111 2246
112 783
112 1854
113 264
114 720
115 164
116 120
117 164
118 164
119 164
120 164
120 167
121 164
122 164
123 164
124 414
125 164
126 164
127 164
128 179
128 726
128 800
128 1955
129 365
129 1974
129 1978
129 2062
129 2973
129 3183
129 3291
130 164
130 2246
131 596
131 1418
132 138
132 183
132 185
132 1700
132 1798
132 1854
133 228
133 800
134 157
135 210
135 1955
136 359
137 164
137 166
137 228
137 329
137 358
137 380
137 414
137 613
137 800
137 1598
138 151
138 182
138 184
138 190
138 194
138 195
138 196
138 228
138 551
138 800
138 885
138 1819
138 2221
138 2831
139 2246
140 157
140 631
140 800
140 1927
140 2655
140 3903
140 3913
140 4021
141 196
141 197
142 228
142 1755
143 164
144 164
145 164
146 166
146 228
146 329
146 358
146 380
146 613
146 800
146 1595
146 2246
146 2825
147 817
148 395
148 555
148 2045
149 1116
149 1198
149 1203
150 223
152 228
152 561
152 613
152 761
152 886
152 926
152 927
152 928
152 961
152 985
152 1590
152 1804
152 3012
152 3420
152 3512
153 167
154 2246
155 1504
156 358
157 158
157 159
157 160
157 186
157 188
157 223
157 226
157 228
157 242
157 329
157 358
157 361
157 362
157 366
157 368
157 380
157 383
157 386
157 396
157 430
157 434
157 439
157 441
157 447
157 453
157 467
157 469
157 470
157 485
157 501
157 518
157 520
157 526
157 548
157 549
157 554
157 558
157 564
157 565
157 571
157 572
157 580
157 606
157 610
157 612
157 613
157 615
157 616
157 617
157 619
157 628
157 632
157 635
157 652
157 661
157 673
157 688
157 691
157 731
157 734
157 743
157 745
157 752
157 753
157 756
157 765
157 767
157 768
157 770
157 777
157 781
157 782
157 783
157 785
157 794
157 798
157 800
157 801
157 810
157 813
157 814
157 823
157 827
157 832
157 840
157 846
157 847
157 848
157 853
157 858
157 860
157 862
157 864
157 868
157 882
157 883
157 884
157 892
157 895
157 903
157 905
157 907
157 908
157 910
157 913
157 920
157 921
157 925
157 927
157 928
157 930
157 931
157 934
157 936
157 937
157 941
157 945
157 948
157 951
157 962
157 966
157 967
157 973
157 974
157 977
157 980
157 983
157 987
157 989
157 994
157 997
157 1002
157 1005
157 1006
157 1007
157 1017
157 1018
157 1019
157 1020
157 1021
157 1024
157 1025
157 1026
157 1028
157 1030
157 1032
157 1033
157 1036
157 1041
157 1042
157 1043
157 1045
157 1047
157 1048
157 1052
157 1056
157 1059
157 1060
157 1061
157 1063
157 1065
157 1066
157 1067
157 1072
157 1074
157 1075
157 1076
157 1077
157 1082
157 1083
157 1084
157 1085
157 1086
157 1087
157 1088
157 1091
157 1092
157 1097
157 1108
157 1122
157 1141
157 1147
157 1168
157 1210
157 1216
157 1222
157 1239
157 1243
157 1245
157 1246
157 1247
157 1250
157 1253
157 1254
157 1255
157 1256
157 1257
157 1260
157 1263
157 1264
157 1266
157 1271
157 1274
157 1275
157 1276
157 1277
157 1278
157 1279
157 1280
157 1281
157 1283
157 1284
157 1285
157 1288
157 1294
157 1296
157 1299
157 1300
157 1301
157 1304
157 1306
157 1316
157 1329
157 1347
157 1383
157 1399
157 1400
157 1405
157 1427
157 1432
157 1460
157 1463
157 1467
157 1502
157 1504
157 1505
157 1507
157 1513
157 1515
157 1516
157 1517
157 1528
157 1529
157 1536
157 1538
157 1542
157 1543
157 1544
157 1545
157 1548
157 1549
157 1555
157 1559
157 1566
157 1567
157 1569
157 1571
157 1574
157 1575
157 1578
157 1580
157 1581
157 1584
157 1585
157 1588
157 1590
157 1599
157 1610
157 1612
157 1616
157 1619
157 1622
157 1623
157 1628
157 1629
157 1630
157 1631
157 1634
157 1637
157 1639
157 1646
157 1647
157 1648
157 1651
157 1655
157 1659
157 1660
157 1661
157 1663
157 1667
157 1668
157 1670
157 1675
157 1676
157 1677
157 1678
157 1681
157 1683
157 1688
157 1689
157 1691
157 1692
157 1693
157 1694
157 1695
157 1696
157 1698
157 1703
157 1704
157 1705
157 1715
157 1717
157 1718
157 1723
157 1725
157 1726
157 1727
157 1729
157 1731
157 1735
157 1739
157 1740
157 1741
157 1742
157 1746
157 1748
157 1750
157 1751
157 1754
157 1755
157 1759
157 1761
157 1763
157 1764
157 1765
157 1766
157 1767
157 1770
157 1771
157 1774
157 1777
157 1778
157 1779
157 1780
157 1781
157 1782
157 1783
157 1784
157 1785
157 1789
157 1795
157 1796
157 1800
157 1803
157 1804
157 1808
157 1809
157 1810
157 1813
157 1814
157 1818
157 1819
157 1820
157 1821
157 1823
157 1824
157 1825
157 1827
157 1828
157 1829
157 1833
157 1834
157 1835
157 1836
157 1837
157 1838
157 1840
157 1847
157 1850
157 1852
157 1857
157 1859
157 1860
157 1861
157 1862
157 1863
157 1870
157 1877
157 1878
157 1881
157 1882
157 1883
157 1887
157 1889
157 1894
157 1899
157 1903
157 1905
157 1908
157 1912
157 1913
157 1915
157 1917
157 1921
157 1922
157 1923
157 1928
157 1929
157 1932
157 1933
157 1934
157 1939
157 1943
157 1944
157 2008
157 2040
157 2070
157 2085
157 2107
157 2119
157 2120
157 2122
157 2127
157 2129
157 2131
157 2133
157 2136
157 2137
157 2143
157 2144
157 2145
157 2148
157 2152
157 2154
157 2165
157 2167
157 2169
157 2170
157 2173
157 2176
157 2177
157 2181
157 2183
157 2185
157 2186
157 2189
157 2197
157 2202
157 2206
157 2207
157 2209
157 2215
157 2216
157 2217
157 2218
157 2219
157 2230
157 2233
157 2234
157 2235
157 2236
157 2240
157 2242
157 2243
157 2244
157 2245
157 2251
157 2256
157 2261
157 2266
157 2268
157 2271
157 2274
157 2276
157 2278
157 2283
157 2288
157 2289
157 2291
157 2297
157 2301
157 2302
157 2309
157 2311
157 2312
157 2315
157 2320
157 2322
157 2323
157 2333
157 2334
157 2337
157 2338
157 2339
157 2341
157 2342
157 2344
157 2345
157 2346
157 2351
157 2355
157 2360
157 2363
157 2368
157 2373
157 2378
157 2379
157 2380
157 2381
157 2382
157 2385
157 2386
157 2392
157 2402
157 2404
157 2409
157 2426
157 2437
157 2504
157 2515
157 2571
157 2574
157 2576
157 2577
157 2581
157 2586
157 2592
157 2594
157 2595
157 2597
157 2599
157 2601
157 2604
157 2605
157 2608
157 2609
157 2611
157 2612
157 2619
157 2626
157 2627
157 2629
157 2632
157 2633
157 2635
157 2637
157 2641
157 2642
157 2647
157 2651
157 2654
157 2656
157 2657
157 2658
157 2659
157 2660
157 2661
157 2662
157 2665
157 2668
157 2670
157 2671
157 2673
157 2675
157 2676
157 2683
157 2690
157 2700
157 2702
157 2711
157 2714
157 2715
157 2718
157 2719
157 2721
157 2723
157 2727
157 2728
157 2729
157 2735
157 2736
157 2738
157 2741
157 2745
157 2747
157 2748
157 2749
157 2750
157 2755
157 2760
157 2762
157 2763
157 2765
157 2768
157 2769
157 2770
157 2774
157 2775
157 2777
157 2787
157 2789
157 2792
157 2793
157 2800
157 2801
157 2805
157 2807
157 2813
157 2814
157 2818
157 2819
157 2821
157 2824
157 2826
157 2829
157 2832
157 2857
157 2880
157 2886
157 3067
157 3097
157 3172
157 3189
157 3238
157 3300
157 3314
157 3350
157 3401
157 3407
157 3413
157 3414
157 3416
157 3426
157 3427
157 3430
157 3431
157 3435
157 3440
157 3442
157 3444
157 3450
157 3451
157 3462
157 3463
157 3464
157 3465
157 3466
157 3468
157 3476
157 3478
157 3480
157 3485
157 3496
157 3499
157 3502
157 3505
157 3507
157 3509
157 3510
157 3513
157 3516
157 3517
157 3518
157 3523
157 3527
157 3528
157 3532
157 3534
157 3537
157 3541
157 3547
157 3548
157 3555
157 3560
157 3561
157 3565
157 3569
157 3572
157 3575
157 3577
157 3578
157 3580
157 3581
157 3582
157 3584
157 3585
157 3586
157 3588
157 3591
157 3594
157 3597
157 3601
157 3602
157 3607
157 3614
157 3620
157 3622
157 3623
157 3627
157 3628
157 3631
157 3634
157 3635
157 3638
157 3641
157 3645
157 3649
157 3652
157 3653
157 3656
157 3657
157 3658
157 3660
157 3662
157 3665
157 3670
157 3671
157 3682
157 3686
157 3689
157 3691
157 3694
157 3699
157 3703
157 3706
157 3708
157 3711
157 3712
157 3714
157 3719
157 3720
157 3724
157 3733
157 3734
157 3739
157 3740
157 3741
157 3742
157 3744
157 3746
157 3747
157 3750
157 3755
157 3761
157 3764
157 3767
157 3768
157 3769
157 3770
157 3771
157 3772
157 3773
157 3774
157 3776
157 3778
157 3781
157 3782
157 3788
157 3791
157 3793
157 3796
157 3798
157 3799
157 3810
157 3814
157 3818
157 3820
157 3821
157 3824
157 3825
157 3830
157 3831
157 3832
157 3833
157 3834
157 3835
157 3836
157 3839
157 3844
157 3853
157 3856
157 3859
157 3862
157 3863
157 3865
157 3866
157 3867
157 3873
157 3878
157 3882
157 3883
157 3884
157 3886
157 3893
157 3895
157 3896
157 3897
157 3899
157 3902
157 3904
157 3907
157 3908
157 3919
157 3928
157 3931
157 3937
157 3939
157 3940
157 3946
157 3952
157 3956
157 3959
157 3960
157 3963
157 3966
157 3970
157 3973
157 3977
157 3979
157 3980
157 3983
157 3984
157 3985
157 3990
157 3999
157 4001
157 4005
157 4010
157 4011
157 4012
157 4013
157 4016
157 4018
157 4022
157 4023
157 4027
157 4029
157 4031
157 4032
157 4033
157 4036
157 4038
157 4042
157 4044
157 4062
157 4068
157 4069
157 4070
157 4075
157 4085
157 4089
157 4097
157 4098
157 4100
157 4101
157 4102
157 4104
157 4105
157 4106
157 4107
157 4117
157 4120
157 4126
157 4127
157 4131
157 4132
157 4135
157 4144
157 4146
157 4149
157 4152
157 4155
157 4156
157 4164
157 4169
157 4172
157 4173
157 4175
157 4176
157 4179
157 4181
157 4182
157 4186
157 4188
158 159
158 200
158 215
158 234
158 237
158 238
158 245
158 320
158 365
158 367
158 392
158 405
158 435
158 459
158 535
158 555
158 578
158 601
158 615
158 653
158 660
158 661
158 662
158 664
158 675
158 679
158 688
158 691
158 693
158 708
158 712
158 716
158 719
158 722
158 941
158 1317
158 1329
158 1331
158 1340
158 1346
158 1353
158 1361
158 1365
158 1384
158 1395
158 1400
158 1402
158 1405
158 1407
158 1441
158 1444
158 1475
158 1613
158 1828
158 1904
158 1968
158 1993
158 1996
158 2001
158 2014
158 2020
158 2035
158 2037
158 2074
158 2075
158 2114
158 2753
158 2841
158 2861
158 2871
158 2896
158 2904
158 2910
158 2913
158 2917
158 2974
158 2982
158 2987
158 2990
158 2998
158 3013
158 3052
158 3075
158 3114
158 3130
158 3134
158 3151
158 3157
158 3171
158 3193
158 3210
158 3216
158 3221
158 3229
158 3292
158 3298
158 3311
159 871
159 953
159 963
159 1065
159 1097
159 1103
159 1210
159 2403
159 2479
159 2486
159 2487
159 3379
161 1755
162 228
162 921
162 1038
162 2739
163 180
163 719
163 3070
164 165
164 167
164 172
164 174
164 177
164 198
164 199
164 250
164 270
164 271
164 273
164 275
164 276
164 277
164 279
164 280
164 281
164 282
164 283
164 284
164 285
164 286
164 287
164 288
164 289
164 290
164 291
164 292
164 293
164 294
164 295
164 296
164 297
164 298
164 299
164 300
164 301
164 302
164 303
164 304
164 305
164 306
164 307
164 308
164 309
164 310
164 311
164 319
164 355
164 356
164 396
164 411
164 415
164 425
164 431
164 450
164 569
164 571
164 638
164 776
164 856
164 956
164 957
164 1043
164 1051
164 1305
164 1307
164 1309
164 1311
164 1312
164 1440
164 1599
164 1601
164 1603
164 1604
164 1605
164 4194
167 278
167 800
167 1313
168 395
168 482
169 251
169 256
170 800
171 1418
173 691
173 2055
175 414
176 347
178 219
178 392
178 1819
178 1958
180 1441
181 1504
182 1892
182 3864
184 228
184 1854
186 187
186 819
186 1747
186 1868
186 2258
186 3930
187 188
187 1747
187 1925
187 3930
188 819
188 1531
188 1576
188 1700
188 1747
188 1793
188 1798
188 2298
188 2354
188 2371
188 2393
188 2396
188 2607
188 2610
188 3457
188 3498
188 3567
188 3752
188 3790
188 3934
188 3945
188 3957
189 551
191 481
192 194
193 194
194 228
194 339
194 733
194 1664
194 1854
194 1925
194 3545
195 2781
195 4045
197 1854
200 201
200 208
200 211
200 213
200 214
200 215
200 403
200 405
200 716
200 1411
200 1819
200 2117
200 3109
200 3158
201 716
202 395
203 395
204 395
205 395
206 395
207 208
209 329
209 454
210 329
211 212
211 679
211 691
211 1338
211 1433
211 1481
211 1484
211 2850
211 2854
211 2867
211 3041
211 3109
211 3136
211 3270
212 671
212 1991
214 540
214 691
215 405
215 691
215 716
215 1405
216 2198
216 2259
217 395
218 1286
219 800
220 1637
221 556
221 573
221 800
221 1039
221 1107
221 1178
221 1180
221 1181
221 1183
221 1184
221 1191
221 1198
221 1216
221 1227
221 1231
221 1233
221 1240
221 1241
221 1555
221 1819
221 2153
221 2248
221 2404
221 2410
221 2419
221 2423
221 2424
221 2459
221 2460
221 2469
221 2470
221 2480
221 2481
221 2494
221 2496
221 2498
221 2500
221 2504
221 2514
221 2521
221 2522
221 2557
221 2563
221 2565
221 2567
221 3353
221 3355
221 3364
221 3375
221 3376
221 3378
221 3382
221 3388
221 3396
221 3406
222 223
223 228
223 255
223 758
223 800
223 841
223 842
223 1090
223 1244
223 1660
223 2139
223 2216
223 2709
223 2801
223 2804
223 3458
223 3471
223 3624
223 3723
223 3792
223 3834
223 3903
223 3923
223 3948
223 3954
223 4114
224 800
227 373
227 800
227 2508
228 266
228 322
228 329
228 344
228 358
228 362
228 366
228 368
228 370
228 375
228 376
228 377
228 380
228 383
228 447
228 449
228 453
228 470
228 471
228 485
228 501
228 502
228 503
228 518
228 520
228 524
228 527
228 554
228 564
228 579
228 580
228 605
228 606
228 609
228 611
228 613
228 616
228 617
228 620
228 623
228 635
228 705
228 731
228 736
228 738
228 740
228 745
228 746
228 750
228 752
228 754
228 756
228 764
228 767
228 773
228 774
228 781
228 784
228 786
228 787
228 789
228 792
228 794
228 797
228 799
228 800
228 801
228 802
228 803
228 804
228 805
228 807
228 814
228 815
228 819
228 823
228 835
228 840
228 850
228 857
228 858
228 860
228 862
228 864
228 865
228 867
228 869
228 872
228 874
228 884
228 891
228 896
228 898
228 900
228 901
228 906
228 907
228 908
228 909
228 911
228 912
228 917
228 919
228 920
228 921
228 931
228 934
228 941
228 942
228 943
228 944
228 945
228 950
228 958
228 960
228 961
228 974
228 980
228 982
228 983
228 987
228 989
228 995
228 1023
228 1031
228 1044
228 1054
228 1064
228 1073
228 1077
228 1082
228 1087
228 1088
228 1090
228 1092
228 1108
228 1116
228 1147
228 1168
228 1189
228 1196
228 1212
228 1229
228 1250
228 1262
228 1264
228 1266
228 1272
228 1273
228 1278
228 1283
228 1286
228 1299
228 1305
228 1353
228 1415
228 1425
228 1504
228 1506
228 1508
228 1513
228 1519
228 1521
228 1522
228 1523
228 1528
228 1532
228 1536
228 1537
228 1547
228 1549
228 1572
228 1579
228 1584
228 1585
228 1608
228 1609
228 1611
228 1615
228 1617
228 1623
228 1629
228 1637
228 1640
228 1646
228 1647
228 1650
228 1652
228 1654
228 1658
228 1665
228 1666
228 1670
228 1675
228 1681
228 1701
228 1704
228 1709
228 1722
228 1723
228 1726
228 1728
228 1737
228 1738
228 1745
228 1749
228 1750
228 1755
228 1759
228 1763
228 1765
228 1768
228 1771
228 1786
228 1790
228 1791
228 1802
228 1815
228 1817
228 1818
228 1819
228 1821
228 1823
228 1824
228 1827
228 1844
228 1847
228 1850
228 1856
228 1860
228 1875
228 1877
228 1882
228 1883
228 1891
228 1896
228 1897
228 1905
228 1910
228 1914
228 1920
228 1924
228 1958
228 2121
228 2123
228 2125
228 2126
228 2131
228 2133
228 2153
228 2154
228 2159
228 2164
228 2168
228 2169
228 2170
228 2177
228 2179
228 2192
228 2197
228 2198
228 2200
228 2202
228 2209
228 2219
228 2222
228 2226
228 2229
228 2232
228 2233
228 2246
228 2252
228 2253
228 2258
228 2261
228 2265
228 2267
228 2278
228 2279
228 2282
228 2284
228 2286
228 2290
228 2295
228 2296
228 2299
228 2304
228 2332
228 2337
228 2345
228 2347
228 2389
228 2395
228 2398
228 2414
228 2425
228 2435
228 2437
228 2512
228 2560
228 2564
228 2590
228 2616
228 2621
228 2631
228 2635
228 2637
228 2647
228 2652
228 2655
228 2667
228 2673
228 2703
228 2714
228 2717
228 2723
228 2727
228 2734
228 2736
228 2737
228 2738
228 2742
228 2755
228 2767
228 2777
228 2778
228 2779
228 2780
228 2788
228 2796
228 2797
228 2799
228 2817
228 2961
228 3428
228 3437
228 3440
228 3442
228 3443
228 3461
228 3487
228 3491
228 3492
228 3496
228 3497
228 3512
228 3514
228 3517
228 3519
228 3528
228 3530
228 3533
228 3537
228 3548
228 3554
228 3556
228 3559
228 3562
228 3575
228 3580
228 3590
228 3602
228 3615
228 3617
228 3618
228 3619
228 3621
228 3636
228 3639
228 3640
228 3645
228 3649
228 3659
228 3670
228 3689
228 3693
228 3699
228 3725
228 3726
228 3727
228 3728
228 3729
228 3735
228 3746
228 3748
228 3749
228 3780
228 3787
228 3788
228 3789
228 3793
228 3805
228 3812
228 3818
228 3820
228 3830
228 3835
228 3841
228 3847
228 3848
228 3860
228 3878
228 3880
228 3881
228 3884
228 3885
228 3892
228 3906
228 3911
228 3919
228 3920
228 3943
228 3949
228 3977
228 3987
228 4002
228 4003
228 4012
228 4013
228 4017
228 4020
228 4029
228 4051
228 4055
228 4059
228 4083
228 4089
228 4091
228 4101
228 4103
228 4109
228 4123
228 4149
228 4156
228 4163
228 4173
228 4178
228 4189
229 800
229 2977
229 3060
229 3069
229 3104
229 3108
229 3138
229 3190
230 1441
231 800
232 800
234 365
234 380
234 460
234 1401
234 2839
234 3286
235 2246
236 1289
237 693
237 944
237 1986
237 2000
237 2002
237 2906
237 2933
237 3256
238 404
238 1424
238 1494
238 1938
238 2910
238 2958
238 2966
238 3019
238 3126
238 3248
238 3283
238 3289
238 3297
238 3302
238 3325
238 3340
239 365
239 392
239 600
239 1420
239 1424
239 1938
239 1999
239 2034
239 2052
239 2919
239 2980
239 2985
239 3040
239 3144
240 364
240 622
240 645
240 800
240 1423
240 1956
240 2098
240 2927
240 3019
240 3150
240 3228
240 3339
242 740
242 801
242 931
242 1665
242 1824
242 2008
242 2674
242 4116
243 365
243 392
243 1354
243 1482
243 2953
243 3309
244 779
244 830
244 1753
244 1849
245 365
245 386
245 392
245 577
245 602
245 691
245 692
245 693
245 698
245 1421
245 1425
245 2042
245 2487
245 2918
245 3066
245 3233
246 347
247 347
248 347
249 2198
251 329
251 874
252 329
252 916
253 329
253 1504
253 3670
254 323
254 329
254 343
254 914
254 1091
255 329
255 333
255 366
255 572
255 794
255 837
255 3525
255 3806
256 323
256 329
256 2644
256 3451
256 3566
257 329
257 336
257 542
257 751
257 810
257 994
257 1825
257 1918
257 2311
258 329
258 1749
259 329
260 321
260 329
260 759
261 329
261 2154
261 2755
262 329
262 464
262 641
262 738
262 2379
263 329
263 1513
264 329
264 338
264 608
264 747
264 919
265 329
265 821
265 1314
265 1813
265 2825
267 1418
268 1278
269 2169
272 2246
273 2246
274 2246
299 2246
312 414
313 414
314 414
315 414
316 414
317 414
318 414
319 518
320 365
320 535
320 583
320 585
320 586
320 588
320 590
320 1473
322 1212
324 329
324 3785
325 327
325 1980
325 4195
326 329
326 732
326 1681
326 2052
326 2857
326 4081
327 329
327 2879
327 3152
327 3237
328 329
329 330
329 331
329 332
329 335
329 337
329 340
329 341
329 358
329 362
329 380
329 447
329 453
329 518
329 520
329 554
329 613
329 731
329 756
329 781
329 800
329 920
329 931
329 934
329 941
329 945
329 962
329 973
329 980
329 1041
329 1077
329 1082
329 1329
329 1537
329 1637
329 1665
329 1824
329 3607
329 3661
329 4195
331 1840
332 342
332 1037
332 2662
334 800
334 943
334 1819
334 3285
339 800
339 2258
340 1571
341 855
345 347
346 347
347 348
347 349
347 350
347 351
347 352
347 353
347 354
347 420
347 421
347 422
347 423
347 474
347 475
347 476
347 477
347 478
347 479
347 1415
347 1957
348 420
357 359
358 362
358 380
358 385
358 447
358 485
358 518
358 520
358 525
358 554
358 568
358 580
358 613
358 630
358 705
358 731
358 736
358 794
358 800
358 812
358 907
358 931
358 934
358 941
358 945
358 973
358 980
358 998
358 999
358 1000
358 1016
358 1018
358 1019
358 1032
358 1033
358 1075
358 1077
358 1080
358 1082
358 1147
358 1274
358 1286
358 1329
358 1349
358 1383
358 1504
358 1528
358 1537
358 1555
358 1612
358 1631
358 1637
358 1638
358 1665
358 1698
358 1760
358 1824
358 2169
358 2224
358 2246
358 2257
358 2266
358 2362
358 2532
358 2591
358 2640
358 2679
358 2694
358 2713
358 2728
358 2767
358 2832
358 2857
358 3438
358 3448
358 3460
358 3462
358 3475
358 3525
358 3558
358 3600
358 3642
358 3650
358 3667
358 3680
358 3705
358 3785
358 3797
358 3899
358 3902
358 3910
358 3929
358 3940
358 3983
358 3997
358 4003
358 4037
358 4048
358 4107
358 4108
358 4147
358 4148
358 4166
359 535
359 596
359 651
359 723
359 1441
360 2169
362 468
362 485
362 515
362 613
362 800
362 2169
365 367
365 380
365 395
365 398
365 404
365 410
365 455
365 514
365 523
365 537
365 555
365 602
365 646
365 653
365 655
365 665
365 672
365 681
365 687
365 689
365 691
365 694
365 705
365 714
365 716
365 1000
365 1089
365 1319
365 1327
365 1339
365 1342
365 1343
365 1344
365 1349
365 1352
365 1353
365 1355
365 1356
365 1366
365 1383
365 1420
365 1431
365 1437
365 1458
365 1463
365 1468
365 1476
365 1479
365 1489
365 1495
365 1496
365 1516
365 1943
365 1945
365 1974
365 1975
365 1992
365 2003
365 2004
365 2008
365 2014
365 2031
365 2064
365 2065
365 2081
365 2095
365 2105
365 2352
365 2840
365 2851
365 2857
365 2858
365 2865
365 2883
365 2894
365 2903
365 2912
365 2970
365 2971
365 2985
365 3010
365 3011
365 3016
365 3033
365 3035
365 3064
365 3073
365 3215
365 3246
365 3310
365 3314
366 2169
367 666
367 1418
367 1456
367 1464
367 1465
367 2010
367 2068
368 1077
368 1266
369 2123
369 2300
370 800
370 1794
370 2822
371 555
372 638
372 781
372 955
374 1623
374 1884
374 2174
374 2634
374 3430
375 794
375 828
375 829
375 947
375 1552
375 2325
375 2887
375 3412
375 3550
375 3810
375 3858
375 3962
375 4099
375 4177
378 1606
379 847
379 1034
380 397
380 398
380 443
380 465
380 485
380 518
380 520
380 705
380 719
380 800
380 817
380 1537
380 1665
381 1537
382 608
383 1877
384 1749
385 613
386 613
386 694
386 800
386 980
386 3078
386 3270
387 535
387 659
388 2990
389 830
392 444
392 514
392 526
392 555
392 581
392 598
392 673
392 688
392 712
392 724
392 801
392 1089
392 1266
392 1300
392 1318
392 1327
392 1329
392 1346
392 1349
392 1382
392 1383
392 1408
392 1437
392 1442
392 1453
392 1479
392 1489
392 1490
392 1516
392 2024
392 2753
392 3203
392 3237
392 3309
392 3569
393 535
393 1819
394 934
394 1509
394 1561
394 1632
394 1674
394 4067
395 446
395 1988
395 3170
395 3186
395 3908
398 400
398 401
398 4191
398 4192
398 4193
399 401
402 535
402 2890
402 2902
402 3166
403 716
404 691
404 705
405 716
405 1411
405 2867
405 3109
405 3136
406 2864
408 3220
409 2937
409 2976
409 3093
409 3347
410 536
412 800
414 429
414 432
414 543
414 570
414 1308
414 1310
414 1592
414 1904
414 2998
416 800
416 1644
416 1872
416 3684
416 3800
416 4034
417 537
418 667
418 1419
418 1955
418 2055
418 3132
418 3162
419 794
424 438
424 517
424 649
424 701
424 725
424 1979
424 2027
424 3063
426 3067
427 2123
428 800
428 2169
430 756
430 792
430 800
430 2182
430 3608
430 3621
433 1278
436 1108
437 800
438 721
438 1947
439 1711
439 1755
440 610
440 863
442 1665
443 944
443 2695
445 800
445 1262
447 485
447 525
447 613
447 629
447 745
447 789
447 800
447 878
447 1006
447 1623
447 1625
447 1799
447 1869
447 1909
447 1911
447 2130
447 2169
447 2184
447 2273
447 2388
447 2578
447 2596
447 2765
447 2809
447 2821
447 3426
447 3514
447 3539
447 3656
447 3712
447 3927
447 4009
447 4129
448 800
448 1206
448 1555
448 1819
449 800
449 1070
449 1265
449 2687
449 3794
451 2658
452 2784
453 3607
454 2027
455 1330
456 690
456 691
456 698
457 800
457 824
459 528
459 574
459 658
459 669
459 703
459 748
459 1325
459 1404
459 1451
459 1466
459 2115
459 2870
459 2911
459 2949
459 2981
459 2983
459 3015
459 3039
459 3053
459 3174
459 3185
459 3224
459 3227
459 3236
459 3264
461 673
463 688
464 554
466 553
467 3438
469 800
471 1766
471 3912
472 715
472 1418
473 633
473 636
473 640
473 1504
473 2188
480 615
481 873
481 1576
481 2371
481 2393
481 3498
481 3752
481 4064
483 484
483 560
483 4083
485 486
485 487
485 495
485 498
485 499
485 500
485 501
485 503
485 504
485 506
485 509
485 511
485 512
485 518
485 520
485 522
485 556
485 580
485 611
485 613
485 614
485 673
485 705
485 731
485 794
485 800
485 801
485 907
485 921
485 925
485 931
485 934
485 941
485 945
485 973
485 978
485 1041
485 1068
485 1082
485 1130
485 1131
485 1133
485 1134
485 1135
485 1136
485 1137
485 1141
485 1142
485 1143
485 1144
485 1145
485 1147
485 1152
485 1153
485 1154
485 1156
485 1160
485 1162
485 1164
485 1169
485 1170
485 1171
485 1175
485 1206
485 1209
485 1274
485 1383
485 1516
485 1528
485 1537
485 1612
485 1643
485 1688
485 1790
485 1824
485 2130
485 2361
485 2428
485 2429
485 2431
485 2438
485 2439
485 2440
485 2441
485 2442
485 2449
485 2536
485 2538
485 2540
485 2541
485 2542
485 2543
485 2546
485 2547
485 2548
485 2691
485 2857
485 3444
485 4116
486 611
487 488
487 489
487 490
487 491
487 493
487 494
487 496
487 498
487 499
487 501
487 505
487 513
487 611
487 800
487 1165
487 1174
488 611
489 611
490 611
491 611
491 2429
492 611
492 762
492 772
493 508
493 611
494 611
495 800
495 1147
495 1154
495 1168
495 2430
496 498
497 1171
497 2439
498 501
498 507
498 780
498 790
498 1173
498 2449
498 2537
499 501
499 1139
499 1147
499 1150
499 1157
499 1238
499 2433
499 2437
499 2443
499 2541
499 2754
499 3705
501 504
501 506
501 509
501 522
501 614
501 800
501 1049
501 1131
501 1132
501 1134
501 1136
501 1140
501 1146
501 1150
501 1152
501 1154
501 1175
501 1193
501 1196
501 1209
501 1819
501 1931
501 2413
501 2428
501 2429
501 2431
501 2436
501 2439
501 2442
501 2447
501 2537
501 2545
501 2968
501 3393
501 3477
502 611
503 2428
503 2437
503 2444
505 611
506 800
506 1132
506 1146
506 1148
506 1152
506 1159
506 1164
506 1170
506 1171
506 2428
506 2430
506 2434
506 2438
506 2443
506 2445
506 2448
506 2536
506 2540
509 522
510 2429
512 1206
514 934
514 1352
514 1360
514 1382
514 1755
514 3083
516 1345
518 613
518 628
518 791
518 800
518 825
518 882
518 935
518 946
518 979
518 1025
518 1083
518 1243
518 1251
518 1260
518 1268
518 1285
518 1328
518 1350
518 1507
518 1516
518 1559
518 1588
518 1600
518 1608
518 1618
518 1661
518 1662
518 1670
518 1682
518 1691
518 1692
518 1694
518 1697
518 1726
518 1787
518 1816
518 1828
518 1833
518 1902
518 1905
518 1906
518 1927
518 2013
518 2136
518 2144
518 2147
518 2151
518 2169
518 2177
518 2210
518 2218
518 2219
518 2226
518 2234
518 2241
518 2245
518 2270
518 2306
518 2307
518 2308
518 2309
518 2316
518 2345
518 2375
518 2384
518 2397
518 2572
518 2586
518 2593
518 2596
518 2614
518 2617
518 2624
518 2628
518 2629
518 2636
518 2641
518 2645
518 2648
518 2654
518 2683
518 2689
518 2696
518 2721
518 2762
518 2766
518 2769
518 2807
518 2811
518 2824
518 2826
518 2830
518 2833
518 2834
518 3162
518 3417
518 3427
518 3440
518 3473
518 3483
518 3486
518 3497
518 3504
518 3510
518 3534
518 3540
518 3554
518 3564
518 3572
518 3574
518 3594
518 3596
518 3597
518 3611
518 3635
518 3651
518 3658
518 3664
518 3674
518 3683
518 3701
518 3703
518 3706
518 3720
518 3730
518 3734
518 3736
518 3766
518 3767
518 3768
518 3769
518 3770
518 3771
518 3772
518 3773
518 3774
518 3805
518 3830
518 3833
518 3842
518 3845
518 3854
518 3856
518 3863
518 3868
518 3874
518 3875
518 3877
518 3879
518 3890
518 3909
518 3917
518 3942
518 3946
518 3956
518 3966
518 3978
518 3990
518 3994
518 4006
518 4010
518 4011
518 4014
518 4021
518 4023
518 4024
518 4035
518 4069
518 4075
518 4084
518 4085
518 4089
518 4095
518 4101
518 4121
518 4122
518 4131
518 4158
518 4179
519 830
519 1058
519 1849
520 613
520 800
520 1453
520 1679
520 1898
520 2157
520 2225
520 2682
520 3500
520 3672
520 3710
520 3730
520 3795
520 3799
520 3889
520 3994
520 4002
520 4046
520 4110
521 764
521 788
521 3941
522 993
522 1147
524 1126
524 2507
524 2509
524 3357
524 3360
527 749
527 2169
528 603
528 604
528 800
528 1430
528 1951
528 2965
528 2983
528 3065
528 3107
528 3149
528 3222
528 3224
528 3306
530 604
531 1317
531 2077
531 2229
531 2836
531 2847
531 3128
532 1943
533 647
533 1437
534 1940
534 1956
535 593
535 671
535 691
535 1819
538 943
538 2021
539 1475
540 716
540 800
540 3908
541 1317
544 3549
545 2228
547 553
550 551
551 552
551 1826
553 1387
553 1451
553 3032
554 555
554 556
554 557
554 613
554 625
554 626
554 800
554 1518
554 1519
554 1520
554 1521
554 1522
554 1523
554 1524
554 1525
554 1526
554 2169
554 2305
554 3718
554 3782
555 610
555 716
555 720
555 971
555 1366
555 2000
555 2030
555 2854
555 2956
555 3087
555 3139
555 3151
555 3167
555 3239
555 3268
556 1111
556 1124
558 1192
559 1642
561 973
562 1108
562 1206
563 800
564 618
566 614
566 1555
572 2169
573 757
573 1180
573 1234
573 1239
573 2412
573 2420
573 2424
573 2486
573 2492
573 2513
573 2519
573 2524
573 2529
573 2554
573 2555
573 2556
573 3366
573 3367
573 3369
573 3373
573 3374
573 3383
573 3391
573 3403
575 839
575 1867
575 2169
575 2394
575 2572
575 2816
575 3423
575 4045
577 2887
577 3191
577 3303
578 2936
580 613
580 800
580 903
580 1242
580 1302
580 1554
580 1571
580 2114
580 2122
580 2169
580 2230
580 2386
580 2406
580 2726
580 3410
580 3571
580 3907
582 583
583 584
586 587
588 589
590 591
591 592
594 723
594 3116
595 1819
595 1956
596 1418
597 699
597 941
597 1447
597 1819
597 1941
597 2082
597 2972
597 3012
597 3118
597 3295
598 729
598 800
598 1266
598 1339
598 1479
598 1498
598 2034
598 2093
598 2094
598 2753
598 2877
598 2962
598 3113
598 3135
598 3140
598 3148
598 3178
598 3203
598 3218
599 944
599 1419
599 2891
599 3162
599 3265
599 3908
601 2909
601 3336
601 3638
602 941
602 1413
602 1452
602 2006
602 2837
602 3192
604 648
604 1362
606 800
607 907
607 1537
608 4117
610 613
610 863
610 1546
610 1548
610 1624
610 1669
610 1672
610 1819
610 3459
610 3493
610 3557
611 613
611 1174
612 800
613 615
613 624
613 634
613 673
613 705
613 731
613 735
613 756
613 781
613 794
613 798
613 800
613 801
613 847
613 853
613 904
613 907
613 920
613 921
613 925
613 928
613 931
613 934
613 936
613 941
613 945
613 953
613 962
613 973
613 980
613 1041
613 1050
613 1060
613 1068
613 1075
613 1077
613 1082
613 1147
613 1244
613 1262
613 1274
613 1300
613 1329
613 1349
613 1353
613 1383
613 1405
613 1499
613 1504
613 1506
613 1516
613 1528
613 1536
613 1537
613 1560
613 1612
613 1620
613 1637
613 1643
613 1653
613 1665
613 1684
613 1688
613 1704
613 1711
613 1713
613 1743
613 1746
613 1748
613 1754
613 1787
613 1790
613 1794
613 1805
613 1819
613 1824
613 1827
613 1939
613 1984
613 2008
613 2130
613 2169
613 2170
613 2179
613 2202
613 2246
613 2261
613 2299
613 2361
613 2437
613 2608
613 2633
613 2674
613 2691
613 2703
613 2732
613 2857
613 3410
613 3419
613 3420
613 3430
613 3434
613 3436
613 3444
613 3531
613 3548
613 3629
613 3665
613 3680
613 3697
613 3720
613 3765
613 3878
613 3910
613 3939
613 3953
613 3972
613 3991
613 4006
613 4028
613 4059
613 4068
613 4074
613 4115
613 4116
613 4126
613 4145
613 4166
613 4189
614 993
614 1135
614 1141
614 1148
614 1149
614 1159
614 1172
614 1176
614 1877
614 2432
614 2435
614 2440
614 2539
614 2540
614 2549
615 646
615 2895
615 2959
615 3049
615 3220
615 3287
615 3296
615 3307
616 800
616 2169
617 800
617 1575
617 3497
617 3535
619 800
619 1827
621 800
622 1970
623 1827
624 1824
627 800
633 640
633 642
637 781
639 800
641 800
641 1527
643 672
644 645
644 2112
644 2909
646 941
646 1347
646 1367
646 1415
646 1952
646 1993
646 2018
646 2020
646 2882
646 2920
646 2922
646 2936
646 2960
646 2987
646 3049
646 3099
646 3175
646 3205
646 3273
646 3296
646 3317
646 3333
647 1443
647 1819
647 2056
647 2935
647 2944
647 2950
647 2965
647 3101
647 3255
650 657
653 1943
654 1373
655 3908
656 2944
657 2006
658 800
660 2856
661 800
661 944
661 3162
662 1460
662 3188
663 3202
663 3908
664 691
665 2912
666 1819
668 677
668 2072
668 2948
668 3187
669 3082
670 704
670 705
670 1466
670 1973
670 2097
670 2104
670 2835
670 3247
673 716
673 800
673 1356
673 1498
673 1945
673 2073
673 2169
673 2942
673 2966
673 3064
673 3068
673 3088
673 3094
673 3130
673 3150
673 3179
673 3232
673 3235
673 3248
673 3283
673 3325
674 2013
674 2014
675 781
675 907
675 2895
675 3205
675 3240
675 3272
675 3273
675 3317
675 3351
675 3751
676 2047
677 1972
677 2075
677 3187
678 728
678 1059
679 716
679 2843
679 3323
680 723
680 727
680 1364
680 1438
680 1450
680 1451
680 1454
680 2083
680 3225
681 2090
682 1943
682 2069
682 2906
682 3226
683 690
683 3073
684 728
684 2111
685 1418
686 2057
689 1483
689 1962
689 1987
690 800
690 1441
690 1492
690 2037
690 2067
690 2930
690 3073
690 3157
690 3291
691 693
691 694
691 695
691 696
691 712
691 713
691 716
691 728
691 941
691 1300
691 1318
691 1346
691 1359
691 1386
691 1431
691 1441
691 1453
691 1475
691 1481
691 1946
691 1955
691 1956
691 1958
691 1968
691 1974
691 2005
691 2014
691 2021
691 2023
691 2031
691 2035
691 2047
691 2052
691 2117
691 2169
691 2838
691 2908
691 2971
691 2985
691 3033
691 3050
691 3173
691 3212
691 3218
691 3260
691 3324
692 697
692 1452
693 694
693 700
693 1334
693 1335
693 1395
693 1402
693 1414
693 1474
693 2021
693 2861
693 2932
693 3110
693 3164
693 3281
693 3346
694 1324
694 1337
694 1358
694 1998
694 2016
694 2029
694 2032
694 2866
694 2868
694 2899
694 2912
694 2931
694 2963
694 2993
694 3011
694 3038
694 3163
694 3167
694 3193
694 3206
694 3252
694 3271
694 3275
695 1384
695 2074
695 2843
695 2892
695 2907
695 3122
695 3352
696 1467
696 1952
696 1993
696 2051
696 2116
696 2915
696 3074
696 3243
697 1487
697 1977
698 2037
698 2089
699 3047
700 2249
700 3098
700 3280
702 1451
703 1451
703 2092
703 2100
703 2905
703 2964
703 2994
705 941
705 1361
705 1397
705 1459
705 2169
705 2753
705 2757
705 2914
705 2966
705 3002
705 3017
705 3117
705 3284
706 710
707 1345
708 728
709 1451
710 1350
711 2901
712 1470
712 1984
712 2898
712 3005
712 3090
712 3328
713 2070
714 2095
716 1327
716 1329
716 1338
716 1352
716 1353
716 1383
716 1398
716 1405
716 1461
716 1465
716 1484
716 2024
716 2031
716 2850
716 2854
716 2878
716 3041
716 3131
716 3286
717 1987
717 1996
718 1451
719 2169
720 2096
720 2995
720 3213
720 3285
720 3330
720 3341
721 944
721 1439
721 2040
721 2093
721 3102
721 3201
723 1451
723 1819
723 3312
724 1472
724 1743
724 2044
724 2909
724 3274
724 3319
728 1435
728 2012
728 2055
728 2113
728 2855
728 2869
728 2916
728 2921
728 3086
730 2123
731 800
731 1068
731 1544
731 1858
731 2155
731 2169
731 2827
734 1501
737 834
739 1504
739 1537
741 781
741 800
742 800
743 800
745 931
745 965
745 1541
745 1615
745 1633
745 1685
745 2149
745 2162
745 2645
745 3777
745 3819
746 781
747 919
748 1451
750 800
750 4080
753 1623
754 800
754 1934
754 3445
754 3964
754 4071
755 800
756 800
756 1349
757 2456
758 2193
760 2056
762 1173
764 788
764 800
764 3658
765 2169
766 1001
769 3549
771 800
773 1213
773 1214
773 2169
773 2414
773 2416
773 2450
773 2455
773 2526
773 3381
774 1537
774 1772
774 1842
774 2231
774 2698
775 800
775 1785
775 2749
775 2750
777 778
781 800
781 925
781 979
781 1089
781 1108
781 1457
781 1501
781 1566
781 1620
781 1713
781 1742
781 1792
781 1939
781 2085
781 2141
781 2693
781 2705
781 3223
781 3426
781 4187
783 1798
783 3423
783 4064
784 800
786 800
786 2169
787 1637
789 800
789 1249
789 2660
793 3627
793 3708
794 800
794 1057
794 1274
794 1282
794 1560
794 1612
794 1703
794 1932
794 2106
794 2138
794 2169
794 2190
794 2344
794 2629
794 2712
794 2786
794 2800
794 2835
794 3424
794 3426
794 3644
794 3717
794 3908
794 4111
795 3431
796 1713
797 1683
797 1827
797 3809
798 1824
799 800
799 870
799 889
799 897
799 949
799 954
799 1126
799 1188
799 1201
799 1220
799 2462
799 2463
799 2507
799 2510
799 3358
799 3359
800 801
800 802
800 804
800 818
800 823
800 826
800 834
800 840
800 845
800 846
800 847
800 848
800 853
800 854
800 857
800 860
800 864
800 872
800 874
800 875
800 877
800 879
800 883
800 890
800 896
800 898
800 900
800 901
800 906
800 907
800 918
800 919
800 920
800 921
800 924
800 925
800 929
800 931
800 934
800 937
800 939
800 945
800 948
800 950
800 952
800 958
800 961
800 962
800 972
800 973
800 974
800 975
800 980
800 983
800 988
800 991
800 1007
800 1008
800 1009
800 1010
800 1011
800 1012
800 1013
800 1014
800 1021
800 1022
800 1031
800 1032
800 1037
800 1041
800 1049
800 1064
800 1065
800 1075
800 1077
800 1082
800 1084
800 1085
800 1087
800 1091
800 1094
800 1108
800 1118
800 1128
800 1129
800 1147
800 1168
800 1176
800 1182
800 1189
800 1192
800 1195
800 1196
800 1200
800 1203
800 1207
800 1217
800 1218
800 1222
800 1228
800 1229
800 1242
800 1248
800 1250
800 1252
800 1256
800 1267
800 1274
800 1278
800 1281
800 1282
800 1285
800 1288
800 1295
800 1296
800 1301
800 1328
800 1330
800 1339
800 1351
800 1357
800 1386
800 1397
800 1405
800 1429
800 1441
800 1475
800 1485
800 1504
800 1506
800 1507
800 1514
800 1528
800 1537
800 1539
800 1547
800 1558
800 1562
800 1563
800 1583
800 1585
800 1588
800 1589
800 1606
800 1608
800 1611
800 1618
800 1621
800 1622
800 1625
800 1629
800 1637
800 1640
800 1641
800 1642
800 1645
800 1646
800 1648
800 1649
800 1652
800 1655
800 1657
800 1659
800 1665
800 1671
800 1675
800 1676
800 1683
800 1686
800 1690
800 1693
800 1702
800 1703
800 1706
800 1708
800 1710
800 1711
800 1714
800 1720
800 1723
800 1724
800 1730
800 1732
800 1733
800 1735
800 1736
800 1738
800 1747
800 1750
800 1752
800 1755
800 1760
800 1761
800 1764
800 1766
800 1769
800 1774
800 1776
800 1787
800 1789
800 1790
800 1804
800 1807
800 1814
800 1818
800 1819
800 1821
800 1822
800 1824
800 1827
800 1829
800 1830
800 1834
800 1837
800 1838
800 1839
800 1842
800 1848
800 1849
800 1850
800 1852
800 1856
800 1859
800 1864
800 1865
800 1866
800 1871
800 1875
800 1876
800 1877
800 1878
800 1883
800 1886
800 1887
800 1889
800 1891
800 1893
800 1894
800 1895
800 1897
800 1901
800 1903
800 1907
800 1909
800 1919
800 1922
800 1928
800 1930
800 1931
800 1969
800 1981
800 1996
800 2008
800 2015
800 2031
800 2043
800 2047
800 2055
800 2075
800 2090
800 2121
800 2133
800 2135
800 2137
800 2146
800 2147
800 2153
800 2154
800 2155
800 2166
800 2169
800 2177
800 2179
800 2192
800 2196
800 2197
800 2199
800 2201
800 2203
800 2206
800 2209
800 2212
800 2214
800 2215
800 2221
800 2224
800 2227
800 2228
800 2236
800 2237
800 2239
800 2245
800 2247
800 2251
800 2252
800 2253
800 2261
800 2265
800 2267
800 2270
800 2278
800 2281
800 2284
800 2286
800 2287
800 2290
800 2292
800 2294
800 2303
800 2312
800 2316
800 2317
800 2318
800 2320
800 2321
800 2324
800 2338
800 2345
800 2347
800 2356
800 2359
800 2363
800 2377
800 2387
800 2390
800 2391
800 2395
800 2415
800 2446
800 2550
800 2568
800 2569
800 2574
800 2575
800 2580
800 2581
800 2589
800 2590
800 2591
800 2595
800 2596
800 2600
800 2601
800 2603
800 2606
800 2628
800 2631
800 2634
800 2636
800 2637
800 2638
800 2646
800 2651
800 2663
800 2665
800 2667
800 2672
800 2680
800 2688
800 2691
800 2699
800 2711
800 2713
800 2714
800 2731
800 2738
800 2740
800 2742
800 2744
800 2755
800 2758
800 2759
800 2760
800 2762
800 2763
800 2767
800 2770
800 2774
800 2786
800 2789
800 2796
800 2797
800 2799
800 2800
800 2803
800 2812
800 2814
800 2829
800 2851
800 2863
800 2930
800 2944
800 2988
800 3009
800 3029
800 3071
800 3089
800 3111
800 3162
800 3230
800 3344
800 3356
800 3393
800 3394
800 3413
800 3414
800 3418
800 3429
800 3439
800 3440
800 3442
800 3448
800 3449
800 3450
800 3451
800 3453
800 3456
800 3462
800 3463
800 3476
800 3490
800 3491
800 3492
800 3493
800 3494
800 3495
800 3496
800 3500
800 3502
800 3504
800 3505
800 3521
800 3523
800 3526
800 3528
800 3529
800 3530
800 3536
800 3540
800 3542
800 3547
800 3550
800 3561
800 3564
800 3568
800 3578
800 3579
800 3583
800 3586
800 3590
800 3602
800 3612
800 3630
800 3633
800 3635
800 3637
800 3644
800 3648
800 3653
800 3660
800 3668
800 3670
800 3672
800 3674
800 3675
800 3679
800 3682
800 3685
800 3686
800 3687
800 3689
800 3693
800 3694
800 3695
800 3714
800 3731
800 3734
800 3744
800 3748
800 3749
800 3757
800 3759
800 3760
800 3761
800 3762
800 3776
800 3778
800 3780
800 3784
800 3786
800 3791
800 3792
800 3820
800 3821
800 3831
800 3840
800 3841
800 3846
800 3859
800 3862
800 3865
800 3866
800 3867
800 3868
800 3870
800 3873
800 3877
800 3878
800 3880
800 3882
800 3885
800 3886
800 3895
800 3900
800 3906
800 3918
800 3920
800 3921
800 3922
800 3923
800 3926
800 3937
800 3943
800 3952
800 3968
800 3987
800 3995
800 3998
800 4016
800 4017
800 4024
800 4036
800 4037
800 4042
800 4048
800 4051
800 4054
800 4057
800 4061
800 4070
800 4071
800 4072
800 4074
800 4076
800 4089
800 4090
800 4093
800 4095
800 4099
800 4112
800 4132
800 4135
800 4139
800 4155
800 4163
800 4165
800 4170
800 4174
800 4177
800 4184
802 861
802 2275
802 3881
803 2291
806 2154
807 1507
808 1504
809 847
811 3437
816 830
817 1564
819 888
819 964
819 1062
819 1531
819 1570
819 1747
819 1793
819 1826
819 1868
819 1925
819 2158
819 2178
819 2298
819 2314
819 2350
819 2371
819 2396
819 2602
819 2623
819 3567
819 3945
820 2206
820 2262
822 936
822 2466
822 2508
822 3384
823 2169
824 1386
830 1849
830 2730
831 1749
833 834
834 969
834 1069
834 1093
834 1098
834 1108
834 2527
834 2528
835 911
836 1504
836 2331
839 1747
840 907
841 1642
843 2169
844 1678
845 864
847 981
847 986
847 2369
847 3801
851 1783
852 2261
853 1881
853 2128
854 1827
859 1824
861 989
862 1015
862 1315
863 944
863 1758
863 2169
863 2171
863 2399
863 2772
863 3459
863 3538
863 3981
864 970
864 995
864 1022
864 1530
866 954
867 2270
868 980
871 2407
871 2408
872 1626
874 1490
876 877
876 949
877 1125
877 1129
877 1185
877 1220
877 1221
877 1222
877 1258
877 1287
877 1614
877 1824
877 2461
877 2462
877 2463
877 2464
877 2465
877 2506
877 2511
877 3358
877 3359
877 3362
877 3363
877 3386
877 3387
878 1504
878 2397
878 2588
878 3468
879 1770
879 1819
879 2134
879 2169
880 1081
880 2123
881 1755
881 2738
883 2169
884 1547
884 2247
884 3711
884 3901
884 4058
885 1533
885 2572
885 2706
885 3425
885 3935
885 4151
885 4162
887 1749
888 2258
892 944
892 2169
892 3915
893 932
893 2738
893 3454
893 3497
894 2738
895 933
899 980
900 1276
900 2689
901 3408
902 1101
903 1039
903 1181
904 1537
904 3555
905 1504
905 2400
907 1004
907 1080
907 1349
907 1504
907 1637
907 1711
907 2169
907 2272
907 2573
907 2794
907 2817
907 2823
911 2169
911 2720
913 2738
915 980
916 1749
917 2348
917 2357
917 2815
917 3514
917 4066
918 3764
920 2169
921 923
921 1568
921 1876
921 2205
921 2277
921 2282
921 2679
921 2684
921 3299
921 3480
921 3619
921 3701
921 3702
921 3911
922 1314
923 1824
925 2169
926 3512
931 932
931 1757
931 1917
931 2156
931 2169
931 2172
931 2224
931 2250
931 2259
931 2260
931 2279
931 2724
931 2725
931 2782
931 2783
931 2784
931 2785
931 3532
931 3688
931 3702
931 3879
931 3974
931 3975
931 3976
934 994
934 1020
934 1091
934 1302
934 1517
934 1755
934 1819
934 1828
934 1837
934 1929
934 2132
934 2165
934 2169
934 2582
934 3198
934 3455
934 3634
934 3967
934 4039
934 4096
936 1128
936 1220
936 1258
936 2461
936 2463
936 3358
938 1678
938 1777
938 1778
938 2119
938 2120
938 2749
939 1755
940 1286
941 942
941 943
941 944
941 1024
941 1143
941 1187
941 1234
941 1385
941 1413
941 1448
941 1461
941 1672
941 1851
941 1936
941 1986
941 1987
941 2034
941 2061
941 2078
941 2095
941 2111
941 2264
941 2280
941 2505
941 2523
941 2677
941 2704
941 2707
941 2708
941 2753
941 2891
941 2898
941 2900
941 2939
941 2941
941 3111
941 3117
942 961
942 2134
942 2422
942 2521
942 2810
942 3503
943 988
943 1486
943 1606
943 1645
943 1801
943 1885
943 1940
943 1969
943 2015
943 2081
943 2090
943 2312
943 2741
943 2859
943 2969
943 3076
943 3241
944 988
944 1446
944 1546
944 1792
944 1801
944 1822
944 1841
944 2160
944 2228
944 2570
944 2639
944 3168
944 3495
944 3898
944 4044
944 4190
945 1717
945 2169
945 3717
946 2179
951 1278
953 1096
953 1100
953 1111
953 1117
953 1190
953 1199
953 1824
953 2406
953 2417
953 2454
953 2483
953 2533
953 3356
953 3404
954 2467
954 2509
954 3361
958 2169
959 1286
961 1236
961 1555
963 1106
965 2995
965 3111
965 3299
966 980
967 968
967 1894
969 1108
970 1506
973 1489
973 2169
973 2709
973 3659
976 3512
977 2806
978 1147
980 983
980 995
980 997
980 1092
980 1217
980 1244
980 1269
980 1549
980 1554
980 1580
980 1619
980 1770
980 1787
980 1812
980 1827
980 1858
980 1887
980 1893
980 1902
980 1908
980 2129
980 2177
980 2240
980 2269
980 2325
980 2340
980 2390
980 2596
980 2603
980 2686
980 2746
980 2776
980 2828
980 2838
980 2875
980 2952
980 3421
980 3465
980 3479
980 3565
980 3577
980 3613
980 3626
980 3663
980 3681
980 3871
980 3908
980 3963
980 3999
980 4119
982 1243
984 1694
986 1775
988 1581
988 1644
988 1819
988 1851
988 1872
988 2195
988 2310
988 2353
988 2374
988 2803
988 2820
988 3511
988 3524
988 3552
988 3643
988 3654
988 3698
988 3804
988 3817
988 3838
988 3852
988 3993
988 4060
988 4118
988 4133
988 4136
988 4142
990 1755
990 3954
991 1781
992 1504
993 1154
996 1276
996 2738
1001 1035
1001 1248
1001 1535
1001 2312
1003 1118
1003 1819
1005 1504
1014 3354
1017 1041
1021 1537
1022 1504
1024 1109
1024 1297
1025 1082
1025 2148
1027 1504
1027 1537
1027 1622
1029 2320
1030 1755
1032 4063
1035 2312
1036 1757
1039 1181
1039 2519
1040 1206
1041 1594
1041 3578
1044 1827
1046 1779
1046 1780
1046 1784
1046 2657
1053 1793
1053 2394
1054 1755
1055 1537
1057 1827
1059 1262
1059 1467
1059 1995
1059 2020
1059 2046
1059 2049
1059 2108
1059 2869
1059 2882
1059 2913
1059 2922
1059 2933
1059 2960
1059 3115
1059 3156
1059 3194
1060 1620
1062 1747
1063 3941
1064 2746
1064 3932
1064 3978
1065 2478
1065 2528
1065 2552
1068 1504
1070 1755
1070 3551
1070 3794
1071 1871
1073 1219
1075 1274
1075 3581
1076 4008
1077 1703
1077 2169
1078 1537
1078 3583
1078 3716
1078 3995
1078 4041
1081 2300
1082 1554
1082 1648
1082 1741
1082 1759
1082 1916
1082 2169
1082 2238
1082 2361
1082 2392
1082 2486
1082 2532
1082 2582
1082 2791
1082 3676
1082 4009
1082 4019
1094 1108
1094 2483
1095 1108
1097 1108
1098 1108
1099 1232
1099 1819
1101 1819
1102 1106
1102 1108
1103 1108
1104 1206
1104 2408
1105 1108
1105 1112
1106 1108
1106 1114
1106 1115
1106 1230
1106 1237
1106 1555
1106 2427
1106 2454
1107 1234
1108 1110
1108 1113
1108 1114
1108 1115
1108 1119
1108 1120
1108 1121
1108 1186
1108 1187
1108 1195
1108 1205
1108 1206
1108 1297
1108 1528
1108 2413
1108 2416
1108 2450
1108 2468
1108 2482
1108 2487
1108 2520
1108 2523
1108 3015
1108 3356
1108 3370
1114 1824
1114 3401
1116 1204
1116 3389
1116 3398
1118 1206
1118 2405
1118 2471
1118 2502
1118 2503
1118 2518
1118 2530
1118 2562
1122 2408
1122 2516
1123 1201
1124 1212
1127 2464
1131 1166
1133 1147
1134 1147
1135 2444
1135 2446
1136 1167
1137 1151
1137 1168
1137 1206
1137 2535
1137 2543
1137 3394
1138 1164
1141 1147
1142 1147
1143 1171
1144 1206
1144 2446
1145 1171
1146 1147
1147 1153
1147 1155
1147 1161
1147 1167
1147 2429
1147 2439
1147 3757
1152 1163
1153 1177
1158 1171
1160 1162
1161 1164
1162 2437
1162 2441
1162 2541
1164 2436
1164 2549
1165 1226
1168 1171
1171 2433
1171 2434
1171 2543
1171 2545
1172 2429
1178 1234
1179 2409
1179 2411
1179 2473
1179 2474
1181 1198
1181 1235
1181 2409
1181 2456
1182 1197
1183 2409
1184 1234
1186 1212
1192 1193
1192 1819
1192 2021
1194 1528
1194 1931
1196 1225
1196 2489
1196 3390
1197 1200
1198 1203
1198 2066
1198 2561
1200 1202
1200 2418
1201 1287
1201 2464
1201 2506
1203 1819
1206 2437
1206 2512
1208 1819
1210 1215
1210 2531
1210 2559
1210 3368
1211 1212
1211 2505
1212 1213
1212 1215
1212 2169
1212 2415
1212 2452
1212 2453
1212 2455
1212 2553
1212 2559
1212 3368
1212 3400
1213 3931
1215 2416
1216 2551
1218 1555
1218 2458
1223 1555
1224 2409
1229 1555
1231 2409
1231 2426
1232 1819
1233 2409
1234 2470
1234 2504
1239 2490
1239 2519
1239 3388
1243 1560
1243 2632
1243 3704
1243 3765
1243 3855
1245 2054
1247 1551
1247 3479
1247 3736
1248 1261
1248 1535
1248 1606
1248 1655
1248 2055
1248 2161
1248 2169
1248 2187
1248 2312
1248 2336
1248 2376
1248 2664
1248 2681
1248 2752
1248 3432
1248 3522
1248 3544
1248 3616
1248 3655
1248 3715
1248 3743
1248 3775
1248 3887
1248 3897
1248 3924
1248 4000
1248 4043
1248 4079
1248 4082
1248 4130
1248 4150
1251 3658
1255 1637
1259 1827
1259 3979
1261 2312
1262 1274
1262 1619
1262 1712
1262 1824
1262 2169
1262 2190
1262 2597
1262 2691
1262 2712
1262 3704
1262 3777
1262 3893
1262 4025
1262 4187
1265 1530
1268 1827
1270 3569
1273 1666
1274 1445
1274 3890
1276 3606
1278 1550
1278 2124
1278 2293
1278 2585
1278 2609
1278 2613
1278 2697
1278 2808
1278 3482
1278 3484
1278 3682
1278 3721
1278 3802
1278 3803
1278 3815
1278 3861
1278 4125
1278 4184
1279 1537
1279 1827
1284 1506
1284 1744
1286 2169
1287 3362
1288 2650
1288 4092
1290 2258
1291 1794
1292 2169
1293 2169
1294 1755
1295 2733
1298 1755
1299 2169
1300 1408
1302 1506
1302 2340
1302 2726
1302 3795
1302 3891
1305 1827
1311 2246
1317 1393
1317 1488
1317 1819
1317 1947
1317 1971
1317 1972
1317 1983
1317 2009
1317 2071
1317 2848
1317 2924
1317 2925
1317 3184
1317 3318
1318 1382
1318 1444
1318 1877
1318 1939
1318 1994
1318 2952
1318 2962
1318 3113
1318 3331
1319 2058
1320 2072
1321 1349
1322 1402
1323 1819
1323 3342
1323 3344
1324 1342
1326 1341
1327 1448
1327 2249
1327 2858
1328 3004
1328 3201
1329 2896
1330 2021
1332 1397
1333 1943
1333 1959
1334 1943
1335 1959
1336 1943
1337 1987
1337 1996
1339 1398
1339 1948
1339 1949
1339 1959
1339 1960
1339 1961
1339 1962
1339 1963
1339 1964
1339 1996
1339 2031
1339 2093
1339 2865
1339 3021
1339 3022
1339 3033
1339 3305
1339 3346
1340 2909
1340 3208
1341 3228
1342 2095
1342 2102
1342 2997
1343 2060
1343 3084
1344 3117
1345 1390
1345 2007
1345 2047
1345 2091
1345 2897
1345 3077
1345 3108
1345 3133
1345 3137
1345 3153
1345 3190
1346 2910
1346 2998
1346 3106
1346 3214
1346 3216
1347 3243
1348 2093
1349 1382
1349 1409
1349 1422
1349 2114
1349 2885
1349 3177
1350 2075
1350 2103
1350 2884
1350 2945
1350 2948
1351 1819
1353 1405
1353 1877
1353 2850
1353 2854
1355 2095
1358 1996
1361 2909
1361 3031
1361 3156
1361 3334
1363 2031
1363 2892
1365 3264
1367 1964
1368 1376
1368 1377
1370 1381
1372 1373
1372 1374
1379 1380
1383 1985
1383 2846
1383 3148
1383 3179
1384 2078
1386 2757
1386 3311
1388 1451
1389 1418
1391 1451
1394 1451
1396 1422
1397 1412
1397 1417
1397 1446
1397 1469
1397 1990
1397 2955
1397 3018
1397 3102
1398 1983
1399 2928
1399 3332
1400 3117
1401 1492
1401 3259
1403 3311
1405 2878
1406 1969
1407 1943
1407 1986
1408 1448
1409 2024
1409 2107
1410 2021
1412 1469
1414 2889
1414 3013
1414 3242
1415 2012
1415 2639
1416 1943
1418 1819
1418 2926
1418 3348
1420 3050
1422 1442
1422 3327
1425 1819
1425 2924
1426 2021
1428 2249
1431 1960
1431 2849
1431 3232
1434 2944
1435 1948
1436 2011
1436 2881
1436 2909
1437 1528
1437 2010
1437 2017
1437 2062
1437 2065
1437 2887
1437 2893
1437 2992
1437 2997
1437 3030
1441 1721
1441 1946
1441 1949
1441 2851
1441 3055
1441 3245
1441 3254
1442 2909
1444 1939
1444 3140
1444 3345
1446 2036
1446 2929
1446 3063
1448 3250
1449 3908
1451 1950
1451 2940
1451 2986
1451 2996
1451 3036
1451 3043
1451 3058
1451 3061
1451 3092
1451 3120
1451 3121
1451 3123
1451 3124
1451 3141
1451 3146
1451 3165
1451 3180
1451 3207
1451 3258
1451 3308
1455 1941
1458 3117
1460 1942
1461 2852
1461 2878
1461 3131
1462 2107
1467 2018
1467 2019
1467 2865
1467 3003
1467 3908
1468 3326
1468 3347
1468 3908
1469 3004
1470 2024
1471 1973
1472 2024
1475 2110
1476 3331
1477 2014
1478 3336
1479 1819
1479 1993
1479 2022
1479 4094
1480 1943
1481 1819
1482 1939
1482 2909
1485 1819
1485 1982
1485 2033
1485 2874
1485 2890
1485 2967
1485 3024
1485 3055
1485 3081
1486 1961
1490 1987
1491 2117
1493 2888
1495 2081
1497 2865
1499 1612
1500 1819
1501 2190
1503 2738
1503 3497
1504 1540
1504 1582
1504 1649
1504 1680
1504 1687
1504 1711
1504 1719
1504 1740
1504 1756
1504 1767
1504 1769
1504 1776
1504 1788
1504 1794
1504 1846
1504 1879
1504 1890
1504 1984
1504 2169
1504 2194
1504 2258
1504 2293
1504 2368
1504 2584
1504 3482
1504 3617
1504 3669
1504 3682
1504 3696
1504 3723
1504 3779
1504 3894
1504 3916
1504 4065
1504 4125
1504 4146
1504 4183
1505 2312
1505 3775
1506 1539
1506 1565
1506 1638
1506 1673
1506 1859
1506 1869
1506 2163
1506 2269
1506 2304
1506 2333
1506 3467
1506 3501
1506 3519
1506 3553
1506 3604
1506 3608
1506 3738
1506 3822
1506 3826
1506 4020
1506 4066
1506 4088
1506 4090
1506 4129
1507 2771
1509 4138
1511 1745
1511 1755
1513 2169
1514 2695
1516 1824
1516 2107
1516 3169
1517 1824
1518 1681
1518 1699
1518 2349
1518 2532
1518 2636
1518 3571
1518 3593
1518 3692
1518 4116
1519 3738
1521 2625
1521 3577
1521 3709
1522 4063
1523 3446
1528 1620
1528 1819
1528 1909
1528 2169
1528 2268
1528 2343
1528 2409
1528 2745
1528 3393
1528 3433
1528 3437
1528 3573
1528 3605
1528 3648
1528 4050
1530 1755
1531 3489
1532 1794
1536 3650
1536 3707
1536 3722
1537 1565
1537 1587
1537 1609
1537 1637
1537 1744
1537 1805
1537 1812
1537 1824
1537 1832
1537 1879
1537 2147
1537 2169
1537 2179
1537 2211
1537 2213
1537 2232
1537 2261
1537 2335
1537 2348
1537 2357
1537 2388
1537 2578
1537 2587
1537 2595
1537 2626
1537 2789
1537 2826
1537 3414
1537 3415
1537 3422
1537 3424
1537 3445
1537 3467
1537 3488
1537 3595
1537 3609
1537 3646
1537 3721
1537 3754
1537 3755
1537 3758
1537 3760
1537 3765
1537 3808
1537 3843
1537 3922
1537 4014
1537 4018
1537 4049
1537 4106
1537 4185
1538 1755
1540 2261
1541 2360
1546 1548
1546 3569
1548 1624
1548 1627
1548 2365
1548 2772
1548 3493
1548 3538
1548 3557
1548 3981
1554 3829
1555 1914
1555 2169
1555 2408
1555 2409
1555 2553
1555 3380
1556 2169
1557 2169
1559 1719
1559 2808
1559 3481
1559 3802
1565 1855
1565 3914
1567 2179
1569 2358
1571 1755
1572 3465
1573 2755
1577 2291
1580 1734
1580 1755
1584 3781
1584 3837
1584 3909
1584 4026
1585 2169
1586 3798
1588 3412
1591 3689
1594 2246
1597 2259
1602 2246
1607 3965
1609 1906
1609 3600
1610 1827
1610 1849
1611 3508
1613 2024
1619 1843
1622 2189
1623 2254
1623 2691
1624 1627
1634 1724
1634 1755
1635 1755
1636 2148
1637 1772
1637 1779
1637 1780
1637 1782
1637 2130
1637 2385
1637 2622
1637 2749
1637 2776
1637 2813
1637 3763
1639 2175
1643 1819
1650 2283
1650 2661
1650 3824
1652 1678
1652 1732
1652 2262
1654 1755
1655 1819
1665 1747
1665 2225
1665 3407
1665 3707
1665 3847
1665 4046
1665 4113
1665 4143
1665 4168
1669 3493
1670 2685
1670 3417
1672 2171
1673 2179
1683 1726
1683 2169
1690 2136
1690 3750
1690 4087
1693 4077
1711 1718
1711 2169
1711 2804
1711 3842
1711 3903
1711 4005
1713 2834
1714 4083
1716 2169
1720 2370
1727 2169
1728 1755
1728 3606
1734 2169
1734 3576
1736 3809
1743 1824
1743 2712
1744 3914
1747 2350
1747 2649
1747 3545
1748 2324
1749 1753
1749 1845
1749 2169
1749 2180
1749 2220
1749 2372
1749 2810
1749 3515
1749 3543
1749 3587
1749 3969
1751 2776
1753 1849
1753 3988
1754 1755
1755 1771
1755 1806
1755 1826
1755 1861
1755 1888
1755 2143
1755 2182
1755 2212
1755 2231
1755 2244
1755 2290
1755 2330
1755 2334
1755 2383
1755 2575
1755 2578
1755 2583
1755 2584
1755 2596
1755 2641
1755 2651
1755 2686
1755 2712
1755 2760
1755 2809
1755 2828
1755 3424
1755 3428
1755 3509
1755 3527
1755 3541
1755 3584
1755 3585
1755 3595
1755 3596
1755 3626
1755 3644
1755 3709
1755 3733
1755 3739
1755 3747
1755 3832
1755 3844
1755 3849
1755 3850
1755 3871
1755 3889
1755 3891
1755 3896
1755 3927
1755 3947
1755 3967
1755 3972
1755 3996
1755 4007
1755 4014
1755 4015
1755 4040
1755 4053
1755 4073
1755 4086
1755 4128
1755 4154
1755 4160
1755 4180
1755 4181
1757 3905
1757 4056
1758 3493
1762 1778
1762 3941
1765 1921
1765 2237
1765 2692
1765 3998
1767 2367
1767 2826
1768 4028
1770 1831
1770 2710
1770 3971
1773 1827
1782 3470
1783 3828
1787 2149
1787 2627
1787 3464
1790 2169
1792 1819
1793 1819
1794 1824
1794 2169
1794 2267
1794 3660
1794 3926
1801 3343
1803 3558
1805 2107
1805 2682
1805 3678
1807 3569
1809 2169
1811 2169
1815 2169
1819 1822
1819 1926
1819 1940
1819 1953
1819 1965
1819 1975
1819 1997
1819 2021
1819 2028
1819 2030
1819 2031
1819 2055
1819 2058
1819 2072
1819 2076
1819 2087
1819 2160
1819 2312
1819 2321
1819 2408
1819 2471
1819 2488
1819 2678
1819 2694
1819 2743
1819 2751
1819 2857
1819 2858
1819 2865
1819 2894
1819 2909
1819 2947
1819 2957
1819 3017
1819 3020
1819 3028
1819 3032
1819 3076
1819 3089
1819 3111
1819 3168
1819 3233
1819 3234
1819 3241
1819 3320
1819 3418
1819 3433
1819 3444
1819 3447
1819 3472
1819 3666
1819 3986
1824 2041
1824 2130
1824 2153
1824 2169
1824 2205
1824 2277
1824 2285
1824 2403
1824 2486
1824 2491
1824 2604
1824 2790
1824 3356
1824 3411
1824 3480
1824 3629
1824 3876
1826 2298
1826 2607
1826 2610
1826 2706
1826 3457
1826 3666
1827 1833
1827 2147
1827 2169
1827 2203
1827 2286
1827 2332
1827 3539
1827 3675
1827 3724
1827 3855
1827 3912
1827 4073
1828 2169
1830 2169
1839 2596
1839 3734
1839 3823
1841 3569
1844 2257
1844 4167
1849 1900
1849 2140
1849 2191
1849 2204
1849 2223
1849 2328
1849 2389
1849 2716
1849 3515
1849 3783
1849 4171
1851 1872
1851 2195
1851 2701
1851 3570
1854 2781
1854 3737
1854 3864
1873 2677
1874 2737
1877 1952
1877 2137
1877 3469
1880 2285
1885 2021
1888 3961
1891 2169
1892 3864
1893 2169
1895 2169
1905 3848
1906 3797
1910 3689
1917 2169
1921 2255
1931 3405
1931 3431
1936 2024
1937 2888
1937 2903
1939 2844
1939 2962
1939 3005
1939 3155
1940 2900
1942 3315
1943 1944
1943 1959
1943 2021
1943 2101
1943 3026
1943 3127
1943 3242
1943 3257
1943 3293
1943 3349
1948 2869
1954 1995
1955 1956
1955 2027
1956 2027
1956 3028
1957 1958
1959 1966
1959 2856
1959 2932
1959 3127
1959 3293
1960 3002
1960 3095
1960 3126
1960 3173
1961 3037
1961 3042
1961 3210
1962 3275
1963 3409
1964 2020
1964 2959
1965 3268
1967 3032
1968 2078
1971 2988
1971 3080
1974 3223
1976 3017
1981 2021
1984 2107
1984 2169
1986 3257
1987 2029
1987 2108
1987 2841
1987 2931
1987 2993
1987 3251
1989 2925
1993 2865
1994 2898
1994 2934
1994 3000
1994 3155
1996 2032
1996 2108
1996 3048
1996 3251
1996 3271
1996 3292
1997 2876
1997 2938
1997 2944
1997 3065
1997 3276
1997 3316
2001 2991
2001 3260
2003 2925
2005 2169
2006 3142
2008 3304
2010 3128
2012 2055
2013 2014
2014 2966
2014 3232
2015 2169
2015 2975
2015 2999
2015 3007
2015 3045
2015 3057
2015 3181
2015 3194
2015 3195
2015 3196
2015 3199
2015 3204
2015 3238
2015 3321
2015 3908
2018 2021
2019 2865
2021 2520
2021 2862
2021 2872
2021 3231
2021 3592
2022 2934
2024 2073
2024 2107
2024 2109
2024 2846
2024 2866
2024 2877
2024 2909
2024 2916
2024 2921
2024 3040
2024 3042
2024 3090
2024 3135
2024 3143
2024 3250
2024 3274
2024 3280
2024 3301
2024 3319
2024 3349
2025 3111
2026 3066
2032 2893
2033 3908
2038 3033
2039 3097
2042 2057
2042 3254
2043 2944
2043 3059
2043 3079
2043 3306
2045 2853
2046 2095
2047 2880
2047 2977
2047 2984
2047 3137
2048 2944
2048 3006
2049 3219
2050 2888
2052 2098
2052 3094
2053 3116
2054 3338
2057 3147
2058 2093
2058 3269
2059 2169
2059 3908
2063 2944
2064 2095
2065 3908
2070 2842
2070 2923
2072 2075
2072 2943
2073 2107
2073 3001
2073 3182
2075 2951
2075 3125
2075 3255
2076 2169
2076 3056
2078 3037
2079 2891
2079 3132
2079 3234
2080 2944
2081 2860
2084 2087
2085 2909
2085 3340
2086 2888
2087 2944
2087 3047
2087 3267
2087 3295
2088 2888
2092 2100
2093 3054
2095 2873
2095 2942
2097 3027
2102 3186
2105 2838
2106 3111
2106 3200
2107 2894
2107 3301
2108 3048
2111 2855
2118 3908
2123 2169
2123 3756
2129 2390
2130 2208
2130 2361
2136 2712
2137 2169
2142 3562
2142 3808
2148 3950
2150 2169
2154 2276
2154 2618
2154 3700
2154 4053
2154 4077
2158 2258
2158 3930
2161 2377
2166 2674
2167 2674
2168 2674
2169 2175
2169 2199
2169 2227
2169 2251
2169 2275
2169 2287
2169 2304
2169 2312
2169 2317
2169 2366
2169 2380
2169 2401
2169 2415
2169 2437
2169 2569
2169 2615
2169 2624
2169 2630
2169 2638
2169 2653
2169 2663
2169 2669
2169 2674
2169 2699
2169 2738
2169 2758
2169 2764
2169 2773
2169 2795
2169 2798
2169 2805
2169 3111
2169 3440
2169 3444
2169 3453
2169 3484
2169 3487
2169 3494
2169 3529
2169 3605
2169 3628
2169 3642
2169 3652
2169 3671
2169 3687
2169 3690
2169 3698
2169 3742
2169 3753
2169 3757
2169 3759
2169 3816
2169 3822
2169 3827
2169 3846
2169 3857
2169 3858
2169 3860
2169 3872
2169 3888
2169 3892
2169 3900
2169 3925
2169 3938
2169 3951
2169 3958
2169 3968
2169 3979
2169 3988
2169 4026
2169 4049
2169 4054
2169 4055
2169 4109
2169 4140
2170 3989
2172 2207
2172 3520
2172 3704
2179 2303
2179 3402
2179 3610
2179 3663
2179 4078
2190 3942
2197 2739
2198 3474
2198 3579
2202 3827
2206 3915
2240 2751
2248 2519
2249 2987
2249 3230
2255 3462
2255 3955
2258 4165
2262 4030
2263 2704
2270 3549
2285 2342
2285 2608
2285 3444
2291 2296
2291 2720
2291 3471
2291 3647
2291 3918
2291 4041
2298 3489
2312 2681
2312 3544
2312 3869
2313 3393
2319 2374
2320 3589
2360 2712
2365 4047
2383 3961
2398 3562
2404 2409
2404 2525
2404 3374
2404 3375
2407 2499
2409 2410
2409 2411
2409 2419
2409 2426
2409 2456
2409 2472
2409 2473
2409 2474
2409 2475
2409 2476
2409 2477
2409 2504
2409 3353
2409 3365
2409 3397
2409 3406
2411 2472
2416 2455
2420 2532
2420 2563
2421 2436
2426 2494
2426 2497
2426 2517
2429 2430
2429 2436
2429 2445
2429 2448
2429 2534
2429 2538
2430 2548
2436 2546
2437 3372
2437 3705
2437 3982
2441 2544
2448 2548
2450 2505
2451 2531
2453 3931
2455 2505
2456 3383
2457 2486
2457 2493
2457 2532
2459 2532
2466 3385
2472 2473
2472 2474
2473 2474
2473 2475
2474 2475
2480 2532
2484 2486
2485 2486
2486 2495
2486 2496
2486 2498
2486 2501
2486 2524
2486 2529
2486 2532
2486 2557
2486 2566
2486 3355
2486 3392
2494 2517
2494 3395
2497 3377
2497 4197
2505 3380
2531 2558
2532 2567
2532 3371
2538 2542
2568 2674
2585 2723
2589 2674
2594 3444
2598 3772
2603 3546
2620 3583
2643 3783
2664 3452
2666 3796
2670 2740
2670 3618
2670 4128
2674 4099
2677 2743
2704 3625
2710 3441
2712 3155
2712 3992
2723 3815
2738 2819
2753 2757
2755 2756
2762 2795
2762 4159
2764 3603
2816 4153
2820 4034
2838 3208
2838 3289
2839 3908
2845 3111
2851 2888
2851 2925
2851 2930
2853 3908
2858 2958
2858 3083
2858 3198
2862 3051
2865 2936
2865 3025
2865 3099
2865 3240
2873 3096
2886 3219
2886 3290
2888 2903
2899 2990
2909 2927
2909 2992
2909 3143
2909 3278
2911 3062
2911 3277
2911 3295
2912 2937
2912 3072
2918 2967
2918 3024
2918 3081
2919 2968
2919 3095
2923 2939
2925 3176
2935 3059
2939 3104
2939 4091
2944 2946
2944 2949
2944 2972
2944 3082
2944 3100
2944 3116
2944 3129
2944 3145
2944 3209
2944 3236
2953 2954
2953 3158
2953 3159
2953 3160
2953 3161
2954 3158
2957 3105
2957 3338
2969 3189
2971 3094
2971 3235
2971 3266
2973 3103
2974 3034
2975 3638
2978 3638
2979 3009
2979 3249
2979 3253
2979 3284
2979 3908
2980 3095
2982 3085
2985 3046
2989 3032
2990 3261
2999 3638
3005 3350
3007 3008
3008 3204
3008 3321
3008 3908
3011 3093
3014 3033
3014 3908
3016 3908
3017 3326
3022 3096
3023 3908
3029 3067
3032 3119
3033 3211
3044 3066
3045 3904
3050 3288
3080 3908
3091 3962
3105 3338
3106 3313
3111 3154
3111 3200
3111 3217
3111 3294
3111 3329
3111 3757
3112 3908
3117 3176
3139 3908
3154 3279
3158 3159
3158 3160
3158 3161
3172 3184
3172 3249
3172 3282
3172 3284
3177 3178
3181 3195
3181 3196
3181 3199
3181 3908
3197 3962
3202 3908
3215 3908
3216 3262
3219 3284
3239 3908
3244 3820
3263 3908
3315 3962
3318 3320
3320 3322
3323 3337
3335 4091
3342 3343
3343 3344
3389 3399
3393 4048
3440 3534
3472 4162
3493 4047
3495 3798
3506 3552
3506 3569
3506 3654
3506 3817
3506 4141
3514 4038
3524 3569
3540 3569
3548 3933
3549 3632
3549 3941
3569 3673
3569 3732
3569 4196
3570 3817
3607 3661
3630 4123
3667 3669
3726 3763
3754 3760
3758 3813
3769 3944
3775 4000
3775 4079
3807 3965
3811 4060
3835 3851
3913 3921
3991 4019
4004 4025
4045 4153
4052 4053
4159 4178
