2883 5233
1 2
1 3
1 4
1 18
1 19
1 20
1 27
1 28
1 29
1 34
1 35
1 39
1 47
1 52
1 60
1 61
1 64
1 72
1 73
1 89
1 94
1 114
1 123
1 125
1 136
1 198
1 200
1 259
1 287
1 312
1 367
1 419
1 452
1 469
1 492
1 529
1 531
1 537
1 541
1 557
1 596
1 616
1 676
1 678
1 691
1 693
1 700
1 707
1 715
1 722
1 724
1 726
1 747
1 763
1 768
1 773
1 781
1 786
1 799
1 802
1 826
1 830
1 860
1 890
1 957
1 974
1 985
1 999
1 1007
1 1038
1 1109
1 1139
1 1143
1 1144
1 1159
1 1202
1 1224
1 1282
1 1388
1 1389
1 1402
1 1406
1 1408
1 1422
1 1424
1 1426
1 1461
1 1500
1 1504
1 1520
1 1521
1 1529
1 1534
1 1578
1 1595
1 1609
1 1610
1 1611
1 1615
1 1644
1 1655
1 1670
1 1672
1 1887
1 1896
1 1897
1 1898
1 1899
1 1919
1 1934
1 1938
1 1939
1 1944
1 1951
1 1964
1 1985
1 2000
1 2015
1 2034
1 2039
1 2046
1 2146
1 2155
1 2168
1 2169
1 2179
1 2194
1 2210
1 2226
1 2241
1 2255
1 2261
1 2272
1 2654
1 2658
1 2660
1 2670
1 2689
1 2691
1 2712
1 2721
1 2725
1 2729
1 2737
1 2765
1 2773
1 2783
1 2792
1 2821
1 2827
1 2845
2 698
2 2821
4 108
5 153
5 724
6 54
6 1002
7 1166
8 76
8 125
9 94
10 136
10 222
11 62
11 653
12 125
12 1190
12 1451
12 1454
12 1948
13 94
13 323
14 62
14 304
15 441
15 2815
16 62
17 80
17 94
19 136
19 408
19 537
20 867
21 1406
22 1948
23 62
23 94
23 194
23 195
23 878
23 1381
24 95
25 94
25 304
26 94
27 94
27 136
28 125
28 1168
28 1948
30 94
30 691
31 323
31 724
31 1538
32 62
32 2697
33 94
35 67
35 136
35 209
35 213
35 294
35 613
35 790
35 2881
36 1315
37 131
37 871
38 405
39 441
40 136
41 136
41 200
41 1537
41 2705
42 125
42 1948
43 1948
44 1597
44 2755
45 287
45 537
46 781
46 1948
47 136
48 200
48 407
48 471
48 486
48 724
48 2281
48 2667
49 297
50 62
50 94
50 878
50 1178
50 1381
50 1999
51 62
51 69
51 860
52 136
52 183
52 441
53 62
53 136
54 88
54 94
54 95
54 98
54 136
54 314
54 537
54 724
54 1002
54 1627
54 1982
54 2260
55 826
56 80
56 95
57 136
57 323
57 724
58 125
58 341
58 1948
59 684
59 1246
59 1248
59 1249
59 1250
59 1253
59 1257
59 1705
60 136
61 136
62 66
62 69
62 70
62 75
62 77
62 79
62 82
62 94
62 134
62 188
62 194
62 219
62 273
62 339
62 556
62 558
62 724
62 913
62 1002
62 1166
62 1422
62 1519
62 1615
62 2022
62 2705
62 2755
62 2775
62 2815
63 1886
64 200
65 120
65 556
66 1381
67 89
67 94
67 95
67 96
67 117
67 125
67 136
67 145
67 200
67 213
67 259
67 287
67 345
67 372
67 377
67 405
67 437
67 441
67 445
67 537
67 654
67 724
67 767
67 791
67 867
67 875
67 957
67 997
67 1154
67 1224
67 1401
67 1470
67 1477
67 1487
67 1507
67 1514
67 1518
67 1554
67 1575
67 1597
67 1615
67 1621
67 1623
67 1682
67 1733
67 1919
67 2003
67 2194
67 2229
67 2317
67 2406
67 2714
67 2764
67 2832
68 125
68 544
69 724
69 860
70 197
70 287
71 287
73 1091
74 1166
75 200
77 94
77 1162
78 460
78 2414
79 200
79 1918
80 94
80 287
80 392
80 826
80 878
80 1000
80 1387
80 1640
80 2028
81 195
81 537
82 83
82 94
82 195
82 441
82 704
82 724
82 878
82 1409
82 1897
82 2656
82 2789
83 200
84 111
85 724
86 87
86 95
87 118
87 1641
88 717
88 724
88 740
88 1566
88 1637
88 2273
89 94
89 95
89 108
89 117
89 125
89 136
89 137
89 155
89 259
89 287
89 288
89 291
89 294
89 309
89 317
89 332
89 333
89 334
89 335
89 336
89 372
89 381
89 382
89 383
89 387
89 408
89 441
89 443
89 464
89 481
89 500
89 503
89 537
89 573
89 586
89 613
89 628
89 634
89 639
89 654
89 680
89 704
89 724
89 791
89 826
89 862
89 863
89 873
89 878
89 883
89 889
89 919
89 972
89 995
89 1003
89 1214
89 1270
89 1354
89 1409
89 1466
89 1487
89 1507
89 1515
89 1619
89 1686
89 1849
89 1948
90 95
90 332
91 136
92 94
93 94
94 95
94 101
94 107
94 117
94 118
94 120
94 125
94 129
94 134
94 136
94 195
94 200
94 211
94 259
94 287
94 291
94 309
94 311
94 323
94 372
94 441
94 443
94 471
94 481
94 486
94 503
94 537
94 539
94 567
94 596
94 628
94 653
94 654
94 667
94 680
94 683
94 684
94 685
94 686
94 687
94 704
94 710
94 724
94 758
94 773
94 826
94 863
94 867
94 873
94 878
94 883
94 889
94 897
94 903
94 912
94 919
94 972
94 997
94 999
94 1003
94 1193
94 1221
94 1229
94 1261
94 1381
94 1401
94 1409
94 1476
94 1487
94 1507
94 1515
94 1519
94 1538
94 1541
94 1543
94 1570
94 1597
94 1599
94 1619
94 1641
94 1733
94 1876
94 1899
94 1918
94 1948
94 1959
94 2114
94 2203
94 2317
94 2478
94 2649
94 2760
94 2853
95 125
95 136
95 153
95 200
95 204
95 206
95 207
95 259
95 287
95 292
95 320
95 408
95 421
95 537
95 571
95 703
95 724
95 1224
95 2882
96 1948
97 323
98 1002
99 1948
100 706
100 1641
101 233
102 644
103 117
104 340
105 340
106 340
107 154
107 650
107 724
107 1702
107 2593
108 294
108 596
108 1728
108 1813
109 1948
110 519
110 1296
111 118
111 157
111 159
111 1532
111 1641
111 1655
112 340
113 200
114 136
115 182
115 1702
116 288
117 143
117 144
117 200
117 259
117 287
117 340
117 537
117 724
117 878
117 1456
118 130
118 156
118 158
118 164
118 166
118 169
118 170
118 171
118 200
118 476
118 724
118 806
118 1615
118 1931
118 2291
119 1948
120 136
120 556
120 724
120 1680
120 2195
120 2856
121 171
122 200
122 1571
124 285
124 340
125 200
125 259
125 287
125 309
125 318
125 537
125 724
125 1452
125 1453
125 1948
125 2288
126 741
127 324
127 482
128 1038
128 1106
128 1111
129 195
129 826
131 136
131 200
131 487
131 537
131 685
131 807
131 869
131 870
131 871
131 902
131 924
131 1448
131 1604
131 2236
131 2253
131 2686
132 145
133 1948
134 1381
135 287
136 137
136 138
136 139
136 160
136 162
136 198
136 200
136 209
136 212
136 259
136 287
136 290
136 291
136 297
136 309
136 312
136 315
136 325
136 356
136 359
136 364
136 372
136 377
136 394
136 408
136 424
136 441
136 443
136 449
136 473
136 474
136 481
136 485
136 490
136 494
136 495
136 503
136 525
136 530
136 534
136 536
136 539
136 541
136 543
136 553
136 570
136 575
136 578
136 584
136 596
136 610
136 613
136 654
136 666
136 668
136 676
136 677
136 680
136 689
136 692
136 694
136 700
136 704
136 705
136 706
136 707
136 718
136 722
136 724
136 725
136 737
136 738
136 747
136 760
136 765
136 767
136 772
136 773
136 777
136 779
136 781
136 783
136 787
136 791
136 800
136 803
136 805
136 814
136 820
136 822
136 824
136 826
136 827
136 829
136 856
136 862
136 863
136 867
136 870
136 872
136 873
136 878
136 880
136 889
136 894
136 897
136 903
136 906
136 912
136 916
136 919
136 923
136 926
136 928
136 941
136 942
136 950
136 951
136 952
136 955
136 956
136 957
136 958
136 960
136 963
136 965
136 966
136 969
136 972
136 973
136 975
136 978
136 981
136 982
136 983
136 985
136 987
136 988
136 991
136 994
136 995
136 996
136 997
136 1003
136 1005
136 1007
136 1008
136 1012
136 1018
136 1023
136 1031
136 1059
136 1065
136 1083
136 1116
136 1120
136 1123
136 1138
136 1139
136 1141
136 1142
136 1143
136 1146
136 1147
136 1150
136 1151
136 1153
136 1157
136 1159
136 1160
136 1161
136 1162
136 1164
136 1165
136 1167
136 1173
136 1176
136 1179
136 1180
136 1204
136 1224
136 1261
136 1277
136 1278
136 1284
136 1305
136 1310
136 1335
136 1339
136 1343
136 1379
136 1381
136 1382
136 1389
136 1391
136 1392
136 1401
136 1402
136 1408
136 1412
136 1413
136 1414
136 1417
136 1424
136 1426
136 1427
136 1433
136 1435
136 1438
136 1441
136 1442
136 1444
136 1448
136 1457
136 1464
136 1466
136 1467
136 1473
136 1474
136 1476
136 1477
136 1481
136 1482
136 1485
136 1487
136 1488
136 1493
136 1494
136 1496
136 1498
136 1499
136 1503
136 1509
136 1513
136 1514
136 1515
136 1516
136 1517
136 1520
136 1521
136 1523
136 1525
136 1526
136 1527
136 1528
136 1529
136 1530
136 1531
136 1534
136 1535
136 1545
136 1547
136 1551
136 1552
136 1554
136 1559
136 1560
136 1561
136 1568
136 1570
136 1571
136 1575
136 1576
136 1579
136 1580
136 1581
136 1584
136 1585
136 1586
136 1587
136 1589
136 1590
136 1591
136 1592
136 1595
136 1598
136 1603
136 1604
136 1609
136 1610
136 1612
136 1613
136 1615
136 1619
136 1621
136 1622
136 1623
136 1626
136 1628
136 1635
136 1645
136 1646
136 1652
136 1655
136 1656
136 1661
136 1664
136 1666
136 1670
136 1678
136 1681
136 1686
136 1690
136 1691
136 1738
136 1758
136 1789
136 1810
136 1821
136 1836
136 1857
136 1875
136 1879
136 1880
136 1883
136 1885
136 1889
136 1897
136 1899
136 1903
136 1904
136 1908
136 1910
136 1911
136 1916
136 1917
136 1923
136 1929
136 1941
136 1942
136 1943
136 1946
136 1947
136 1953
136 1954
136 1963
136 1964
136 1970
136 1976
136 1978
136 1983
136 1992
136 1993
136 1996
136 1997
136 2003
136 2004
136 2006
136 2009
136 2012
136 2013
136 2020
136 2021
136 2023
136 2024
136 2030
136 2035
136 2036
136 2037
136 2038
136 2039
136 2042
136 2051
136 2065
136 2073
136 2123
136 2150
136 2152
136 2160
136 2161
136 2162
136 2165
136 2166
136 2172
136 2176
136 2178
136 2180
136 2186
136 2191
136 2196
136 2198
136 2199
136 2202
136 2223
136 2224
136 2226
136 2227
136 2230
136 2234
136 2241
136 2244
136 2248
136 2249
136 2250
136 2253
136 2256
136 2268
136 2272
136 2275
136 2276
136 2280
136 2285
136 2292
136 2312
136 2317
136 2339
136 2345
136 2401
136 2514
136 2522
136 2536
136 2597
136 2606
136 2634
136 2636
136 2640
136 2645
136 2649
136 2651
136 2659
136 2660
136 2667
136 2668
136 2671
136 2680
136 2685
136 2689
136 2690
136 2691
136 2695
136 2698
136 2713
136 2716
136 2720
136 2721
136 2723
136 2725
136 2727
136 2731
136 2735
136 2737
136 2739
136 2740
136 2744
136 2745
136 2746
136 2748
136 2749
136 2751
136 2752
136 2758
136 2763
136 2770
136 2772
136 2774
136 2777
136 2786
136 2798
136 2799
136 2805
136 2818
136 2821
136 2824
136 2825
136 2833
136 2837
136 2839
136 2842
136 2847
136 2848
136 2850
136 2852
136 2860
136 2865
136 2866
136 2869
136 2871
136 2878
137 172
137 187
137 205
137 208
137 209
137 215
137 250
137 294
137 296
137 321
137 332
137 360
137 383
137 460
137 502
137 525
137 539
137 576
137 583
137 584
137 585
137 587
137 598
137 603
137 610
137 613
137 615
137 631
137 639
137 642
137 646
137 883
137 1192
137 1204
137 1206
137 1215
137 1221
137 1222
137 1228
137 1229
137 1239
137 1243
137 1262
137 1273
137 1278
137 1281
137 1284
137 1286
137 1318
137 1321
137 1336
137 1622
137 1685
137 1717
137 1742
137 1745
137 1750
137 1764
137 1768
137 1785
137 1826
137 1862
137 1864
137 2300
137 2321
137 2330
137 2355
137 2365
137 2368
137 2372
137 2404
137 2424
137 2432
137 2437
137 2440
137 2449
137 2462
137 2499
137 2551
137 2565
137 2568
137 2584
137 2590
137 2610
137 2616
138 897
138 987
138 1036
138 1116
138 2100
138 2105
138 2106
140 1571
141 200
141 863
142 155
142 642
142 2517
145 239
145 724
145 1189
146 324
146 406
147 220
147 225
148 724
149 1296
150 613
150 1806
151 340
152 276
153 191
153 321
153 596
153 1260
153 1615
153 1706
153 1755
153 2881
156 1663
156 2836
158 1641
160 161
160 743
160 1956
160 2861
161 162
161 1565
161 1679
162 743
162 1404
162 1439
162 1532
162 1565
162 1596
162 1600
162 1981
162 2016
162 2044
162 2164
162 2167
162 2218
162 2655
162 2677
162 2791
162 2873
163 706
163 877
163 2282
163 2638
165 405
166 168
167 169
169 200
169 269
169 656
169 1506
169 1641
169 1679
169 2702
170 2264
172 173
172 180
172 183
172 185
172 186
172 187
172 331
172 639
172 1228
172 1290
172 1341
172 1615
173 332
173 639
174 324
175 324
176 324
177 324
178 324
179 180
181 259
181 378
182 259
183 184
183 603
183 613
183 1213
183 1311
183 1360
183 1367
183 2309
183 2489
183 2547
184 594
184 1740
185 332
186 465
186 613
187 332
187 639
188 1918
188 1957
189 324
190 1166
191 385
191 724
192 1487
193 483
193 496
193 724
193 1030
193 1091
193 1093
193 1094
193 1095
193 1096
193 1106
193 1120
193 1127
193 1135
193 1136
193 1137
193 1424
193 1615
193 1950
193 2047
193 2051
193 2052
193 2054
193 2058
193 2062
193 2063
193 2086
193 2087
193 2091
193 2092
193 2109
193 2110
193 2112
193 2129
193 2144
193 2627
194 195
195 200
195 224
195 441
195 682
195 724
195 761
195 762
195 1010
195 1140
195 1928
195 2032
195 2872
196 724
199 302
199 724
199 2118
200 235
200 252
200 259
200 273
200 287
200 291
200 297
200 299
200 304
200 305
200 306
200 308
200 309
200 310
200 312
200 323
200 326
200 372
200 374
200 377
200 392
200 395
200 396
200 408
200 424
200 425
200 426
200 441
200 443
200 447
200 450
200 481
200 490
200 503
200 529
200 530
200 531
200 533
200 535
200 537
200 540
200 541
200 544
200 548
200 628
200 654
200 658
200 659
200 661
200 663
200 668
200 669
200 673
200 676
200 678
200 680
200 688
200 691
200 697
200 698
200 704
200 708
200 709
200 711
200 714
200 721
200 723
200 724
200 725
200 726
200 727
200 728
200 729
200 731
200 738
200 739
200 743
200 747
200 755
200 760
200 770
200 776
200 777
200 778
200 779
200 781
200 783
200 784
200 786
200 787
200 788
200 792
200 794
200 805
200 815
200 816
200 817
200 818
200 825
200 826
200 827
200 828
200 830
200 861
200 862
200 863
200 873
200 878
200 883
200 884
200 886
200 887
200 888
200 889
200 891
200 895
200 902
200 911
200 915
200 919
200 921
200 923
200 928
200 934
200 935
200 954
200 986
200 991
200 993
200 997
200 1003
200 1007
200 1008
200 1011
200 1031
200 1038
200 1065
200 1083
200 1104
200 1117
200 1129
200 1138
200 1149
200 1150
200 1151
200 1153
200 1158
200 1162
200 1164
200 1181
200 1293
200 1303
200 1375
200 1381
200 1383
200 1385
200 1389
200 1399
200 1400
200 1401
200 1405
200 1409
200 1416
200 1418
200 1427
200 1437
200 1440
200 1444
200 1462
200 1463
200 1465
200 1469
200 1477
200 1481
200 1487
200 1489
200 1493
200 1497
200 1501
200 1507
200 1509
200 1515
200 1520
200 1535
200 1536
200 1540
200 1550
200 1551
200 1553
200 1556
200 1557
200 1558
200 1564
200 1566
200 1567
200 1571
200 1575
200 1581
200 1602
200 1615
200 1617
200 1619
200 1620
200 1635
200 1638
200 1642
200 1652
200 1655
200 1670
200 1674
200 1678
200 1871
200 1873
200 1883
200 1888
200 1889
200 1893
200 1898
200 1900
200 1903
200 1905
200 1913
200 1917
200 1918
200 1929
200 1935
200 1937
200 1940
200 1948
200 1956
200 1959
200 1963
200 1971
200 1977
200 1980
200 1985
200 1986
200 1988
200 1989
200 2001
200 2009
200 2010
200 2024
200 2041
200 2064
200 2071
200 2122
200 2141
200 2153
200 2193
200 2195
200 2230
200 2233
200 2239
200 2240
200 2241
200 2245
200 2253
200 2259
200 2263
200 2283
200 2412
200 2644
200 2648
200 2672
200 2675
200 2676
200 2686
200 2687
200 2690
200 2695
200 2720
200 2734
200 2736
200 2745
200 2748
200 2751
200 2763
200 2766
200 2779
200 2780
200 2783
200 2801
200 2805
200 2807
200 2817
200 2821
200 2825
200 2834
200 2839
200 2841
200 2842
200 2843
200 2846
200 2879
201 724
201 2427
201 2434
201 2507
201 2516
201 2542
201 2546
202 288
203 724
205 294
205 309
205 384
205 1224
205 1280
205 1318
205 2298
207 1168
208 615
208 888
208 1749
208 1751
208 2387
209 596
209 2409
209 2417
209 2468
209 2561
209 2617
210 294
210 418
210 523
210 596
210 613
210 1260
210 1298
210 1302
210 1309
210 1314
210 1685
210 1748
210 1784
210 1800
210 2373
210 2422
210 2435
210 2488
210 2577
210 2620
211 293
211 547
211 724
211 1301
211 1703
211 1848
211 2381
211 2468
211 2583
211 2624
212 351
212 372
212 537
212 663
212 919
212 1507
212 2203
213 294
213 1231
213 1260
213 2406
214 751
214 1637
215 294
215 315
215 330
215 613
215 614
215 615
215 621
215 1260
215 1299
215 1791
215 2106
215 2513
216 276
217 276
218 276
219 1918
220 259
220 794
220 1520
221 259
221 859
222 259
222 964
222 1381
222 2240
223 253
223 259
223 272
223 366
223 774
223 857
223 998
223 2715
224 259
224 263
224 295
224 495
224 757
224 964
224 2814
225 253
225 259
225 495
225 1886
225 2188
225 2715
226 259
226 265
226 467
226 675
226 734
226 998
226 1676
226 1992
227 259
227 1566
227 2186
228 259
229 251
229 259
229 683
230 259
230 439
230 1889
230 2253
231 259
231 389
231 543
231 565
231 661
231 2036
232 259
232 1389
233 259
233 267
233 532
233 670
233 861
234 259
234 745
234 1190
234 1612
234 1655
234 2288
236 1296
237 1899
238 1948
240 1948
241 340
242 340
243 340
244 340
245 340
246 340
247 340
248 716
249 792
250 460
250 506
250 508
250 509
250 511
250 513
250 1350
254 259
255 259
255 2803
256 259
256 655
256 933
256 1520
256 1800
256 2317
257 259
257 2338
257 2585
258 259
259 260
259 261
259 262
259 266
259 270
259 287
259 291
259 309
259 372
259 377
259 441
259 443
259 481
259 654
259 680
259 704
259 724
259 873
259 878
259 883
259 889
259 912
259 919
259 972
259 995
259 997
259 1003
259 1204
259 1487
259 1507
259 1619
259 1686
260 1678
261 760
261 1606
261 1630
262 271
264 724
264 887
264 1615
268 270
269 724
269 1956
274 276
275 276
276 277
276 278
276 279
276 280
276 281
276 282
276 283
276 346
276 347
276 348
276 349
276 399
276 400
276 401
276 402
276 403
276 1293
276 1704
284 1296
286 288
287 291
287 309
287 314
287 372
287 408
287 441
287 443
287 448
287 481
287 493
287 503
287 537
287 555
287 628
287 654
287 718
287 724
287 736
287 826
287 873
287 878
287 883
287 889
287 912
287 919
287 936
287 937
287 938
287 950
287 965
287 966
287 995
287 997
287 1001
287 1003
287 1065
287 1159
287 1166
287 1204
287 1261
287 1381
287 1401
287 1409
287 1466
287 1473
287 1482
287 1487
287 1507
287 1511
287 1515
287 1531
287 1576
287 1619
287 1899
287 1933
287 1955
287 1964
287 2022
287 2158
287 2185
287 2206
287 2259
287 2317
287 2646
287 2658
287 2712
287 2769
287 2803
287 2809
287 2850
287 2855
287 2866
287 2878
287 2880
288 460
288 519
288 574
288 647
289 1899
291 438
291 537
291 724
291 1224
294 296
294 309
294 324
294 327
294 329
294 330
294 337
294 379
294 437
294 446
294 455
294 462
294 526
294 569
294 576
294 588
294 595
294 598
294 604
294 609
294 611
294 616
294 628
294 637
294 639
294 883
294 938
294 1194
294 1202
294 1214
294 1217
294 1218
294 1224
294 1228
294 1229
294 1232
294 1233
294 1244
294 1261
294 1298
294 1314
294 1344
294 1352
294 1371
294 1372
294 1392
294 1401
294 1690
294 1692
294 1723
294 1725
294 1754
294 1758
294 1781
294 1797
294 1815
294 1816
294 1832
294 1845
294 1855
294 2014
294 2299
294 2310
294 2317
294 2318
294 2325
294 2353
294 2367
294 2421
294 2422
294 2435
294 2460
294 2461
294 2465
294 2482
294 2484
294 2518
295 1899
296 589
296 1224
296 1296
296 1340
296 1341
296 1760
296 1818
297 997
297 1153
298 1873
299 724
299 2286
300 482
301 563
301 704
301 899
303 1477
303 2181
304 750
304 892
304 1420
304 2346
307 309
307 1460
308 766
308 967
309 327
309 368
309 390
309 408
309 441
309 526
309 560
309 642
309 724
309 741
309 879
310 1214
311 532
312 1655
313 1566
315 616
315 724
315 919
316 460
316 582
317 2440
319 751
321 369
321 449
321 504
321 883
321 1009
321 1260
321 1315
321 1348
321 1366
321 1774
321 1859
321 2613
322 460
322 1615
323 1386
323 1428
323 1483
323 1512
324 371
324 441
324 1737
324 1777
324 2603
327 328
327 329
330 2349
330 2418
330 2502
330 2523
330 2594
331 332
331 639
332 639
332 1214
332 1228
332 1290
333 2324
336 2426
337 461
338 724
340 355
340 357
340 468
340 716
340 831
340 832
340 833
340 834
340 835
340 836
340 837
340 838
340 839
340 840
340 841
340 842
340 843
340 844
340 845
340 846
340 847
340 848
340 849
340 850
340 851
340 852
340 853
340 854
340 855
340 1182
340 1183
340 1184
340 1185
340 1186
340 1187
340 1188
340 1449
340 1450
340 2449
342 724
342 2015
342 2683
343 462
344 590
344 724
344 1702
344 1806
344 2566
345 1515
347 402
350 363
350 440
350 572
350 624
350 643
350 649
350 1729
350 1777
350 2509
352 724
352 2514
353 1873
354 1899
356 714
356 724
356 1909
356 2736
358 1162
361 1031
362 724
363 645
363 1694
364 1541
364 1571
365 534
365 782
367 1507
368 888
370 724
370 976
370 1150
372 394
372 408
372 448
372 532
372 554
372 668
372 711
372 724
372 798
372 861
372 942
372 1224
372 1477
372 1479
372 1672
372 1876
372 1968
372 1996
372 2285
372 2687
372 2699
372 2774
373 1113
373 1424
373 1615
374 724
374 991
374 1152
374 2211
375 2198
376 2267
377 2731
378 1777
379 1205
380 606
380 613
380 621
381 724
382 573
383 497
383 581
383 592
383 625
383 626
383 647
383 671
383 1200
383 1243
383 1332
383 1342
383 1713
383 1796
383 1865
383 2329
383 2366
383 2403
383 2421
383 2431
383 2464
383 2500
383 2503
383 2602
386 596
388 610
389 481
391 480
392 724
392 2646
393 438
394 653
394 724
397 638
397 1296
398 558
398 561
398 564
398 1381
398 1912
398 2704
404 539
405 476
405 724
405 793
405 1439
405 1615
405 1679
405 1892
405 2029
405 2149
405 2164
405 2218
405 2282
405 2638
405 2677
408 409
408 410
408 418
408 421
408 422
408 423
408 424
408 426
408 427
408 429
408 432
408 434
408 435
408 441
408 443
408 445
408 483
408 503
408 537
408 538
408 596
408 628
408 654
408 724
408 725
408 791
408 826
408 863
408 867
408 873
408 878
408 889
408 912
408 917
408 972
408 989
408 1003
408 1014
408 1048
408 1049
408 1050
408 1051
408 1052
408 1053
408 1054
408 1055
408 1058
408 1059
408 1060
408 1061
408 1062
408 1063
408 1064
408 1065
408 1069
408 1070
408 1071
408 1073
408 1077
408 1078
408 1079
408 1080
408 1084
408 1085
408 1089
408 1113
408 1115
408 1159
408 1202
408 1261
408 1392
408 1401
408 1409
408 1466
408 1515
408 1522
408 1619
408 1876
408 2021
408 2067
408 2068
408 2074
408 2075
408 2080
408 2109
408 2317
408 2649
408 2727
409 535
410 411
410 412
410 413
410 414
410 416
410 417
410 419
410 422
410 424
410 428
410 436
410 535
410 724
410 1014
410 1081
410 1088
411 535
412 535
413 535
414 535
414 2068
415 535
415 686
415 696
415 1216
416 431
416 535
417 535
418 724
418 1071
418 1083
418 2069
419 421
420 1085
421 424
421 430
421 703
421 712
421 1087
421 2080
422 424
422 1057
422 1065
422 1074
422 1134
422 2070
422 2076
424 427
424 429
424 432
424 434
424 435
424 437
424 445
424 724
424 976
424 1049
424 1050
424 1052
424 1054
424 1058
424 1064
424 1069
424 1070
424 1071
424 1085
424 1089
424 1102
424 1115
424 1859
424 2055
424 2067
424 2068
424 2075
424 2136
424 2419
424 2666
426 2067
426 2077
427 897
427 1051
427 1056
428 535
429 724
429 1064
429 1066
429 1069
429 1076
429 1080
429 1084
429 2067
429 2069
429 2076
429 2079
433 2068
435 1113
437 596
437 878
437 1228
437 1260
437 1571
437 2524
441 537
441 553
441 602
441 618
441 713
441 724
441 749
441 769
441 803
441 878
441 890
441 918
441 957
441 1155
441 1203
441 1219
441 1222
441 1226
441 1344
441 1381
441 1384
441 1392
441 1426
441 1458
441 1462
441 1472
441 1497
441 1503
441 1509
441 1525
441 1526
441 1551
441 1553
441 1593
441 1614
441 1622
441 1669
441 1680
441 1731
441 1763
441 1765
441 1783
441 1801
441 1816
441 1868
441 1879
441 1884
441 1887
441 1925
441 1929
441 1935
441 1969
441 1987
441 1989
441 1990
441 2032
441 2149
441 2159
441 2189
441 2247
441 2256
441 2258
441 2276
441 2293
441 2298
441 2429
441 2430
441 2457
441 2463
441 2465
441 2529
441 2573
441 2664
441 2676
441 2685
441 2731
441 2754
441 2757
441 2762
441 2768
441 2770
441 2781
441 2797
441 2798
441 2799
441 2813
441 2827
441 2840
441 2869
442 702
442 751
442 980
442 1637
443 537
443 724
443 1224
443 1330
443 1518
443 1892
443 2678
443 2752
443 2773
443 2781
444 688
444 710
444 2867
447 1045
448 1375
450 672
450 1899
451 527
451 724
451 1308
451 1698
451 1715
451 2416
451 2433
451 2512
451 2545
451 2578
451 2582
453 528
454 1192
454 1828
454 1937
454 2295
454 2563
455 2514
456 1690
457 605
457 1249
457 1690
458 570
458 1401
459 1687
459 1703
460 516
460 594
460 613
460 1224
460 1615
463 887
463 1771
465 639
465 724
465 887
465 1228
466 1192
469 2705
470 1936
472 480
475 476
476 477
476 478
476 479
476 1620
480 527
480 1265
480 2481
480 2624
481 482
481 483
481 537
481 550
481 551
481 724
481 996
481 1144
481 1224
481 1393
481 1394
481 1395
481 1396
481 1397
481 1398
482 534
482 596
482 613
482 639
482 644
482 1260
482 1741
482 1752
482 1780
482 2314
482 2407
482 2528
482 2573
482 2584
482 2595
483 1025
483 1034
483 1130
484 1144
485 1101
486 1490
487 912
488 660
488 1031
488 1113
489 724
490 542
491 538
491 1424
496 681
496 1093
496 2063
496 2065
496 2101
496 2127
496 2133
496 2140
496 2143
496 2629
496 2630
497 2397
498 1650
498 1899
498 2282
499 1029
501 1615
501 2346
501 2608
503 537
503 724
503 822
503 1138
503 1177
503 1224
503 1423
503 1864
503 1872
505 506
506 507
508 509
509 510
511 512
513 514
514 515
517 1802
517 2552
518 1703
519 1296
520 592
520 883
520 1312
520 1324
520 1615
520 1688
520 1715
520 1814
520 1833
520 2423
520 2554
520 2570
521 652
521 724
521 1214
521 1260
521 1274
521 1355
521 1374
521 1784
521 1843
521 1844
521 2336
521 2413
521 2470
521 2569
521 2574
521 2581
521 2601
521 2613
521 2621
522 888
522 1297
522 1801
522 2350
524 614
525 596
525 1235
525 1716
525 1800
526 883
526 1291
526 1318
526 1756
526 2296
526 2609
528 628
528 1240
530 724
531 826
531 1409
534 537
534 782
534 910
534 1415
534 1478
534 1508
534 1510
534 2007
534 2673
534 2711
535 819
535 1088
535 1381
536 724
537 539
537 559
537 566
537 596
537 628
537 654
537 658
537 680
537 704
537 718
537 722
537 724
537 725
537 733
537 766
537 773
537 775
537 791
537 800
537 820
537 823
537 826
537 862
537 863
537 867
537 870
537 873
537 878
537 880
537 883
537 889
537 897
537 900
537 912
537 925
537 956
537 972
537 989
537 995
537 997
537 1003
537 1065
537 1140
537 1149
537 1150
537 1159
537 1176
537 1202
537 1204
537 1221
537 1224
537 1229
537 1261
537 1284
537 1375
537 1376
537 1381
537 1392
537 1401
537 1408
537 1409
537 1427
537 1466
537 1473
537 1475
537 1487
537 1498
537 1507
537 1511
537 1515
537 1522
537 1535
537 1541
537 1543
537 1562
537 1570
537 1615
537 1619
537 1621
537 1686
537 1733
537 1876
537 1886
537 1895
537 1899
537 1907
537 1916
537 1948
537 1959
537 2109
537 2165
537 2203
537 2236
537 2317
537 2643
537 2649
537 2697
537 2741
537 2865
538 932
538 1053
538 1066
538 1067
538 1076
538 1655
538 2071
539 1260
539 2354
539 2410
540 724
540 1899
541 724
541 1438
541 2676
543 1621
545 653
546 724
547 632
547 1331
547 1719
548 1621
549 1150
552 724
554 919
558 564
558 567
560 724
562 704
565 724
566 704
568 595
569 618
569 883
569 1222
569 1245
569 1293
569 1699
569 1742
569 1768
569 1770
569 2341
569 2374
569 2376
569 2390
569 2411
569 2437
569 2493
569 2497
569 2599
569 2614
570 613
570 1320
570 1807
570 2389
570 2416
570 2539
573 580
576 1690
577 1251
579 2397
580 1756
581 724
583 2316
584 724
584 888
584 1762
585 1335
585 2605
586 1230
587 1224
588 1845
588 2367
589 1615
591 600
591 1805
591 1823
591 2604
593 594
593 600
593 627
593 628
593 1721
593 1722
593 1802
593 1847
593 1854
593 2294
593 2343
595 618
595 1222
596 613
596 639
596 724
596 938
596 1215
596 1221
596 1224
596 1233
596 1236
596 1239
596 1260
596 1309
596 1314
596 1333
596 1374
596 1685
596 1723
596 1764
596 1774
596 1785
596 1813
596 1824
596 1836
596 1862
596 2332
596 2391
596 2395
596 2417
596 2511
596 2515
596 2533
596 2565
597 1763
597 1764
598 618
598 704
598 826
598 1343
598 2599
598 2614
598 2790
599 1795
600 1826
600 2604
601 651
601 981
603 639
603 1228
603 2302
604 1840
605 1690
605 1691
605 1820
605 2361
605 2623
607 651
607 1861
608 1296
610 1260
611 1359
611 1710
611 1736
612 724
612 1318
612 1368
612 1787
612 1817
612 2384
612 2519
613 615
613 616
613 618
613 619
613 636
613 651
613 883
613 1193
613 1214
613 1236
613 1260
613 1264
613 1309
613 1318
613 1351
613 1357
613 1702
613 1703
613 1706
613 1771
613 1785
613 1795
613 1797
613 1800
613 1867
613 1899
613 2297
613 2363
613 2598
613 2621
614 620
614 1329
615 616
615 623
615 1209
615 1210
615 1273
615 1281
615 1292
615 1306
615 1771
615 2321
615 2386
616 1199
616 1212
616 1235
616 1747
616 1766
616 1779
616 1782
616 1819
616 2326
616 2327
616 2357
616 2367
616 2385
616 2414
616 2444
616 2487
616 2593
616 2595
616 2610
617 1262
617 1825
617 2351
617 2362
617 2363
618 1343
618 1699
618 1742
618 1799
618 1866
618 2370
619 1370
619 1764
620 1363
620 1727
621 1787
621 1839
622 2495
623 1951
623 2537
625 647
625 1328
626 1328
626 1842
626 2360
626 2415
626 2445
628 883
628 1260
628 1275
628 1298
628 2297
628 2369
628 2417
628 2453
628 2466
628 2553
629 633
630 1220
631 651
633 1226
634 2359
635 1260
635 1733
635 2364
635 2456
636 1821
637 1845
639 1202
639 1204
639 1213
639 1228
639 1229
639 1261
639 1276
639 1284
639 1337
639 1341
639 1360
639 1774
639 1867
639 2309
639 2314
639 2337
639 2489
640 1736
640 1745
641 1328
644 1804
644 1846
644 2446
644 2619
645 888
645 1317
645 1786
645 1843
645 2467
645 2540
647 1242
647 1272
647 1283
647 1316
647 1327
647 1328
647 1331
647 1615
647 1827
647 1834
648 1260
648 1562
648 1793
648 2364
648 2443
651 1313
651 1762
651 1806
651 1863
651 2315
651 2328
651 2371
651 2375
651 2527
653 1873
654 724
654 1414
654 1890
654 2289
657 1378
660 754
662 1381
662 1409
664 704
664 724
665 724
666 724
668 873
668 905
668 1154
668 1411
668 1469
668 1484
668 1926
669 704
670 861
671 1328
673 724
674 1381
677 1477
678 724
678 2874
679 724
680 724
680 1224
681 2109
684 1807
686 1087
688 710
688 724
688 2754
689 1899
690 939
690 1431
695 724
697 1118
697 1899
697 2056
697 2083
698 826
698 1409
698 1582
698 1632
698 2215
699 724
699 1592
699 2249
699 2250
700 701
702 751
704 724
704 867
704 918
704 1009
704 1031
704 1150
704 1204
704 1224
704 1236
704 1319
704 1333
704 1378
704 1475
704 1542
704 1543
704 1561
704 1574
704 1686
704 1761
704 1836
704 2217
704 2622
706 877
706 2190
708 724
708 1899
709 1487
711 724
711 1145
713 737
715 2739
715 2772
718 979
718 1163
718 1224
718 1515
718 1881
718 2151
718 2178
718 2222
719 2640
720 1543
721 1521
721 1621
722 1619
723 724
723 789
723 809
723 893
723 898
723 1045
723 1099
723 1109
723 2120
724 725
724 726
724 728
724 732
724 742
724 747
724 754
724 760
724 765
724 767
724 773
724 776
724 779
724 790
724 792
724 794
724 795
724 797
724 799
724 804
724 810
724 815
724 816
724 817
724 818
724 825
724 826
724 861
724 862
724 863
724 866
724 867
724 871
724 873
724 878
724 889
724 895
724 896
724 902
724 903
724 909
724 911
724 912
724 914
724 919
724 922
724 923
724 927
724 931
724 935
724 943
724 944
724 945
724 946
724 947
724 952
724 953
724 960
724 965
724 972
724 986
724 987
724 991
724 995
724 997
724 1003
724 1006
724 1007
724 1012
724 1015
724 1031
724 1040
724 1053
724 1065
724 1083
724 1090
724 1101
724 1104
724 1108
724 1111
724 1121
724 1122
724 1128
724 1129
724 1138
724 1144
724 1147
724 1149
724 1154
724 1159
724 1162
724 1163
724 1165
724 1167
724 1174
724 1198
724 1202
724 1203
724 1205
724 1214
724 1227
724 1234
724 1264
724 1275
724 1284
724 1307
724 1318
724 1351
724 1357
724 1361
724 1381
724 1383
724 1384
724 1385
724 1390
724 1401
724 1409
724 1427
724 1429
724 1430
724 1443
724 1447
724 1460
724 1462
724 1465
724 1471
724 1472
724 1476
724 1479
724 1481
724 1487
724 1490
724 1492
724 1493
724 1494
724 1495
724 1497
724 1499
724 1502
724 1505
724 1507
724 1513
724 1514
724 1515
724 1524
724 1527
724 1533
724 1534
724 1537
724 1539
724 1541
724 1544
724 1548
724 1555
724 1565
724 1567
724 1571
724 1576
724 1593
724 1595
724 1604
724 1608
724 1613
724 1615
724 1616
724 1618
724 1619
724 1621
724 1623
724 1629
724 1632
724 1636
724 1637
724 1639
724 1642
724 1644
724 1647
724 1648
724 1649
724 1653
724 1655
724 1656
724 1659
724 1661
724 1664
724 1665
724 1668
724 1671
724 1677
724 1718
724 1730
724 1745
724 1758
724 1765
724 1781
724 1792
724 1795
724 1806
724 1809
724 1826
724 1840
724 1871
724 1880
724 1884
724 1888
724 1889
724 1890
724 1896
724 1899
724 1903
724 1905
724 1917
724 1920
724 1922
724 1927
724 1933
724 1942
724 1943
724 1949
724 1953
724 1959
724 1963
724 1965
724 1967
724 1970
724 1975
724 1977
724 1984
724 1993
724 1994
724 1996
724 2010
724 2019
724 2024
724 2040
724 2078
724 2137
724 2146
724 2147
724 2150
724 2153
724 2156
724 2157
724 2158
724 2160
724 2162
724 2163
724 2170
724 2177
724 2181
724 2182
724 2183
724 2207
724 2212
724 2221
724 2223
724 2233
724 2241
724 2243
724 2245
724 2253
724 2255
724 2256
724 2259
724 2268
724 2272
724 2274
724 2279
724 2280
724 2323
724 2325
724 2384
724 2397
724 2438
724 2530
724 2549
724 2636
724 2651
724 2653
724 2654
724 2674
724 2675
724 2678
724 2694
724 2695
724 2696
724 2698
724 2704
724 2713
724 2719
724 2722
724 2743
724 2752
724 2755
724 2761
724 2763
724 2766
724 2767
724 2794
724 2795
724 2801
724 2804
724 2806
724 2828
724 2833
724 2837
724 2838
724 2839
724 2841
724 2854
724 2871
724 2876
724 2879
725 878
726 1150
727 1978
730 1889
731 1384
732 1381
733 1012
735 2644
740 751
741 1431
743 904
743 984
743 1404
743 1436
743 1565
743 1596
743 1651
743 2016
743 2174
743 2190
744 1922
744 1960
746 880
746 2089
746 2118
748 1264
751 1637
751 2235
752 1566
753 754
754 908
754 990
754 1013
754 1019
754 1031
754 2131
754 2132
755 830
756 1381
756 2000
759 1565
760 826
761 1490
764 1517
766 920
766 925
766 1012
766 2027
771 1590
775 1645
778 1619
780 928
781 948
781 1191
782 888
782 1574
782 1899
782 2045
782 2262
782 2657
783 934
783 1403
785 898
786 1967
790 2049
790 2050
794 1366
796 893
797 1047
797 1097
797 1468
797 2088
797 2121
798 1381
798 2155
799 1580
799 1615
799 1878
799 1899
801 1002
801 1873
802 1571
802 2241
805 1416
805 1477
805 1949
805 2510
805 2851
806 1981
806 2149
806 2218
806 2639
806 2862
808 1956
811 888
811 1421
811 1899
812 874
812 1160
812 2241
812 2676
813 2241
814 875
817 1160
821 1023
822 970
823 1409
826 830
826 878
826 995
826 1001
826 1224
826 1381
826 1487
826 1520
826 1522
826 1541
826 1605
826 1673
826 1948
826 2283
826 2287
826 2731
830 878
830 2228
856 2241
858 919
859 1566
860 2011
862 1224
863 865
863 876
863 1224
863 1414
863 1434
863 2206
863 2768
864 1190
867 878
868 2686
873 1224
873 1573
873 1891
873 1902
873 1952
873 1957
873 1958
873 1971
873 2231
873 2232
873 2265
873 2266
873 2267
873 2840
877 2043
878 919
878 951
878 999
878 1001
878 1150
878 1383
878 1401
878 1408
878 1473
878 1476
878 1640
878 1790
878 1877
878 1959
878 2028
878 2201
878 2203
881 1517
881 1584
881 1585
881 1869
882 1166
883 884
883 885
883 887
883 888
883 955
883 1021
883 1024
883 1026
883 1036
883 1061
883 1132
883 1159
883 1224
883 1260
883 1263
883 1291
883 1325
883 1337
883 1355
883 1510
883 1638
883 1683
883 1735
883 1736
883 1784
883 1812
883 1829
883 1845
883 1861
883 1962
883 1972
883 2117
883 2130
883 2204
883 2216
883 2219
883 2350
883 2356
883 2358
883 2393
883 2429
883 2549
883 2553
884 902
884 1878
884 2061
884 2129
884 2278
884 2681
885 2304
886 1079
887 927
887 1144
887 1198
887 1362
887 1445
887 1460
887 1508
887 1601
887 1638
887 1658
887 1687
887 1718
887 1765
887 1832
887 1840
887 1993
887 2107
887 2244
887 2319
887 2420
888 927
888 1323
888 1326
888 1415
888 1601
888 1616
888 1631
888 1638
888 1717
888 1936
888 2148
888 2184
888 2220
888 2420
888 2674
888 2728
888 2849
889 1224
889 1547
890 1905
894 1162
897 1022
897 1034
897 1043
897 1107
897 1224
897 1619
897 2057
898 2090
898 2119
901 1166
902 1133
902 1424
905 2549
906 907
906 1664
908 1031
909 1383
910 1417
912 1365
913 920
917 1065
917 2060
919 923
919 930
919 934
919 1011
919 1121
919 1147
919 1156
919 1224
919 1277
919 1319
919 1338
919 1418
919 1423
919 1441
919 1474
919 1522
919 1580
919 1594
919 1621
919 1669
919 1900
919 1946
919 1966
919 2163
919 2290
919 2297
919 2334
919 2405
919 2659
919 2738
919 2756
921 1139
925 1383
925 1583
927 1442
927 1491
927 1615
927 1654
927 1991
927 2015
927 2031
927 2274
927 2284
927 2683
927 2693
927 2707
927 2747
927 2810
927 2812
927 2820
927 2826
927 2830
927 2883
928 1150
929 2676
930 1571
932 1071
935 1160
935 2676
939 968
939 1144
939 1993
940 1615
942 1550
947 2628
949 972
952 1409
955 1032
955 1175
959 1381
959 1409
959 1476
961 986
962 1996
970 1094
970 2127
971 1113
972 1452
974 1586
974 1587
974 1591
974 2197
977 1596
977 2043
979 1984
981 1150
981 1343
981 1744
981 1770
981 1858
981 2328
981 2341
981 2354
981 2368
981 2376
981 2387
981 2411
981 2454
981 2589
982 1475
984 1565
985 2867
987 2066
987 2099
987 2132
989 1381
991 1403
991 1441
991 1485
991 1662
991 1909
991 1947
991 2154
991 2706
991 2808
992 1653
992 2244
997 1534
999 2722
1002 1982
1003 1224
1003 1560
1003 1575
1003 1675
1003 1944
1003 2042
1004 1040
1009 1260
1009 1338
1015 1031
1015 2103
1016 1031
1017 1031
1018 1031
1019 1031
1020 1615
1024 1029
1024 1031
1024 1039
1027 1113
1027 2050
1028 1031
1028 1035
1029 1031
1029 1036
1029 1037
1029 1130
1029 1424
1029 2066
1029 2082
1030 1132
1031 1033
1031 1036
1031 1037
1031 1041
1031 1098
1031 1112
1031 1401
1031 2055
1031 2056
1031 2102
1031 2128
1031 2464
1031 2632
1038 2051
1039 1100
1040 1113
1040 2048
1040 2115
1040 2126
1040 2134
1042 2050
1042 2124
1044 1109
1044 2121
1046 2088
1051 1065
1053 2077
1054 1082
1055 1068
1055 1083
1055 1113
1059 1065
1060 1065
1062 1113
1062 2078
1063 1085
1065 1070
1065 1072
1065 1078
1065 1082
1065 2068
1065 2074
1072 2072
1075 1085
1077 1079
1079 2073
1080 2072
1081 1110
1081 1126
1083 1085
1085 2070
1086 2068
1091 1132
1092 2051
1094 2051
1095 1424
1095 2086
1096 1132
1101 1102
1101 1615
1101 1771
1103 1401
1104 1125
1104 2141
1105 1108
1105 2048
1106 1111
1106 2142
1108 1110
1109 2088
1111 1615
1113 2122
1114 1615
1116 1119
1116 2631
1117 1119
1117 1899
1117 2081
1117 2083
1117 2631
1120 2138
1122 1424
1122 2085
1124 1424
1129 1424
1131 2065
1132 2092
1132 2116
1135 2109
1139 2831
1141 1803
1144 1148
1144 1382
1144 1407
1144 1806
1144 1899
1144 2002
1144 2033
1144 2200
1144 2208
1144 2252
1144 2641
1144 2701
1144 2733
1144 2753
1144 2776
1144 2788
1144 2800
1144 2844
1144 2848
1144 2859
1146 1487
1148 1993
1150 1224
1150 1474
1150 1899
1150 2222
1155 1621
1159 1224
1159 1322
1159 2510
1162 1419
1162 1874
1162 1979
1162 2166
1162 2168
1162 2214
1162 2230
1162 2277
1162 2670
1162 2778
1162 2811
1162 2835
1166 1899
1169 1956
1170 1597
1171 1899
1172 1899
1173 1571
1174 2238
1176 1260
1177 1383
1181 1621
1192 1224
1192 1271
1192 1364
1192 1694
1192 1720
1192 1732
1192 1753
1192 1759
1192 1822
1192 2307
1192 2378
1192 2379
1193 1224
1193 1260
1193 1321
1193 1655
1193 1686
1193 1743
1193 2313
1193 2413
1193 2531
1193 2550
1193 2586
1195 1823
1195 1826
1196 1224
1197 1281
1198 1615
1199 1217
1201 1216
1202 1260
1202 1325
1202 1951
1203 2455
1203 2612
1204 1260
1204 2355
1205 1771
1207 1275
1208 1690
1209 1690
1210 1707
1211 1690
1212 1736
1212 1745
1213 1228
1214 1220
1214 1276
1214 1695
1214 1696
1214 1702
1214 1706
1214 1707
1214 1708
1214 1709
1214 1710
1214 1711
1214 1712
1214 1781
1214 1843
1214 2470
1214 2471
1214 2482
1215 1716
1216 2624
1217 1845
1217 2448
1218 1811
1218 2525
1219 2553
1220 1268
1220 1705
1220 1757
1220 1841
1220 2339
1220 2520
1220 2546
1220 2567
1220 2571
1220 2572
1220 2587
1220 2607
1221 1774
1221 2365
1221 2527
1221 2544
1221 2577
1221 2615
1221 2620
1223 1224
1223 1843
1224 1229
1224 1260
1224 1279
1224 1288
1224 1300
1224 1318
1224 1381
1224 1401
1224 1409
1224 1475
1224 1515
1224 1541
1224 1543
1224 1570
1224 1619
1224 1686
1224 1864
1224 1899
1224 2203
1224 2299
1224 2310
1224 2344
1224 2364
1224 2600
1224 2649
1225 1300
1226 1823
1226 1826
1226 1853
1226 2307
1226 2343
1226 2398
1226 2402
1226 2625
1227 1615
1228 1290
1228 1337
1228 1341
1228 1360
1228 2309
1228 2314
1228 2489
1228 2547
1229 1284
1229 1655
1229 2309
1229 2314
1231 1237
1232 1845
1238 2510
1239 1309
1239 2480
1239 2515
1239 2533
1239 2589
1241 1781
1241 2351
1241 2557
1243 2458
1245 1712
1246 1248
1246 1250
1246 1254
1246 1255
1246 1256
1247 1253
1248 1259
1250 1251
1250 1252
1257 1258
1260 1261
1260 1284
1260 1300
1260 1315
1260 1319
1260 1330
1260 1352
1260 1355
1260 1358
1260 1365
1260 1392
1260 1467
1260 1743
1260 1755
1260 1758
1260 1774
1260 1800
1260 1824
1260 1942
1260 2318
1260 2338
1260 2344
1260 2353
1260 2364
1260 2544
1261 1734
1261 2305
1261 2581
1262 1829
1266 1328
1267 1296
1269 1328
1274 1300
1275 1295
1275 1345
1275 1739
1275 2383
1275 2467
1275 2540
1276 1732
1276 2311
1279 1280
1284 2337
1285 1718
1286 1690
1286 1707
1286 1735
1287 1325
1288 1774
1288 1857
1289 1771
1291 1787
1292 2348
1292 2462
1292 2548
1292 2623
1294 1690
1296 1615
1296 2380
1303 1615
1303 2378
1304 1771
1305 1830
1306 1951
1309 1708
1309 2308
1313 1695
1314 1761
1314 2340
1315 1401
1315 1767
1315 2442
1315 2479
1318 1549
1318 1696
1318 2310
1321 1686
1321 2574
1323 1786
1323 2509
1328 1697
1328 2394
1328 2436
1328 2447
1328 2485
1328 2491
1328 2505
1328 2532
1328 2556
1328 2558
1328 2559
1328 2575
1328 2579
1332 1688
1334 2553
1335 1689
1335 1753
1337 2311
1337 2337
1343 1769
1343 2325
1343 2454
1346 1774
1347 1722
1348 2424
1349 1774
1351 1860
1353 1763
1355 1615
1355 1742
1355 1772
1356 1690
1358 1686
1358 1774
1361 1615
1361 1731
1361 1783
1361 2333
1361 2349
1361 2418
1361 2474
1361 2523
1362 1709
1362 1829
1366 1736
1367 1755
1367 1773
1367 1866
1367 1867
1369 2347
1371 1832
1373 2325
1375 1905
1375 2175
1376 1466
1376 1619
1377 1615
1380 2241
1380 2676
1381 1495
1381 1519
1381 1541
1381 1572
1381 1594
1381 1597
1381 1662
1381 1733
1381 1956
1381 1979
1381 2154
1381 2669
1382 1993
1383 1410
1383 1432
1383 1511
1383 1643
1383 1913
1383 2679
1383 2708
1383 2785
1384 2261
1390 2213
1392 1619
1392 2596
1393 2135
1393 2765
1394 1399
1395 1400
1396 2709
1398 1986
1401 1475
1401 1540
1401 1615
1401 1673
1401 1760
1401 1813
1401 1816
1401 2005
1401 2051
1401 2247
1401 2352
1401 2448
1401 2528
1401 2642
1401 2644
1408 2771
1409 1446
1409 1463
1409 1487
1409 1563
1409 1606
1409 1619
1409 1625
1409 1884
1409 2011
1409 2017
1409 2268
1409 2637
1409 2650
1409 2732
1409 2778
1409 2816
1411 2020
1415 1417
1417 1478
1417 1480
1417 2025
1417 2045
1417 2262
1417 2673
1417 2711
1423 2823
1424 1674
1424 1899
1424 2050
1424 2051
1424 2139
1425 1899
1426 2277
1432 2857
1434 1635
1435 2018
1437 2659
1440 1615
1441 1556
1455 1957
1459 1948
1461 2875
1463 2730
1464 1621
1464 1637
1465 2187
1465 2684
1466 1515
1470 1471
1477 1534
1478 1480
1478 1945
1486 1885
1487 1568
1487 1582
1487 1586
1487 1587
1487 1588
1487 1591
1487 1677
1487 1869
1487 1870
1487 1876
1487 2197
1487 2787
1497 1960
1499 1615
1507 1565
1507 2634
1507 2771
1508 2673
1509 2209
1510 1901
1510 2045
1511 2211
1515 1914
1515 2272
1515 2344
1521 1899
1543 2109
1543 2293
1546 1899
1552 1899
1555 2204
1556 1899
1556 2163
1556 2718
1562 1619
1562 2222
1563 1913
1563 2857
1565 2192
1565 2702
1566 1569
1566 1634
1566 1899
1566 1906
1566 1930
1566 2278
1566 2688
1566 2700
1566 2724
1571 1581
1571 1607
1571 1660
1571 1977
1571 2222
1571 2290
1571 2682
1571 2723
1571 2738
1571 2829
1571 2847
1571 2877
1577 2867
1579 2026
1580 1624
1580 1993
1580 2220
1589 2662
1593 2176
1596 2873
1597 1619
1597 1899
1597 1965
1597 2755
1603 2712
1606 1857
1608 2716
1615 1616
1615 1687
1615 1700
1615 1713
1615 1724
1615 1746
1615 1771
1615 1778
1615 1781
1615 1809
1615 1823
1615 1827
1615 1837
1615 1993
1615 2050
1615 2107
1615 2205
1615 2246
1615 2318
1615 2353
1615 2364
1615 2400
1615 2408
1615 2466
1615 2469
1615 2478
1615 2481
1615 2530
1615 2549
1615 2642
1615 2663
1618 2744
1619 1657
1619 1790
1619 1876
1619 2109
1619 2269
1619 2635
1619 2741
1620 1981
1620 2164
1620 2167
1620 2218
1620 2655
1621 1885
1621 2001
1621 2699
1621 2831
1622 1899
1628 2266
1629 2822
1631 2716
1633 1955
1635 2212
1637 1667
1637 1882
1637 1915
1637 1921
1637 1932
1637 1973
1637 1998
1637 2041
1637 2225
1637 2802
1637 2863
1638 1654
1638 2717
1641 2264
1641 2784
1641 2836
1655 2661
1657 1974
1658 1771
1663 2836
1683 1774
1684 2347
1686 2303
1686 2456
1686 2588
1687 2358
1690 1691
1690 1749
1690 1771
1690 1851
1690 2387
1690 2476
1690 2562
1693 1791
1701 2364
1702 1703
1702 1705
1702 1777
1703 1705
1703 1706
1703 1777
1703 2478
1704 1706
1707 1714
1707 2316
1707 2386
1707 2562
1708 2453
1708 2534
1708 2561
1708 2598
1709 1825
1709 2486
1709 2490
1709 2616
1710 1745
1712 1770
1712 2410
1716 2364
1720 2438
1723 2541
1723 2622
1726 2466
1730 1771
1733 1857
1733 1899
1736 1747
1736 1766
1736 1779
1736 2300
1736 2385
1736 2444
1738 2334
1742 2499
1743 2356
1743 2388
1743 2451
1743 2588
1745 1782
1745 1858
1745 2357
1745 2496
1746 1827
1746 2335
1746 2433
1746 2512
1746 2521
1750 2441
1755 1899
1758 2473
1760 2563
1762 1806
1763 1764
1765 1810
1765 2425
1765 2494
1765 2504
1769 2325
1771 1993
1771 2128
1771 2322
1771 2331
1771 2469
1771 2626
1771 2728
1772 2388
1774 1824
1774 1857
1774 1859
1774 2305
1774 2326
1774 2336
1774 2364
1774 2443
1774 2488
1774 2490
1774 2531
1774 2569
1775 2549
1776 2513
1782 2352
1788 2482
1791 1808
1792 1899
1792 2506
1794 1845
1795 2427
1795 2434
1796 2397
1798 2347
1800 1848
1800 2533
1803 2306
1803 2543
1808 2580
1809 1843
1810 1899
1814 2397
1815 1845
1821 2301
1821 2377
1823 1826
1823 2396
1824 1857
1824 2452
1826 1847
1826 2477
1826 2560
1827 2503
1829 2486
1830 2350
1830 2566
1831 2397
1832 2320
1835 1837
1836 2364
1837 2360
1837 2397
1837 2404
1837 2495
1838 2347
1842 1850
1843 2501
1845 2332
1845 2395
1845 2511
1852 2603
1855 2297
1856 2510
1856 2549
1856 2611
1857 2222
1857 2353
1858 2496
1861 2315
1865 2346
1867 2618
1868 2306
1873 1899
1873 2793
1876 1924
1889 1894
1889 2171
1893 1956
1896 2203
1897 2203
1899 1953
1899 1961
1899 1993
1899 2147
1899 2183
1899 2203
1899 2237
1899 2257
1899 2270
1899 2271
1899 2275
1899 2653
1899 2672
1899 2696
1899 2740
1899 2759
1899 2764
1899 2792
1899 2794
1899 2819
1899 2828
1899 2834
1899 2846
1899 2864
1899 2870
1902 2643
1902 2692
1905 1984
1905 2756
1915 2187
1917 2242
1918 2665
1918 2719
1922 2858
1939 2649
1946 2251
1948 2288
1961 2216
1967 2705
1974 2165
1974 2649
1978 2173
1978 2228
1978 2750
1993 2208
1995 2031
1996 2726
2008 2202
2014 2318
2049 2114
2051 2052
2051 2053
2051 2093
2051 2094
2051 2095
2051 2096
2051 2097
2051 2098
2051 2116
2051 2627
2059 2108
2059 2135
2059 2143
2065 2125
2073 2769
2084 2135
2093 2094
2104 2105
2105 2109
2105 2111
2105 2112
2105 2113
2105 2133
2105 2135
2105 2145
2105 2633
2108 2109
2109 2127
2146 2203
2156 2203
2163 2703
2173 2722
2200 2652
2202 2243
2202 2734
2219 2710
2220 2647
2253 2254
2256 2270
2278 2802
2281 2829
2297 2615
2304 2549
2307 2477
2310 2347
2310 2384
2318 2524
2322 2498
2325 2390
2325 2475
2342 2347
2345 2429
2346 2392
2357 2440
2364 2381
2364 2576
2366 2508
2373 2529
2373 2534
2382 2549
2389 2506
2397 2399
2397 2403
2397 2538
2397 2552
2397 2564
2401 2549
2406 2591
2406 2592
2408 2543
2412 2425
2415 2570
2420 2606
2424 2483
2425 2744
2428 2744
2429 2459
2430 2534
2431 2536
2432 2526
2439 2481
2450 2744
2463 2482
2471 2535
2472 2514
2481 2555
2482 2617
2492 2513
2494 2852
2501 2507
2501 2542
2549 2611
2600 2601
2649 2708
2683 2716
2705 2742
2705 2867
2716 2782
2717 2820
2780 2796
2786 2789
2797 2868
2815 2875
