3488 6247
1 3
1 4
1 18
1 19
1 20
1 27
1 28
1 29
1 34
1 35
1 39
1 46
1 52
1 60
1 61
1 64
1 67
1 72
1 73
1 89
1 93
1 113
1 120
1 121
1 122
1 134
1 199
1 201
1 213
1 264
1 295
1 321
1 378
1 430
1 464
1 482
1 505
1 543
1 549
1 552
1 553
1 568
1 629
1 689
1 691
1 702
1 704
1 706
1 713
1 720
1 728
1 735
1 737
1 761
1 778
1 782
1 783
1 788
1 797
1 803
1 819
1 822
1 824
1 846
1 850
1 881
1 906
1 913
1 925
1 939
1 947
1 988
1 995
1 1017
1 1041
1 1048
1 1056
1 1064
1 1065
1 1099
1 1183
1 1192
1 1221
1 1225
1 1226
1 1249
1 1275
1 1313
1 1335
1 1393
1 1497
1 1498
1 1512
1 1517
1 1519
1 1536
1 1538
1 1541
1 1570
1 1585
1 1640
1 1663
1 1675
1 1684
1 1744
1 1769
1 1780
1 1791
1 1792
1 1793
1 1813
1 1814
1 1820
1 1845
1 1846
1 1857
1 1861
1 1863
1 1890
1 1897
1 1898
1 1995
1 2118
1 2129
1 2144
1 2160
1 2161
1 2162
1 2164
1 2169
1 2188
1 2193
1 2218
1 2220
1 2223
1 2224
1 2231
1 2234
1 2241
1 2258
1 2265
1 2292
1 2300
1 2318
1 2321
1 2322
1 2325
1 2326
1 2350
1 2364
1 2377
1 2378
1 2396
1 2526
1 2542
1 2543
1 2566
1 2567
1 2574
1 2582
1 2605
1 2614
1 2636
1 2647
1 2664
1 2684
1 2702
1 2704
1 2707
1 2714
1 2732
1 2744
1 3110
1 3124
1 3128
1 3133
1 3140
1 3143
1 3150
1 3161
1 3183
1 3185
1 3220
1 3235
1 3243
1 3249
1 3250
1 3259
1 3276
1 3334
1 3348
1 3369
1 3386
1 3445
1 3471
2 134
2 295
4 107
5 151
5 737
6 54
6 1059
7 1262
8 122
8 2238
9 93
10 134
10 224
11 62
11 665
12 122
12 1300
12 1575
12 1578
12 2238
13 93
13 332
13 1494
14 62
14 312
15 62
15 453
16 62
17 79
17 93
19 134
19 419
19 549
20 889
21 1517
22 2238
23 62
23 93
23 195
23 196
23 1489
24 94
25 93
25 312
26 93
27 93
27 134
28 122
28 1265
28 2238
30 93
30 704
31 737
31 1688
32 62
32 3197
33 93
35 134
35 210
35 215
35 302
35 626
35 807
35 3486
36 1425
37 128
37 893
38 416
39 453
40 134
41 134
41 201
41 1687
41 2260
41 3212
42 122
42 2238
43 2238
44 1774
45 48
45 93
45 295
46 134
47 201
47 418
47 484
47 499
47 737
47 2679
47 3145
48 93
48 549
48 737
48 2142
49 305
50 62
50 93
50 1278
50 1489
50 2324
51 62
51 69
51 1510
52 134
52 453
53 62
53 134
54 88
54 93
54 94
54 97
54 134
54 323
54 737
54 1823
54 2713
55 846
56 79
56 94
57 134
57 332
57 737
58 122
58 2238
59 697
59 1357
59 1359
59 1360
59 1361
59 1364
59 1368
59 1945
60 134
61 134
62 66
62 69
62 70
62 76
62 78
62 81
62 93
62 94
62 132
62 189
62 195
62 221
62 281
62 349
62 567
62 569
62 737
62 941
62 1059
62 1262
62 1536
62 1660
62 2359
62 3212
62 3258
62 3310
62 3351
63 2142
64 201
65 118
65 567
66 1489
67 89
67 93
67 94
67 95
67 122
67 134
67 143
67 201
67 215
67 264
67 295
67 355
67 388
67 416
67 448
67 453
67 455
67 457
67 549
67 666
67 737
67 782
67 788
67 897
67 947
67 1054
67 1131
67 1239
67 1243
67 1335
67 1511
67 1594
67 1615
67 1617
67 1655
67 1659
67 1710
67 1738
67 1820
67 1922
67 2193
67 2226
67 2270
67 2605
67 2668
67 2885
67 3131
67 3166
67 3173
67 3225
67 3290
67 3315
67 3332
68 122
68 555
69 737
69 881
70 198
70 295
71 295
73 1162
74 1262
75 201
76 93
76 1253
77 472
77 2893
78 201
78 2192
79 93
79 295
79 403
79 846
79 1057
79 1495
79 1839
79 2368
80 196
81 82
81 93
81 196
81 453
81 717
81 737
81 1222
81 2161
81 3126
81 3378
82 201
83 110
84 196
85 737
86 87
86 94
87 117
87 1840
88 729
88 737
88 754
88 1727
88 1835
88 2746
89 93
89 94
89 107
89 116
89 122
89 134
89 135
89 153
89 264
89 295
89 296
89 299
89 302
89 317
89 326
89 341
89 342
89 343
89 344
89 345
89 383
89 392
89 393
89 394
89 398
89 419
89 453
89 455
89 476
89 494
89 512
89 515
89 549
89 585
89 598
89 626
89 641
89 646
89 651
89 666
89 693
89 717
89 737
89 809
89 846
89 884
89 885
89 895
89 901
89 906
89 912
89 947
89 1013
89 1052
89 1060
89 1325
89 1381
89 1463
89 1520
89 1590
89 1617
89 1643
89 1656
89 1807
89 1926
89 2090
89 2238
90 94
90 341
91 93
92 93
93 94
93 100
93 106
93 116
93 117
93 118
93 122
93 126
93 132
93 134
93 196
93 201
93 212
93 264
93 295
93 299
93 317
93 320
93 332
93 383
93 453
93 455
93 484
93 494
93 499
93 515
93 549
93 551
93 579
93 608
93 641
93 665
93 666
93 679
93 693
93 696
93 697
93 698
93 699
93 700
93 717
93 723
93 737
93 773
93 788
93 846
93 885
93 889
93 895
93 901
93 906
93 912
93 929
93 939
93 947
93 1013
93 1052
93 1054
93 1056
93 1060
93 1304
93 1332
93 1340
93 1372
93 1489
93 1511
93 1520
93 1617
93 1643
93 1656
93 1660
93 1688
93 1692
93 1694
93 1732
93 1770
93 1774
93 1776
93 1777
93 1807
93 1820
93 1840
93 1864
93 1926
93 1973
93 2122
93 2192
93 2238
93 2253
93 2479
93 2625
93 2795
93 2957
93 3111
93 3322
94 122
94 134
94 151
94 201
94 205
94 207
94 208
94 264
94 295
94 300
94 329
94 419
94 432
94 549
94 583
94 716
94 737
94 846
94 1335
94 1905
95 2238
96 332
97 1059
98 2238
99 719
99 1840
100 235
101 656
102 116
103 251
103 350
104 350
105 350
106 152
106 662
106 737
106 1942
106 3052
107 302
107 1967
107 2055
108 2238
109 530
110 117
110 155
110 157
110 1681
110 1778
110 1840
110 1861
111 350
112 201
113 134
114 183
114 1942
115 296
116 141
116 142
116 201
116 264
116 295
116 350
116 351
116 549
116 737
116 846
116 947
116 1580
117 127
117 154
117 156
117 165
117 167
117 170
117 171
117 172
117 489
117 737
117 826
117 1801
117 1809
117 2214
117 2770
118 134
118 567
118 737
118 846
118 1914
118 2607
119 172
120 1733
122 201
122 264
122 295
122 317
122 327
122 549
122 737
122 947
122 1576
122 1577
122 2238
122 2764
123 755
124 333
124 495
125 1099
125 1180
125 1185
126 196
126 846
128 134
128 201
128 500
128 549
128 698
128 827
128 891
128 892
128 893
128 928
128 952
128 1572
128 1785
128 2678
128 2700
128 3087
128 3179
129 143
130 2238
131 264
131 388
132 1489
133 295
134 135
134 136
134 137
134 160
134 162
134 199
134 201
134 210
134 214
134 264
134 295
134 298
134 299
134 305
134 317
134 321
134 324
134 334
134 366
134 370
134 375
134 383
134 388
134 405
134 419
134 453
134 455
134 461
134 486
134 487
134 494
134 498
134 503
134 507
134 508
134 515
134 536
134 542
134 546
134 548
134 553
134 554
134 564
134 582
134 587
134 590
134 596
134 599
134 608
134 623
134 666
134 678
134 681
134 689
134 690
134 693
134 702
134 705
134 707
134 713
134 717
134 718
134 719
134 720
134 730
134 735
134 737
134 738
134 751
134 752
134 761
134 775
134 780
134 782
134 787
134 788
134 791
134 793
134 795
134 797
134 799
134 804
134 809
134 820
134 823
134 825
134 834
134 841
134 844
134 846
134 847
134 849
134 877
134 884
134 885
134 889
134 892
134 894
134 895
134 901
134 903
134 904
134 912
134 916
134 919
134 922
134 929
134 932
134 933
134 939
134 940
134 944
134 947
134 951
134 956
134 958
134 965
134 968
134 973
134 975
134 976
134 977
134 987
134 988
134 989
134 990
134 991
134 993
134 994
134 995
134 996
134 998
134 999
134 1002
134 1004
134 1005
134 1006
134 1009
134 1013
134 1014
134 1015
134 1016
134 1018
134 1020
134 1024
134 1037
134 1038
134 1039
134 1041
134 1043
134 1044
134 1045
134 1048
134 1049
134 1051
134 1052
134 1053
134 1054
134 1060
134 1062
134 1063
134 1065
134 1066
134 1068
134 1070
134 1071
134 1072
134 1078
134 1082
134 1091
134 1125
134 1131
134 1152
134 1190
134 1195
134 1200
134 1220
134 1221
134 1223
134 1224
134 1225
134 1228
134 1229
134 1231
134 1232
134 1233
134 1234
134 1239
134 1240
134 1242
134 1246
134 1249
134 1251
134 1252
134 1253
134 1254
134 1256
134 1258
134 1261
134 1263
134 1264
134 1270
134 1272
134 1275
134 1276
134 1280
134 1281
134 1282
134 1302
134 1315
134 1335
134 1340
134 1372
134 1388
134 1389
134 1395
134 1415
134 1420
134 1445
134 1449
134 1453
134 1487
134 1488
134 1489
134 1490
134 1498
134 1500
134 1501
134 1502
134 1510
134 1511
134 1512
134 1525
134 1526
134 1527
134 1528
134 1531
134 1538
134 1541
134 1542
134 1548
134 1549
134 1550
134 1552
134 1554
134 1555
134 1556
134 1559
134 1561
134 1562
134 1565
134 1566
134 1572
134 1581
134 1588
134 1590
134 1591
134 1596
134 1598
134 1599
134 1602
134 1603
134 1608
134 1609
134 1610
134 1611
134 1614
134 1617
134 1619
134 1626
134 1627
134 1630
134 1632
134 1634
134 1638
134 1639
134 1646
134 1647
134 1649
134 1654
134 1655
134 1656
134 1657
134 1658
134 1661
134 1663
134 1669
134 1671
134 1672
134 1673
134 1674
134 1675
134 1676
134 1678
134 1679
134 1684
134 1685
134 1696
134 1698
134 1699
134 1704
134 1706
134 1707
134 1708
134 1710
134 1711
134 1718
134 1719
134 1720
134 1724
134 1726
134 1729
134 1732
134 1733
134 1738
134 1739
134 1743
134 1745
134 1746
134 1750
134 1751
134 1754
134 1757
134 1758
134 1759
134 1762
134 1763
134 1765
134 1769
134 1775
134 1776
134 1780
134 1784
134 1785
134 1790
134 1791
134 1792
134 1795
134 1796
134 1800
134 1801
134 1802
134 1803
134 1805
134 1806
134 1807
134 1808
134 1811
134 1812
134 1813
134 1817
134 1818
134 1819
134 1820
134 1821
134 1824
134 1831
134 1832
134 1842
134 1844
134 1845
134 1847
134 1854
134 1861
134 1862
134 1865
134 1866
134 1868
134 1874
134 1879
134 1883
134 1884
134 1888
134 1890
134 1893
134 1895
134 1899
134 1902
134 1904
134 1907
134 1908
134 1910
134 1915
134 1916
134 1919
134 1921
134 1926
134 1930
134 1931
134 1978
134 1998
134 2030
134 2051
134 2077
134 2118
134 2119
134 2121
134 2123
134 2125
134 2128
134 2129
134 2135
134 2137
134 2138
134 2141
134 2146
134 2148
134 2159
134 2164
134 2167
134 2168
134 2170
134 2172
134 2175
134 2176
134 2178
134 2180
134 2181
134 2184
134 2187
134 2191
134 2196
134 2200
134 2202
134 2205
134 2208
134 2210
134 2211
134 2212
134 2223
134 2224
134 2226
134 2228
134 2229
134 2230
134 2233
134 2235
134 2236
134 2237
134 2243
134 2248
134 2253
134 2257
134 2258
134 2263
134 2266
134 2269
134 2271
134 2277
134 2282
134 2283
134 2285
134 2288
134 2292
134 2296
134 2297
134 2306
134 2308
134 2309
134 2310
134 2312
134 2315
134 2317
134 2318
134 2328
134 2329
134 2330
134 2333
134 2334
134 2335
134 2337
134 2340
134 2343
134 2346
134 2348
134 2352
134 2357
134 2358
134 2360
134 2361
134 2363
134 2366
134 2370
134 2374
134 2376
134 2377
134 2378
134 2381
134 2382
134 2388
134 2397
134 2401
134 2418
134 2429
134 2493
134 2528
134 2531
134 2535
134 2538
134 2542
134 2548
134 2550
134 2551
134 2553
134 2556
134 2557
134 2561
134 2562
134 2564
134 2565
134 2572
134 2578
134 2579
134 2581
134 2584
134 2586
134 2588
134 2592
134 2593
134 2599
134 2603
134 2606
134 2608
134 2610
134 2612
134 2613
134 2620
134 2621
134 2622
134 2626
134 2633
134 2634
134 2635
134 2640
134 2648
134 2650
134 2658
134 2661
134 2664
134 2665
134 2667
134 2669
134 2674
134 2675
134 2681
134 2682
134 2684
134 2700
134 2703
134 2705
134 2706
134 2708
134 2711
134 2712
134 2715
134 2718
134 2719
134 2722
134 2732
134 2734
134 2737
134 2744
134 2745
134 2749
134 2751
134 2756
134 2757
134 2760
134 2761
134 2765
134 2768
134 2771
134 2790
134 2795
134 2880
134 2989
134 2998
134 3011
134 3059
134 3067
134 3076
134 3080
134 3082
134 3083
134 3094
134 3098
134 3099
134 3104
134 3107
134 3109
134 3111
134 3112
134 3118
134 3119
134 3130
134 3131
134 3132
134 3133
134 3135
134 3142
134 3145
134 3148
134 3152
134 3156
134 3166
134 3169
134 3174
134 3176
134 3177
134 3178
134 3180
134 3183
134 3184
134 3185
134 3187
134 3190
134 3193
134 3194
134 3198
134 3200
134 3201
134 3203
134 3209
134 3211
134 3222
134 3223
134 3227
134 3230
134 3233
134 3236
134 3241
134 3242
134 3243
134 3245
134 3247
134 3249
134 3252
134 3255
134 3257
134 3261
134 3262
134 3269
134 3274
134 3276
134 3279
134 3280
134 3284
134 3288
134 3292
134 3295
134 3297
134 3299
134 3301
134 3303
134 3304
134 3306
134 3307
134 3313
134 3317
134 3328
134 3331
134 3333
134 3336
134 3341
134 3343
134 3344
134 3346
134 3349
134 3350
134 3352
134 3356
134 3357
134 3361
134 3367
134 3368
134 3370
134 3372
134 3373
134 3374
134 3376
134 3379
134 3380
134 3383
134 3384
134 3388
134 3394
134 3398
134 3402
134 3403
134 3408
134 3409
134 3415
134 3420
134 3422
134 3437
134 3440
134 3441
134 3442
134 3444
134 3447
134 3449
134 3455
134 3456
134 3459
134 3461
134 3464
134 3466
134 3467
134 3468
134 3472
134 3479
134 3482
134 3483
135 136
135 173
135 188
135 206
135 209
135 210
135 217
135 254
135 302
135 304
135 330
135 341
135 371
135 472
135 514
135 536
135 551
135 588
135 595
135 596
135 597
135 599
135 610
135 623
135 626
135 628
135 643
135 647
135 651
135 654
135 658
135 906
135 1303
135 1315
135 1317
135 1326
135 1332
135 1333
135 1340
135 1350
135 1384
135 1389
135 1392
135 1395
135 1397
135 1428
135 1431
135 1446
135 1451
135 1812
135 1889
135 1925
135 1956
135 1982
135 1985
135 1990
135 2004
135 2008
135 2026
135 2067
135 2103
135 2105
135 2698
135 2779
135 2799
135 2809
135 2824
135 2835
135 2845
135 2848
135 2852
135 2883
135 2904
135 2911
135 2916
135 2919
135 2928
135 2942
135 2976
135 2994
135 3030
135 3033
135 3044
135 3049
135 3069
136 807
136 1043
136 1097
136 1190
136 1216
136 2401
136 2464
136 2471
138 1733
139 201
139 885
139 2685
140 153
140 654
143 241
143 737
143 1299
144 333
144 417
145 222
145 227
146 737
147 304
148 626
148 2047
149 350
150 284
151 192
151 317
151 330
151 1371
151 1801
151 1946
151 1995
151 3486
154 1877
154 3465
156 1840
158 1643
159 162
160 161
160 757
160 2250
161 162
161 1725
161 1912
162 757
162 899
162 900
162 1514
162 1557
162 1681
162 1773
162 1778
162 2293
162 2351
162 2389
162 2392
162 2560
162 3125
162 3165
162 3229
162 3385
163 719
163 2758
163 3090
164 489
166 416
167 169
168 170
170 201
170 274
170 668
170 1642
170 1840
170 1912
170 3207
171 2726
173 174
173 181
173 184
173 186
173 187
173 188
173 340
173 626
173 651
173 737
173 1401
173 1801
174 651
175 333
176 333
177 333
178 333
179 333
180 181
182 264
182 389
183 264
184 185
184 341
184 615
184 626
184 1324
184 1421
184 1469
184 1476
184 2787
184 2805
184 2967
184 3020
184 3035
185 606
185 1980
187 626
188 341
188 651
189 2192
189 2251
190 333
190 397
191 1262
192 302
192 396
192 737
193 1617
194 496
194 509
194 737
194 1011
194 1089
194 1162
194 1164
194 1165
194 1167
194 1168
194 1180
194 1195
194 1205
194 1216
194 1217
194 1218
194 1538
194 1801
194 2147
194 2240
194 2402
194 2404
194 2411
194 2412
194 2415
194 2416
194 2418
194 2444
194 2446
194 2447
194 2455
194 2456
194 2461
194 2466
194 2471
194 2474
194 2475
194 2477
194 2478
194 2492
194 2499
194 2500
194 2522
194 2523
194 2524
194 3071
194 3073
195 196
196 201
196 226
196 453
196 695
196 737
196 776
196 777
196 1069
196 1222
196 1638
196 2131
196 2209
196 2372
196 2656
196 2745
196 2748
196 3126
196 3138
196 3266
196 3277
196 3360
196 3417
196 3443
197 737
200 310
200 737
200 2486
201 237
201 264
201 281
201 295
201 305
201 307
201 311
201 312
201 313
201 314
201 316
201 317
201 318
201 321
201 332
201 335
201 383
201 385
201 388
201 403
201 406
201 407
201 419
201 435
201 436
201 453
201 455
201 462
201 494
201 503
201 515
201 541
201 542
201 543
201 545
201 547
201 549
201 552
201 553
201 555
201 559
201 641
201 666
201 670
201 671
201 675
201 681
201 682
201 686
201 689
201 691
201 693
201 701
201 704
201 711
201 717
201 721
201 722
201 724
201 727
201 733
201 734
201 737
201 738
201 739
201 740
201 741
201 742
201 746
201 752
201 753
201 757
201 761
201 770
201 775
201 785
201 792
201 793
201 794
201 795
201 797
201 799
201 801
201 803
201 804
201 805
201 810
201 812
201 813
201 825
201 831
201 835
201 837
201 838
201 839
201 845
201 846
201 847
201 848
201 850
201 876
201 881
201 883
201 884
201 885
201 889
201 895
201 901
201 906
201 907
201 909
201 910
201 911
201 912
201 914
201 918
201 920
201 925
201 927
201 928
201 938
201 940
201 943
201 947
201 949
201 950
201 951
201 958
201 966
201 967
201 986
201 992
201 1042
201 1048
201 1050
201 1054
201 1060
201 1065
201 1066
201 1071
201 1091
201 1131
201 1220
201 1228
201 1238
201 1239
201 1240
201 1242
201 1247
201 1248
201 1253
201 1266
201 1275
201 1283
201 1404
201 1413
201 1483
201 1489
201 1491
201 1493
201 1495
201 1496
201 1498
201 1511
201 1515
201 1519
201 1520
201 1527
201 1530
201 1532
201 1542
201 1553
201 1554
201 1560
201 1565
201 1566
201 1586
201 1587
201 1589
201 1593
201 1596
201 1603
201 1609
201 1617
201 1620
201 1625
201 1626
201 1629
201 1631
201 1633
201 1636
201 1643
201 1644
201 1645
201 1649
201 1654
201 1656
201 1661
201 1682
201 1685
201 1686
201 1690
201 1700
201 1703
201 1704
201 1707
201 1709
201 1714
201 1716
201 1717
201 1723
201 1727
201 1728
201 1733
201 1738
201 1741
201 1747
201 1751
201 1766
201 1771
201 1783
201 1799
201 1800
201 1801
201 1803
201 1805
201 1807
201 1809
201 1810
201 1829
201 1832
201 1836
201 1841
201 1854
201 1861
201 1866
201 1868
201 1876
201 1881
201 1882
201 1890
201 1897
201 1907
201 1911
201 2112
201 2114
201 2116
201 2117
201 2118
201 2123
201 2125
201 2135
201 2141
201 2147
201 2148
201 2152
201 2153
201 2158
201 2162
201 2164
201 2168
201 2171
201 2173
201 2183
201 2186
201 2191
201 2192
201 2194
201 2196
201 2202
201 2203
201 2212
201 2215
201 2219
201 2222
201 2225
201 2226
201 2238
201 2244
201 2245
201 2246
201 2250
201 2257
201 2259
201 2267
201 2272
201 2273
201 2275
201 2278
201 2284
201 2290
201 2291
201 2294
201 2300
201 2301
201 2302
201 2304
201 2305
201 2327
201 2333
201 2342
201 2343
201 2344
201 2363
201 2376
201 2380
201 2385
201 2391
201 2537
201 2568
201 2574
201 2575
201 2583
201 2586
201 2599
201 2604
201 2607
201 2619
201 2644
201 2651
201 2663
201 2669
201 2673
201 2680
201 2682
201 2683
201 2684
201 2688
201 2700
201 2710
201 2723
201 2724
201 2725
201 2733
201 2740
201 2741
201 2743
201 2759
201 2891
201 3077
201 3095
201 3103
201 3107
201 3109
201 3110
201 3129
201 3146
201 3153
201 3156
201 3158
201 3159
201 3163
201 3164
201 3179
201 3181
201 3184
201 3186
201 3196
201 3199
201 3201
201 3211
201 3218
201 3221
201 3224
201 3236
201 3241
201 3251
201 3270
201 3273
201 3275
201 3286
201 3289
201 3290
201 3291
201 3295
201 3301
201 3309
201 3331
201 3335
201 3341
201 3362
201 3363
201 3364
201 3365
201 3369
201 3382
201 3407
201 3414
201 3415
201 3416
201 3418
201 3430
201 3444
201 3448
201 3451
201 3462
201 3476
201 3477
201 3478
202 737
202 2907
202 2913
202 3015
202 3019
203 296
204 737
206 302
206 317
206 395
206 1335
206 1391
206 1428
206 2011
206 2777
206 2788
208 1265
209 628
209 911
209 1384
209 1991
209 2867
210 2888
210 2896
210 3028
211 302
211 330
211 534
211 1332
211 1371
211 1408
211 1412
211 1419
211 1424
211 1925
211 1988
211 2024
211 2029
211 2041
211 2853
211 2901
211 2914
212 301
212 493
212 558
212 737
212 1411
212 1943
212 2861
214 295
214 361
214 383
214 549
214 675
214 738
214 846
214 884
214 947
214 1060
214 1501
214 1520
214 1622
214 2625
215 302
215 330
215 1342
215 1371
215 1995
215 2053
215 2885
216 766
216 1835
217 302
217 324
217 330
217 339
217 626
217 627
217 628
217 634
217 1335
217 1371
217 1409
217 1428
217 2032
217 2472
217 2988
218 284
219 284
220 284
221 2192
222 264
222 812
222 1661
223 264
223 880
224 264
224 270
224 818
224 1003
224 1489
224 2683
224 3317
225 257
225 264
225 279
225 377
225 790
225 878
225 1055
225 3228
226 264
226 268
226 270
226 303
226 364
226 508
226 772
226 774
226 1003
226 1834
226 3427
227 257
227 264
227 508
227 2142
227 2595
227 3119
227 3201
227 3228
228 264
228 480
228 688
228 965
228 1055
228 1808
228 1905
228 2308
229 264
229 1727
229 2593
230 264
231 255
231 264
231 696
232 264
232 450
232 1554
232 2148
233 264
233 400
233 554
233 577
233 673
233 2375
234 264
234 1498
235 264
235 272
235 544
235 683
235 883
236 264
236 680
236 759
236 814
236 1284
236 1300
236 1795
236 1861
238 304
239 2163
240 2238
242 2238
243 350
244 350
245 350
246 350
247 350
248 350
249 350
250 350
252 350
253 810
254 472
254 518
254 520
254 521
254 523
254 525
256 909
258 264
259 264
259 1532
259 3412
260 264
260 667
260 964
260 1661
260 2041
260 2795
261 737
262 264
262 2817
262 3045
263 264
264 265
264 266
264 267
264 271
264 275
264 276
264 277
264 280
264 295
264 299
264 317
264 383
264 388
264 453
264 455
264 494
264 666
264 693
264 717
264 737
264 895
264 901
264 906
264 912
264 929
264 939
264 947
264 1013
264 1052
264 1054
264 1060
264 1315
264 1617
264 1643
265 1907
266 775
266 1787
267 278
267 1010
269 737
269 910
269 1801
273 277
274 737
274 2250
276 1552
280 1969
282 284
283 284
284 285
284 286
284 287
284 288
284 289
284 290
284 291
284 356
284 357
284 358
284 359
284 410
284 411
284 412
284 413
284 414
284 1404
284 1944
291 302
291 317
292 304
293 350
294 296
295 299
295 317
295 323
295 383
295 419
295 453
295 455
295 460
295 506
295 515
295 549
295 566
295 641
295 666
295 730
295 737
295 750
295 846
295 895
295 901
295 906
295 912
295 939
295 947
295 969
295 970
295 971
295 986
295 988
295 989
295 1004
295 1005
295 1052
295 1058
295 1060
295 1131
295 1249
295 1262
295 1315
295 1372
295 1489
295 1511
295 1520
295 1590
295 1598
295 1611
295 1618
295 1643
295 1652
295 1656
295 1678
295 1739
295 1820
295 2217
295 2249
295 2258
295 2359
295 2546
295 2591
295 2629
295 2660
295 2674
295 2710
295 3105
295 3116
295 3128
295 3130
295 3234
295 3314
295 3325
295 3412
295 3421
296 472
296 530
296 586
296 659
297 2163
299 449
299 549
299 737
299 1335
299 1489
302 304
302 317
302 333
302 336
302 338
302 339
302 346
302 390
302 448
302 458
302 467
302 474
302 537
302 581
302 588
302 600
302 607
302 610
302 617
302 622
302 624
302 626
302 629
302 641
302 649
302 651
302 658
302 906
302 971
302 1305
302 1313
302 1325
302 1328
302 1329
302 1335
302 1343
302 1344
302 1355
302 1372
302 1395
302 1424
302 1454
302 1461
302 1479
302 1480
302 1501
302 1511
302 1930
302 1932
302 1962
302 1964
302 1994
302 1998
302 2021
302 2038
302 2057
302 2058
302 2073
302 2086
302 2096
302 2349
302 2778
302 2788
302 2795
302 2796
302 2803
302 2833
302 2901
302 2939
302 2940
302 2945
302 2961
302 2963
302 2992
303 2163
304 317
304 408
304 530
304 592
304 599
304 601
304 621
304 1335
304 1378
304 1450
304 1451
304 2000
304 2060
304 2860
305 1242
306 2114
306 2295
307 737
307 2762
308 333
308 495
309 575
309 717
311 791
311 1619
311 1869
311 2585
312 764
312 765
312 915
312 1535
312 1834
312 2320
312 2826
312 3213
315 317
315 1584
316 781
316 1007
317 379
317 401
317 419
317 472
317 537
317 571
317 654
317 737
317 755
317 902
318 1325
319 1520
320 544
321 1861
322 1727
324 629
324 737
324 947
325 472
325 594
326 2919
328 766
330 380
330 448
330 461
330 495
330 516
330 532
330 539
330 608
330 623
330 647
330 660
330 664
330 1067
330 1276
330 1304
330 1313
330 1315
330 1371
330 1372
330 1398
330 1410
330 1425
330 1429
330 1440
330 1458
330 1474
330 1475
330 1501
330 2014
330 2100
330 2698
330 2903
330 3017
330 3230
331 472
331 1801
332 1543
332 1612
332 1653
332 2359
333 382
333 453
333 1977
333 2017
336 337
336 338
339 472
339 2829
339 2897
339 2999
339 3055
340 651
341 651
341 1325
341 1339
341 1401
341 2805
341 3035
342 2802
345 2906
346 473
347 737
348 737
350 365
350 367
350 368
350 479
350 481
350 851
350 852
350 853
350 854
350 855
350 856
350 857
350 858
350 859
350 860
350 861
350 862
350 863
350 864
350 865
350 866
350 867
350 868
350 869
350 870
350 871
350 872
350 873
350 874
350 875
350 953
350 954
350 1025
350 1026
350 1027
350 1028
350 1029
350 1030
350 1031
350 1032
350 1033
350 1034
350 1255
350 1286
350 1287
350 1288
350 1289
350 1290
350 1291
350 1292
350 1293
350 1294
350 1295
350 1296
350 1297
350 1298
350 1573
350 1574
350 2928
352 737
352 3175
353 474
354 602
354 737
354 1942
354 2047
354 3031
355 1656
360 374
360 452
360 584
360 637
360 655
360 661
360 1968
360 2017
360 2984
362 737
362 2989
363 2114
364 2163
366 727
366 737
366 1704
369 1253
372 1091
373 737
374 657
374 1934
375 1692
375 1733
376 546
376 798
378 1643
379 911
381 737
381 1019
381 1239
383 405
383 419
383 460
383 565
383 681
383 724
383 737
383 818
383 976
383 992
383 1259
383 1335
383 1603
383 1605
383 1776
383 1779
383 1794
383 1853
383 1894
383 1898
383 2122
383 2179
383 2265
383 2315
383 2384
383 2536
383 2549
383 2624
383 2641
383 2761
383 3091
383 3093
383 3142
383 3181
383 3202
383 3306
383 3350
384 1187
384 1538
384 1801
385 737
385 1048
385 1241
385 2638
386 2610
387 2729
389 2017
390 1316
391 619
391 626
391 634
392 737
393 585
394 463
394 485
394 593
394 604
394 638
394 639
394 659
394 684
394 1311
394 1354
394 1442
394 1452
394 1953
394 2037
394 2808
394 2846
394 2877
394 2882
394 2900
394 2910
394 2944
394 2979
394 3061
394 3066
399 623
400 494
402 493
403 737
404 449
405 665
405 737
407 701
408 650
409 569
409 572
409 576
409 1489
409 2182
409 3210
415 551
416 489
416 737
416 811
416 1557
416 1801
416 1852
416 1912
416 2151
416 2369
416 2389
416 2529
416 2560
416 2563
416 2654
416 2758
416 3090
416 3165
419 420
419 421
419 429
419 432
419 433
419 434
419 435
419 437
419 438
419 440
419 443
419 445
419 446
419 453
419 455
419 457
419 496
419 515
419 549
419 550
419 608
419 641
419 666
419 737
419 738
419 809
419 846
419 885
419 889
419 895
419 901
419 912
419 939
419 945
419 1013
419 1046
419 1060
419 1074
419 1114
419 1115
419 1116
419 1117
419 1118
419 1119
419 1120
419 1121
419 1124
419 1125
419 1126
419 1127
419 1128
419 1129
419 1130
419 1131
419 1132
419 1136
419 1137
419 1138
419 1139
419 1140
419 1144
419 1145
419 1146
419 1148
419 1153
419 1154
419 1155
419 1156
419 1160
419 1187
419 1189
419 1249
419 1313
419 1372
419 1501
419 1511
419 1520
419 1590
419 1622
419 1656
419 1668
419 1770
419 1807
419 2122
419 2358
419 2420
419 2421
419 2423
419 2430
419 2431
419 2432
419 2433
419 2440
419 2474
419 2510
419 2512
419 2795
419 3111
420 547
421 422
421 423
421 425
421 427
421 428
421 430
421 435
421 439
421 447
421 547
421 737
421 1074
421 1149
421 1159
422 547
423 547
424 547
425 547
426 547
426 699
426 709
427 442
427 547
428 547
429 737
429 1138
429 1152
429 2422
430 432
431 1155
432 435
432 441
432 716
432 725
432 1158
432 2440
433 435
433 1123
433 1131
433 1134
433 1141
433 1215
433 2699
435 438
435 440
435 443
435 445
435 446
435 448
435 457
435 737
435 1019
435 1115
435 1116
435 1118
435 1120
435 1124
435 1130
435 1134
435 1136
435 1137
435 1138
435 1155
435 1160
435 1175
435 1189
435 2100
435 2405
435 2420
435 2421
435 2423
435 2438
435 2511
435 2898
435 3144
437 909
437 2435
438 1122
439 547
440 737
440 1130
440 1136
440 1143
440 1148
440 1154
440 1155
440 2420
440 2422
440 2426
440 2430
440 2434
440 2436
440 2439
444 2421
446 1187
448 737
448 901
448 1339
448 1348
448 1371
448 3000
451 1331
453 549
453 564
453 614
453 631
453 681
453 726
453 737
453 763
453 784
453 823
453 846
453 906
453 913
453 946
453 995
453 1023
453 1236
453 1244
453 1261
453 1277
453 1330
453 1332
453 1333
453 1337
453 1454
453 1501
453 1541
453 1582
453 1586
453 1597
453 1639
453 1649
453 1656
453 1662
453 1671
453 1672
453 1679
453 1707
453 1709
453 1767
453 1798
453 1812
453 1817
453 1887
453 1914
453 1915
453 2003
453 2005
453 2023
453 2042
453 2058
453 2098
453 2109
453 2128
453 2144
453 2172
453 2203
453 2211
453 2212
453 2219
453 2227
453 2234
453 2267
453 2301
453 2302
453 2303
453 2304
453 2305
453 2306
453 2372
453 2474
453 2529
453 2547
453 2569
453 2580
453 2587
453 2592
453 2596
453 2600
453 2606
453 2633
453 2639
453 2667
453 2691
453 2709
453 2751
453 2754
453 2765
453 2769
453 2908
453 2937
453 2943
453 2945
453 3005
453 3038
453 3064
453 3084
453 3094
453 3107
453 3126
453 3140
453 3152
453 3156
453 3164
453 3172
453 3178
453 3226
453 3233
453 3235
453 3239
453 3255
453 3256
453 3257
453 3285
453 3302
453 3312
453 3320
453 3342
453 3344
453 3366
453 3398
453 3399
453 3400
453 3401
453 3402
453 3403
453 3414
453 3440
453 3442
453 3453
453 3457
453 3459
453 3473
453 3475
453 3481
453 3487
453 3488
454 715
454 766
454 1036
454 1835
455 549
455 737
455 846
455 1335
455 1440
455 1659
455 1883
455 2127
455 2151
455 2218
455 2632
455 3167
455 3319
455 3348
455 3366
455 3422
456 723
459 909
460 1483
462 685
462 2163
463 591
463 605
463 737
463 1418
463 1938
463 1955
463 2912
463 2987
463 3013
463 3018
463 3043
465 540
465 558
466 1303
466 2069
466 2222
466 2774
466 2784
467 2989
468 1930
469 1360
469 1930
470 582
470 1511
471 1927
471 1943
472 527
472 606
472 626
472 1335
472 1801
475 910
475 2011
477 651
477 737
477 910
477 1339
478 1303
482 3212
483 2221
488 489
489 490
489 491
489 492
493 538
493 1327
493 1376
494 495
494 496
494 549
494 561
494 562
494 737
494 1226
494 1250
494 1335
494 1503
494 1504
494 1505
494 1506
494 1507
494 1508
494 1509
494 1657
494 1658
494 1757
494 1758
494 1759
494 1760
494 1761
494 1762
494 1763
494 1764
494 1765
494 2608
494 2609
494 2610
494 2611
494 2693
494 2694
494 2695
494 2696
494 3355
495 651
495 656
495 1371
495 1981
495 1992
495 2020
495 2792
495 2886
495 3004
495 3038
495 3044
496 1084
496 1094
496 1108
496 1208
497 1226
498 1174
499 1621
500 939
501 672
501 1091
501 1187
502 737
504 550
504 1538
509 694
509 1011
509 1164
509 1209
509 1212
509 2415
509 2416
509 2418
509 2465
509 2471
509 2480
509 2491
509 2504
509 2516
509 2517
509 3075
510 2877
511 1851
511 2163
513 1801
515 549
515 737
515 1220
515 1277
515 1335
515 1537
515 1552
515 2105
515 2113
515 2382
515 3232
517 518
518 519
521 522
523 524
525 526
528 616
528 659
528 2043
528 3023
529 1943
531 604
531 635
531 906
531 1422
531 1434
531 1801
531 1928
531 1955
531 2056
531 2074
531 2902
531 2918
531 2941
531 2977
532 664
532 737
532 760
532 1325
532 1371
532 1464
532 1482
532 2024
532 2084
532 2085
532 2698
532 2815
532 2833
532 2892
532 2949
532 3034
532 3039
532 3042
533 911
533 1407
533 2042
533 2830
535 627
536 1346
536 2041
537 626
537 906
537 1402
537 1428
537 1996
537 2775
540 641
540 644
540 659
540 1351
542 737
543 846
543 1520
546 549
546 798
546 937
546 1529
546 1604
546 1648
546 1651
546 2341
546 3127
546 3160
546 3219
547 840
547 1159
547 1489
548 737
549 551
549 570
549 608
549 641
549 666
549 670
549 693
549 717
549 730
549 735
549 737
549 748
549 781
549 784
549 788
549 791
549 809
549 820
549 841
549 843
549 846
549 884
549 885
549 889
549 892
549 895
549 901
549 903
549 906
549 912
549 922
549 924
549 939
549 955
549 994
549 1013
549 1046
549 1052
549 1054
549 1060
549 1131
549 1222
549 1238
549 1239
549 1249
549 1276
549 1285
549 1313
549 1315
549 1332
549 1335
549 1340
549 1372
549 1395
549 1483
549 1484
549 1489
549 1501
549 1511
549 1519
549 1520
549 1590
549 1598
549 1600
549 1617
549 1622
549 1632
549 1643
549 1652
549 1656
549 1668
549 1685
549 1692
549 1694
549 1721
549 1732
549 1770
549 1807
549 1811
549 1820
549 1864
549 1926
549 1973
549 2122
549 2175
549 2187
549 2194
549 2238
549 2358
549 2474
549 2561
549 2584
549 2625
549 2678
549 2795
549 3087
549 3111
549 3281
549 3423
550 963
550 1119
550 1132
550 1133
550 1143
550 1147
550 1157
550 1861
550 2424
550 2427
550 2432
551 1371
551 2834
551 2889
551 2974
552 737
553 737
553 1556
553 3164
556 665
557 737
558 644
558 1441
558 1958
558 2887
559 1811
560 1239
560 1603
563 737
565 947
569 576
569 579
571 737
573 2531
574 717
577 737
577 1510
578 717
578 1811
580 607
581 631
581 906
581 1333
581 1356
581 1404
581 1939
581 1982
581 2008
581 2009
581 2010
581 2820
581 2854
581 2856
581 2870
581 2890
581 2916
581 2971
581 2974
582 626
582 1430
582 2048
582 2869
582 2895
585 592
588 1930
589 1362
595 2794
596 737
596 911
596 2002
597 1445
598 1341
599 1335
600 2086
600 2847
601 1801
603 612
603 2046
603 2064
603 2067
603 2773
603 2876
605 640
605 641
605 1960
605 1961
605 2043
605 2088
605 2095
606 612
607 631
607 1333
608 651
608 1335
608 1482
608 2065
608 2811
608 2871
608 2896
608 2986
608 2990
608 3009
608 3030
609 2003
609 2004
610 717
610 846
611 2036
612 2067
613 663
613 1037
615 651
615 1339
615 2781
617 1331
617 2081
618 1930
618 2061
618 2840
620 663
620 2102
623 1371
624 1468
624 1950
624 1976
625 737
625 1428
625 2028
625 2059
625 2864
625 2993
626 628
626 629
626 630
626 631
626 632
626 648
626 663
626 906
626 1304
626 1325
626 1347
626 1375
626 1419
626 1428
626 1460
626 1466
626 1942
626 1943
626 1946
626 2011
626 2036
626 2038
626 2041
626 2108
626 2163
626 2843
626 3060
627 633
627 1439
627 2025
628 629
628 636
628 1320
628 1321
628 1384
628 1392
628 1403
628 1416
628 2011
628 2799
628 2866
628 3053
629 1310
629 1323
629 1346
629 1987
629 2006
629 2019
629 2022
629 2804
629 2806
629 2847
629 2865
629 2893
629 2923
629 2966
629 3057
629 3069
630 1373
630 2066
630 2781
630 2831
630 2842
630 3026
631 1453
631 1939
631 1982
631 2040
631 2107
631 2850
632 1478
632 2004
633 1472
633 1966
634 2028
634 2080
635 2972
636 1947
636 2241
638 659
638 1438
639 659
639 1438
639 2083
639 2839
639 2894
639 2924
641 906
641 1371
641 1386
641 1408
641 1801
641 2413
641 2776
641 2849
641 2896
641 2933
641 2946
641 3024
641 3041
642 1331
643 663
645 1337
646 2838
647 1371
647 1973
647 2836
649 2086
651 1313
651 1315
651 1339
651 1340
651 1372
651 1387
651 1395
651 1447
651 1451
651 1469
651 2014
651 2108
651 2787
651 2816
651 2967
652 1976
652 1985
653 1438
656 2045
656 2087
656 2925
657 911
657 1427
657 2027
657 2084
657 2947
657 3014
659 1353
659 1377
659 1383
659 1394
659 1426
659 1437
659 1438
659 1441
659 1801
659 2075
660 1371
660 1721
660 2034
660 2922
663 1423
663 2047
663 2104
663 2793
663 2851
663 2855
663 3003
665 2114
666 737
666 846
666 1483
666 1643
666 1820
666 1843
666 2361
666 2533
666 2766
669 1486
670 737
670 1703
672 769
672 1149
674 1489
674 1520
676 717
676 737
677 737
678 737
680 2764
681 895
681 931
681 1243
681 1524
681 1593
681 1613
681 1664
681 2143
681 2156
681 2204
681 2579
681 2596
681 3411
681 3434
682 717
684 1438
686 737
687 1489
688 846
691 737
691 1921
691 3113
692 737
693 737
693 1335
694 2474
697 2048
699 1158
701 723
701 737
701 3308
703 972
703 1546
708 737
710 909
710 1108
710 1193
710 2163
710 2406
710 2443
711 846
711 1520
711 1752
711 1827
711 2646
712 737
712 1765
712 2695
712 2696
713 714
715 766
717 730
717 737
717 889
717 946
717 1067
717 1091
717 1239
717 1315
717 1335
717 1347
717 1429
717 1443
717 1486
717 1548
717 1600
717 1693
717 1694
717 1720
717 1737
717 1772
717 1926
717 1962
717 2164
717 2572
717 2618
717 2642
717 2653
717 3093
719 899
719 2597
721 737
722 1617
724 737
724 1227
724 2612
726 751
728 3279
728 3346
730 1035
730 1257
730 1335
730 1656
730 2130
730 2534
730 2581
730 2659
730 3294
731 3099
732 1694
733 1663
733 1811
735 1807
736 737
736 806
736 829
736 836
736 909
736 917
736 923
736 1110
736 1172
736 1183
736 1198
736 1199
736 2485
736 2488
737 738
737 739
737 743
737 747
737 756
737 761
737 769
737 775
737 780
737 782
737 788
737 789
737 792
737 795
737 799
737 807
737 810
737 812
737 813
737 817
737 819
737 824
737 830
737 835
737 837
737 838
737 839
737 845
737 846
737 882
737 883
737 884
737 885
737 887
737 888
737 889
737 893
737 895
737 901
737 904
737 912
737 916
737 918
737 920
737 921
737 925
737 928
737 929
737 936
737 938
737 939
737 940
737 942
737 947
737 950
737 951
737 957
737 961
737 967
737 977
737 978
737 979
737 980
737 981
737 982
737 983
737 984
737 985
737 986
737 990
737 991
737 999
737 1003
737 1004
737 1010
737 1013
737 1019
737 1042
737 1043
737 1048
737 1052
737 1054
737 1060
737 1063
737 1064
737 1065
737 1070
737 1072
737 1075
737 1091
737 1101
737 1112
737 1113
737 1115
737 1119
737 1131
737 1152
737 1161
737 1166
737 1173
737 1174
737 1177
737 1178
737 1182
737 1185
737 1196
737 1197
737 1200
737 1206
737 1207
737 1220
737 1226
737 1228
737 1230
737 1234
737 1238
737 1243
737 1249
737 1253
737 1256
737 1261
737 1262
737 1264
737 1271
737 1272
737 1285
737 1309
737 1313
737 1314
737 1316
737 1325
737 1338
737 1345
737 1375
737 1386
737 1395
737 1417
737 1428
737 1460
737 1466
737 1470
737 1489
737 1491
737 1492
737 1493
737 1499
737 1511
737 1520
737 1522
737 1530
737 1540
737 1542
737 1544
737 1545
737 1554
737 1563
737 1564
737 1566
737 1569
737 1571
737 1584
737 1586
737 1589
737 1595
737 1597
737 1601
737 1602
737 1605
737 1609
737 1616
737 1617
737 1620
737 1621
737 1624
737 1625
737 1627
737 1628
737 1631
737 1634
737 1635
737 1637
737 1641
737 1643
737 1650
737 1654
737 1655
737 1656
737 1663
737 1665
737 1670
737 1673
737 1683
737 1684
737 1687
737 1689
737 1691
737 1692
737 1695
737 1701
737 1704
737 1705
737 1712
737 1713
737 1715
737 1717
737 1725
737 1728
737 1730
737 1733
737 1734
737 1739
737 1740
737 1742
737 1743
737 1745
737 1748
737 1754
737 1767
737 1769
737 1770
737 1781
737 1785
737 1789
737 1796
737 1797
737 1800
737 1801
737 1803
737 1804
737 1806
737 1807
737 1811
737 1813
737 1814
737 1820
737 1822
737 1824
737 1825
737 1827
737 1833
737 1834
737 1835
737 1836
737 1838
737 1841
737 1844
737 1846
737 1848
737 1849
737 1850
737 1855
737 1859
737 1860
737 1861
737 1862
737 1868
737 1871
737 1872
737 1874
737 1876
737 1878
737 1879
737 1880
737 1882
737 1886
737 1892
737 1894
737 1906
737 1909
737 1915
737 1917
737 1918
737 1957
737 1970
737 1985
737 1998
737 2005
737 2021
737 2033
737 2036
737 2047
737 2050
737 2081
737 2103
737 2112
737 2116
737 2125
737 2126
737 2127
737 2129
737 2136
737 2139
737 2147
737 2148
737 2149
737 2160
737 2168
737 2172
737 2173
737 2186
737 2190
737 2191
737 2195
737 2199
737 2202
737 2207
737 2208
737 2217
737 2220
737 2230
737 2232
737 2237
737 2239
737 2243
737 2244
737 2245
737 2253
737 2257
737 2259
737 2262
737 2265
737 2271
737 2274
737 2278
737 2280
737 2281
737 2284
737 2286
737 2289
737 2299
737 2309
737 2313
737 2315
737 2316
737 2319
737 2334
737 2343
737 2344
737 2353
737 2356
737 2361
737 2363
737 2383
737 2387
737 2391
737 2407
737 2437
737 2513
737 2526
737 2527
737 2531
737 2532
737 2537
737 2544
737 2545
737 2546
737 2548
737 2549
737 2552
737 2553
737 2555
737 2558
737 2570
737 2580
737 2583
737 2585
737 2587
737 2588
737 2589
737 2598
737 2603
737 2614
737 2616
737 2619
737 2623
737 2630
737 2647
737 2658
737 2660
737 2661
737 2673
737 2677
737 2684
737 2686
737 2688
737 2690
737 2700
737 2702
737 2703
737 2705
737 2706
737 2710
737 2718
737 2731
737 2740
737 2741
737 2743
737 2744
737 2747
737 2755
737 2757
737 2771
737 2801
737 2803
737 2864
737 2877
737 2917
737 2938
737 3006
737 3080
737 3081
737 3085
737 3096
737 3106
737 3107
737 3109
737 3116
737 3117
737 3118
737 3119
737 3121
737 3124
737 3130
737 3131
737 3143
737 3157
737 3158
737 3159
737 3161
737 3162
737 3163
737 3167
737 3169
737 3171
737 3174
737 3189
737 3190
737 3192
737 3194
737 3195
737 3196
737 3200
737 3204
737 3210
737 3213
737 3223
737 3226
737 3238
737 3247
737 3251
737 3262
737 3266
737 3283
737 3285
737 3287
737 3300
737 3310
737 3315
737 3317
737 3319
737 3320
737 3321
737 3324
737 3328
737 3329
737 3331
737 3335
737 3337
737 3352
737 3368
737 3377
737 3381
737 3390
737 3392
737 3393
737 3394
737 3395
737 3396
737 3405
737 3407
737 3411
737 3413
737 3417
737 3429
737 3448
737 3450
737 3456
737 3461
737 3466
737 3467
737 3468
737 3469
737 3472
737 3474
737 3476
737 3479
739 1239
739 2268
739 3477
740 2285
743 2148
744 745
744 1002
744 1285
745 815
745 1262
746 1492
748 1072
749 3103
754 766
755 1546
757 930
757 1040
757 1514
757 1551
757 1725
757 1773
757 1852
757 2311
757 2347
757 2351
757 2554
757 2576
757 2597
757 3229
758 2199
758 2254
760 909
760 2453
760 2486
762 1375
766 1835
766 2676
767 1727
768 769
768 2463
769 935
769 1047
769 1073
769 1079
769 1090
769 1091
769 2502
769 2503
770 850
771 1489
771 2326
774 1725
776 1621
777 2602
779 1658
781 948
781 955
781 1072
781 2367
786 1763
788 947
788 1622
788 1865
788 2120
789 1811
794 1668
794 1807
796 958
797 1301
798 911
798 1737
798 2163
798 2395
798 2716
798 3127
799 966
799 1513
800 1832
802 923
803 2262
807 2399
807 2400
808 2294
809 846
810 1606
812 1475
813 2737
814 2173
816 917
817 1109
817 1113
817 1169
817 1190
817 1198
817 1199
817 1592
817 2448
817 2449
817 2450
817 2451
817 2452
817 2489
818 1489
818 2393
818 2543
818 3135
819 1801
821 1059
821 2114
822 1733
822 2684
825 1530
825 1603
825 2239
825 2985
826 1516
826 2293
826 2529
826 2654
826 3092
828 2250
832 896
832 1251
832 2684
832 3122
833 2684
834 897
838 1251
838 2639
838 3457
841 2321
841 2338
842 1082
842 2398
843 1520
846 850
846 947
846 1054
846 1058
846 1335
846 1483
846 1484
846 1489
846 1502
846 1511
846 1519
846 1520
846 1617
846 1622
846 1643
846 1661
846 1668
846 1685
846 1692
846 1770
846 1786
846 1811
846 1820
846 1900
846 1920
846 2137
846 2238
846 2264
846 2474
846 2530
846 2738
846 2759
846 2763
846 3224
850 1858
850 2666
877 2684
879 947
880 1727
881 2345
884 1335
885 887
885 898
885 1335
885 1527
885 1860
885 2270
885 2275
885 2629
885 2634
885 3148
885 3342
886 1577
890 3179
895 1335
895 1736
895 1904
895 2150
895 2166
895 2242
895 2251
895 2252
895 2272
895 2670
895 2671
895 2727
895 2728
895 2729
895 2730
895 3330
899 2390
901 1335
901 1520
901 1812
901 1822
901 2124
901 3112
901 3123
901 3284
903 1112
903 1198
903 1199
903 1263
903 2448
903 2450
905 1262
906 907
906 908
906 909
906 910
906 911
906 993
906 1081
906 1083
906 1085
906 1097
906 1127
906 1211
906 1219
906 1276
906 1335
906 1371
906 1374
906 1402
906 1435
906 1447
906 1464
906 1651
906 1837
906 1923
906 1975
906 1976
906 2024
906 2054
906 2070
906 2086
906 2102
906 2256
906 2273
906 2484
906 2501
906 2559
906 2627
906 2649
906 2652
906 2655
906 2698
906 2830
906 2837
906 2873
906 2908
906 2994
906 3022
907 928
907 2414
907 2499
907 2753
907 3170
908 2782
909 928
909 1050
909 1099
909 1146
909 1152
909 1173
909 1176
909 1178
909 1182
909 1192
909 1207
909 1727
909 1837
909 1901
909 2323
909 2406
909 2417
909 2427
909 2490
909 2519
910 957
910 1226
910 1309
910 1471
910 1567
910 1584
910 1648
910 1782
910 1837
910 1857
910 1870
910 1927
910 1957
910 2005
910 2073
910 2081
910 2309
910 2473
910 2687
910 2797
910 2899
910 2995
911 957
911 1433
911 1436
911 1529
911 1772
911 1782
911 1837
911 1956
911 2062
911 2154
911 2221
911 2590
911 2657
911 2899
911 3162
911 3253
911 3484
912 1335
912 1698
912 1802
913 2173
919 1253
922 1094
922 1106
922 1181
922 1807
922 2409
922 2508
922 3074
923 2454
923 2487
926 1262
927 1225
928 1213
928 1214
928 1538
932 947
933 934
933 1879
935 1091
936 1491
936 2340
937 1531
939 1474
939 2656
939 3160
941 948
944 2750
945 1131
945 2413
947 951
947 960
947 966
947 968
947 1013
947 1046
947 1071
947 1196
947 1245
947 1335
947 1388
947 1429
947 1448
947 1532
947 1537
947 1558
947 1561
947 1599
947 1668
947 1740
947 1750
947 1756
947 1767
947 1768
947 1794
947 1811
947 1843
947 1878
947 1893
947 2121
947 2133
947 2196
947 2233
947 2261
947 2298
947 2320
947 2336
947 2386
947 2549
947 2555
947 2637
947 2692
947 2720
947 2767
947 2813
947 2884
947 3088
947 3132
947 3147
947 3204
947 3227
947 3268
947 3278
947 3311
947 3326
947 3453
949 1221
950 1646
955 1755
957 1562
957 1623
957 1801
957 1837
957 1856
957 2307
957 2350
957 2371
957 2747
957 3175
957 3191
957 3215
957 3293
957 3425
957 3433
957 3446
957 3454
959 3164
962 1489
963 1138
967 1251
967 3164
968 2327
972 1008
972 1226
972 2309
974 1801
976 1703
985 3072
987 1013
990 1520
991 1489
993 1092
993 1273
995 1679
995 2141
997 1489
997 1520
997 1602
1000 1042
1001 2315
1009 1736
1011 1165
1011 2497
1012 1187
1013 1576
1013 1867
1013 3238
1017 1759
1017 1760
1017 1764
1017 2609
1021 1773
1021 2390
1022 1733
1023 1520
1035 2299
1037 1239
1037 1453
1037 1984
1037 2010
1037 2099
1037 2807
1037 2820
1037 2834
1037 2848
1037 2856
1037 2867
1037 2890
1037 2934
1038 1600
1040 1725
1042 2692
1043 1090
1043 2419
1043 2463
1043 2503
1046 1489
1048 1513
1048 1561
1048 1875
1048 2177
1048 2236
1048 2269
1048 2540
1048 3214
1048 3245
1048 3380
1048 3419
1049 1855
1049 2687
1052 1249
1054 1335
1054 1684
1054 1820
1056 3244
1056 3354
1059 2295
1060 1335
1060 1617
1060 1719
1060 1738
1060 1839
1060 1903
1060 2231
1060 2388
1060 2538
1060 2736
1060 3151
1060 3416
1061 1101
1067 1371
1067 1448
1072 3423
1075 1091
1075 2468
1076 1091
1077 1091
1078 1091
1079 1091
1080 1801
1083 1088
1083 1091
1083 1100
1086 1187
1086 2400
1087 1091
1087 1095
1088 1091
1088 1208
1088 1538
1088 2442
1089 1211
1091 1093
1091 1096
1091 1097
1091 1098
1091 1102
1091 1103
1091 1104
1091 1170
1091 1171
1091 1176
1091 1177
1091 1186
1091 1187
1091 2405
1091 2408
1091 2467
1091 2498
1091 2499
1091 2944
1101 1187
1101 1210
1101 2398
1101 2481
1101 2496
1101 2505
1101 2521
1105 2400
1105 2494
1107 1183
1107 2489
1108 1192
1111 2451
1115 1150
1117 1131
1119 2435
1120 1151
1121 1135
1121 1152
1121 1187
1121 2509
1125 1131
1126 1131
1128 1187
1128 2437
1129 1155
1131 1139
1131 1145
1131 1151
1131 2421
1131 2431
1135 1156
1142 1155
1144 1146
1146 2429
1146 2433
1148 2428
1149 1184
1149 1204
1152 1155
1155 2425
1155 2426
1157 2421
1162 1211
1163 2401
1165 2401
1167 1538
1167 2446
1168 1211
1174 1175
1174 1801
1174 2011
1176 1511
1178 1203
1179 1182
1179 2398
1180 1185
1180 2520
1182 1184
1182 2410
1183 1263
1183 2451
1185 1801
1187 2429
1188 1801
1190 1194
1190 2506
1191 1192
1192 1194
1192 2163
1192 2407
1192 2443
1195 2514
1197 1538
1197 2445
1201 1538
1202 2401
1209 2401
1209 2418
1211 2456
1211 2483
1216 2474
1221 3458
1223 2044
1225 1534
1225 1891
1225 3147
1226 1237
1226 1490
1226 1518
1226 2163
1226 2332
1226 2373
1226 2615
1226 2631
1226 2697
1226 3206
1226 3271
1226 3305
1226 3353
1226 3404
1226 3480
1226 3483
1232 3111
1233 1617
1235 1811
1235 3111
1237 2309
1239 1249
1239 1335
1239 1599
1239 1807
1239 1820
1239 2550
1239 2641
1241 1513
1244 1811
1249 1335
1249 1432
1249 3434
1249 3481
1250 1617
1251 3265
1253 1533
1253 2115
1253 2287
1253 2562
1253 2566
1253 2645
1253 2669
1253 2752
1253 3149
1253 3150
1253 3327
1253 3358
1253 3424
1253 3431
1253 3463
1254 1520
1254 1811
1260 1491
1260 1722
1267 1774
1268 2163
1269 2163
1270 1733
1271 2679
1274 1733
1276 1371
1277 1491
1277 2336
1277 2672
1279 1611
1283 1811
1285 2158
1285 2661
1285 3101
1285 3197
1285 3313
1300 1577
1303 1335
1303 1382
1303 1473
1303 1934
1303 1959
1303 1972
1303 1993
1303 1999
1303 2063
1303 2858
1303 2859
1304 1335
1304 1371
1304 1431
1304 1861
1304 1926
1304 1983
1304 2791
1304 2892
1304 3007
1304 3046
1306 2064
1306 2067
1307 1335
1308 1392
1310 1328
1312 1327
1313 1371
1313 2077
1313 2241
1314 1427
1314 1679
1314 2841
1314 2936
1315 1371
1315 2835
1318 1386
1319 1930
1320 1930
1321 1947
1322 1930
1323 1976
1323 1985
1325 1331
1325 1387
1325 1935
1325 1936
1325 1942
1325 1946
1325 1947
1325 1948
1325 1949
1325 1950
1325 1951
1325 1952
1325 2021
1325 2084
1325 2949
1325 2950
1325 2961
1328 2086
1328 2093
1328 2927
1329 2052
1329 3001
1330 3024
1331 1379
1331 1945
1331 1997
1331 2082
1331 2818
1331 2991
1331 2996
1331 3019
1331 3032
1331 3036
1331 3037
1331 3068
1332 2861
1332 3003
1332 3017
1332 3041
1334 1335
1334 1410
1334 2084
1335 1340
1335 1371
1335 1390
1335 1399
1335 1410
1335 1428
1335 1467
1335 1489
1335 1511
1335 1520
1335 1600
1335 1656
1335 1692
1335 1694
1335 1732
1335 1807
1335 1820
1335 1926
1335 2105
1335 2625
1335 2778
1335 2788
1335 2823
1335 3111
1336 1410
1337 2064
1337 2067
1337 2094
1337 2785
1337 2822
1337 2878
1337 2881
1338 1801
1339 1401
1339 1469
1339 2108
1339 2787
1339 2967
1340 1861
1340 2792
1342 1348
1343 2086
1349 2985
1350 1419
1350 2959
1350 2990
1350 3009
1350 3048
1352 2021
1354 2068
1356 1952
1357 1361
1357 1365
1357 1366
1357 1367
1358 1364
1359 1370
1361 1362
1361 1363
1368 1369
1371 1372
1371 1395
1371 1410
1371 1425
1371 1429
1371 1440
1371 1461
1371 1464
1371 1467
1371 1474
1371 1501
1371 1591
1371 1983
1371 1995
1371 1998
1371 2014
1371 2041
1371 2229
1371 2796
1371 2823
1371 2833
1371 2844
1371 3017
1371 3062
1372 1974
1372 2783
1372 3042
1373 2021
1373 2070
1377 1438
1380 1438
1385 1410
1386 1406
1386 1455
1386 1979
1386 2841
1386 2863
1386 2930
1386 2947
1387 1469
1387 1972
1387 2789
1390 1391
1395 2816
1396 1957
1397 1930
1397 1947
1397 1975
1398 1435
1399 2014
1399 2098
1400 2011
1402 2028
1403 2828
1403 2942
1403 3021
1405 1930
1410 3063
1413 1801
1413 2858
1414 2011
1414 2935
1415 2071
1419 1948
1419 2786
1423 1935
1424 2001
1424 2819
1424 2861
1425 1511
1425 1995
1425 2007
1425 2921
1425 2958
1428 1702
1428 1936
1428 2788
1428 2864
1431 1926
1431 1983
1431 3039
1433 2027
1433 2984
1438 1937
1438 2874
1438 2915
1438 2926
1438 2964
1438 2969
1438 2981
1438 3008
1438 3040
1438 3054
1442 1928
1444 3024
1445 1929
1445 1993
1447 2789
1447 2816
1453 2009
1453 2803
1456 2014
1457 1961
1458 2904
1459 2014
1460 2101
1462 2003
1464 1801
1464 1982
1464 2012
1465 1930
1467 1926
1467 3056
1470 1801
1470 1971
1470 2023
1470 2812
1470 2829
1470 2897
1470 2953
1470 2999
1471 1949
1471 2070
1475 1976
1476 1995
1476 2013
1476 2107
1476 2108
1477 2827
1479 2073
1481 2803
1483 2173
1483 2577
1483 2651
1483 3086
1483 3102
1483 3211
1483 3325
1483 3339
1483 3357
1484 1590
1485 1801
1486 2185
1486 2572
1488 2684
1489 1523
1489 1628
1489 1660
1489 1666
1489 1667
1489 1692
1489 1700
1489 1735
1489 1746
1489 1756
1489 1768
1489 1774
1489 1831
1489 1863
1489 1875
1489 1973
1489 2189
1489 2250
1489 2287
1489 2329
1489 2366
1489 2540
1489 2573
1489 3149
1489 3272
1489 3316
1489 3327
1489 3338
1489 3360
1489 3406
1490 2309
1491 1522
1491 1547
1491 1618
1491 1652
1491 1718
1491 1844
1491 1853
1491 2183
1491 2261
1491 2362
1491 3134
1491 3168
1491 3186
1491 3214
1491 3216
1491 3263
1491 3435
1492 1679
1492 2714
1496 1723
1496 1733
1499 1511
1499 2643
1501 1807
1501 3058
1502 1503
1503 1680
1503 2167
1503 2507
1503 2587
1503 3097
1503 3232
1503 3254
1503 3334
1506 3217
1506 3262
1506 3347
1508 3114
1511 1521
1511 1600
1511 1690
1511 1820
1511 1894
1511 1900
1511 1913
1511 2055
1511 2058
1511 2185
1511 2260
1511 2339
1511 2401
1511 2691
1511 2832
1511 2927
1511 3084
1511 3100
1511 3103
1511 3234
1511 3300
1519 3345
1519 3359
1520 1521
1520 1547
1520 1563
1520 1568
1520 1587
1520 1617
1520 1722
1520 1787
1520 1807
1520 1816
1520 1902
1520 2140
1520 2173
1520 2204
1520 2206
1520 2225
1520 2253
1520 2331
1520 2345
1520 2354
1520 2384
1520 2573
1520 2578
1520 2734
1520 2765
1520 3081
1520 3089
1520 3091
1520 3113
1520 3134
1520 3155
1520 3267
1520 3296
1520 3358
1520 3387
1520 3388
1520 3391
1520 3393
1520 3397
1520 3428
1523 2253
1524 2357
1529 1531
1529 3230
1531 1604
1531 1607
1531 2395
1531 2716
1531 3160
1531 3219
1537 3439
1538 1901
1538 2163
1538 2400
1538 2515
1539 2163
1541 1700
1541 2752
1550 2355
1552 1733
1553 3132
1554 2701
1558 2285
1560 1801
1561 1714
1565 3408
1579 2251
1583 2238
1587 1891
1587 3260
1588 1811
1588 1835
1589 2594
1590 1656
1594 1595
1599 1828
1602 2184
1603 1619
1603 1684
1604 1651
1604 2134
1607 2134
1616 2141
1617 1643
1617 1657
1617 1658
1617 1729
1617 1752
1617 1757
1617 1758
1617 1759
1617 1760
1617 1761
1617 1762
1617 1763
1617 1764
1617 1765
1617 1906
1617 2110
1617 2111
1617 2575
1617 2608
1617 2609
1617 2610
1617 2611
1617 2693
1617 2694
1617 2695
1617 2696
1617 2720
1617 3112
1617 3375
1619 2169
1629 2277
1629 3437
1631 2254
1633 1733
1634 1801
1643 1725
1643 2218
1643 3076
1643 3345
1648 1651
1651 2165
1651 2395
1652 2638
1656 2773
1656 2823
1663 1707
1663 2163
1668 2145
1670 1920
1670 2128
1670 3383
1677 1679
1679 1749
1679 1890
1679 1891
1679 2140
1679 2343
1679 2712
1679 3308
1679 3426
1692 1807
1694 2474
1694 2772
1697 2163
1706 1797
1712 2627
1714 2163
1714 2555
1714 3237
1721 1807
1721 2659
1722 2183
1725 2347
1725 2601
1725 3207
1726 2319
1727 1731
1727 1830
1727 2163
1727 2174
1727 2213
1727 2753
1727 3182
1727 3205
1727 3248
1733 1788
1733 1821
1733 1873
1733 1896
1733 2121
1733 2284
1733 2330
1733 2379
1733 2532
1733 2536
1733 2539
1733 2549
1733 2592
1733 2637
1733 2659
1733 2703
1733 2767
1733 3091
1733 3095
1733 3156
1733 3173
1733 3203
1733 3246
1733 3256
1733 3278
1733 3294
1733 3347
1733 3367
1733 3372
1733 3441
1733 3452
1733 3470
1744 1908
1746 2365
1750 1815
1750 2309
1750 2657
1753 1811
1762 3137
1767 2579
1772 1801
1774 1807
1774 2259
1774 3310
1784 3220
1787 2098
1787 2659
1787 3323
1789 3230
1801 1804
1801 1926
1801 1927
1801 1940
1801 1953
1801 1963
1801 1986
1801 2011
1801 2018
1801 2050
1801 2064
1801 2068
1801 2154
1801 2316
1801 2400
1801 2473
1801 2482
1801 2628
1801 2689
1801 2796
1801 2833
1801 2844
1801 2879
1801 2887
1801 2946
1801 2948
1801 2957
1801 2960
1801 2995
1801 3006
1801 3085
1801 3100
1801 3115
1801 3139
1804 1826
1807 1820
1807 1864
1807 2031
1807 2122
1807 2270
1807 2358
1807 2474
1807 2735
1807 3079
1807 3148
1807 3281
1809 2293
1809 2560
1809 2654
1809 3125
1811 1817
1811 2140
1811 2141
1811 2197
1811 2375
1820 2163
1824 2728
1825 2549
1825 3436
1826 3230
1829 2249
1835 1885
1835 2132
1835 2198
1835 2216
1835 2276
1835 2323
1835 2385
1835 2662
1835 3410
1837 1856
1837 3231
1840 2726
1840 3371
1840 3465
1854 2687
1855 2199
1858 2683
1861 3136
1864 2279
1870 2011
1890 3451
1904 2163
1908 2247
1918 3099
1920 3391
1923 2014
1924 2827
1926 3047
1927 2837
1930 1931
1930 1989
1930 1991
1930 2011
1930 2092
1930 2955
1933 2032
1935 2807
1941 2844
1942 1943
1942 1945
1942 2017
1943 1945
1943 1946
1943 2017
1943 2957
1944 1946
1947 1954
1947 2794
1947 2866
1948 2029
1948 2853
1948 2933
1948 2961
1948 3028
1948 3060
1949 2066
1949 2965
1949 2968
1950 1985
1951 3078
1952 2010
1952 2889
1959 2917
1962 3017
1965 2946
1965 2950
1970 2011
1972 1999
1976 1987
1976 2006
1976 2019
1976 2099
1976 2779
1976 2865
1976 2923
1983 2836
1983 2868
1983 2931
1983 3047
1985 2022
1985 2099
1985 2973
1986 2084
1986 2814
1986 2912
1986 2997
1990 2920
1995 2163
1998 2952
2000 3029
2002 2047
2003 2004
2003 2909
2004 2026
2005 2905
2005 2980
2011 2309
2011 2498
2011 2800
2011 2810
2011 2948
2011 3253
2014 2065
2014 2098
2014 2783
2014 2804
2014 2815
2014 2922
2014 2968
2014 3034
2015 2097
2015 3022
2016 2988
2022 2832
2032 2049
2033 2163
2033 2982
2035 2086
2036 2907
2036 2913
2037 2877
2039 2827
2041 2089
2044 2784
2044 3016
2050 2084
2057 2086
2062 2780
2062 2857
2064 2876
2065 2098
2065 2932
2065 3065
2067 2088
2067 2773
2067 2956
2067 3027
2068 2979
2070 2965
2071 2830
2071 3031
2072 2877
2073 2798
2076 2078
2078 2877
2078 2883
2078 2972
2079 2827
2083 2091
2084 2978
2086 2811
2086 2875
2086 2986
2096 2776
2097 2985
2097 3070
2098 2659
2098 2833
2099 2973
2102 2793
2106 2826
2106 2887
2113 2157
2114 2163
2114 3389
2121 2386
2122 2201
2122 2358
2148 2155
2148 2269
2148 2571
2152 2250
2156 3340
2160 2625
2163 2243
2163 2255
2163 2268
2163 2309
2163 2354
2163 2707
2163 2717
2163 2733
2163 2739
2163 2742
2163 2749
2163 3121
2163 3153
2163 3195
2163 3264
2163 3303
2163 3318
2163 3329
2163 3432
2163 3435
2163 3460
2163 3462
2166 3188
2173 2299
2173 2721
2173 3311
2183 3154
2191 2685
2192 3141
2192 3240
2196 3438
2224 3111
2247 3130
2255 2652
2262 3212
2279 2338
2279 2561
2279 3111
2285 2291
2285 2573
2285 2666
2285 3138
2285 3298
2309 2631
2309 2649
2314 2371
2315 3250
2342 2621
2349 2796
2394 3224
2399 2479
2401 2402
2401 2403
2401 2457
2401 2458
2401 2459
2401 2460
2401 2462
2401 3071
2412 2507
2418 2475
2418 2495
2421 2436
2421 2439
2421 2512
2441 2506
2444 2507
2469 2471
2470 2471
2471 2474
2471 2476
2471 2477
2471 2478
2471 2504
2471 2507
2471 2517
2471 2524
2471 2525
2474 2497
2475 2495
2506 2518
2526 2625
2541 2669
2544 2625
2555 3208
2556 2557
2556 3239
2615 3120
2617 3420
2621 2686
2621 3273
2627 2689
2657 3108
2669 3431
2684 2760
2700 2701
2705 2739
2753 3410
2782 3022
2788 2827
2788 2864
2796 3000
2800 2975
2803 2870
2803 2954
2808 2887
2821 2827
2825 2908
2825 2938
2826 2872
2853 3005
2862 3022
2869 2982
2877 2882
2877 2977
2877 3012
2877 3023
2880 3022
2885 3050
2885 3051
2891 2989
2899 3067
2904 2962
2908 2938
2910 3011
2911 3002
2918 2960
2929 3288
2943 2961
2950 3010
2951 2989
2960 3025
2970 2988
2978 2983
2978 3015
3022 3070
3111 3268
3111 3281
3111 3485
3175 3230
3189 3199
3212 3282
3231 3433
3314 3316
3363 3396
3374 3378
3387 3393
