3816 6937
1 3
1 4
1 18
1 19
1 20
1 27
1 28
1 29
1 34
1 35
1 39
1 46
1 47
1 52
1 60
1 61
1 64
1 72
1 73
1 91
1 95
1 115
1 118
1 124
1 125
1 136
1 198
1 200
1 212
1 262
1 292
1 317
1 372
1 382
1 426
1 458
1 472
1 494
1 532
1 534
1 540
1 544
1 560
1 620
1 680
1 682
1 695
1 697
1 703
1 711
1 719
1 724
1 726
1 728
1 749
1 767
1 772
1 773
1 777
1 786
1 792
1 804
1 808
1 831
1 836
1 864
1 883
1 890
1 895
1 971
1 979
1 1001
1 1015
1 1022
1 1029
1 1037
1 1038
1 1071
1 1156
1 1196
1 1201
1 1225
1 1300
1 1356
1 1462
1 1463
1 1480
1 1485
1 1487
1 1505
1 1507
1 1510
1 1540
1 1554
1 1604
1 1610
1 1631
1 1633
1 1644
1 1652
1 1714
1 1738
1 1749
1 1761
1 1762
1 1782
1 1783
1 1815
1 1816
1 1828
1 1832
1 1834
1 1838
1 1860
1 1867
1 1868
1 1878
1 2085
1 2097
1 2110
1 2122
1 2126
1 2127
1 2128
1 2129
1 2130
1 2135
1 2153
1 2159
1 2184
1 2189
1 2190
1 2197
1 2201
1 2209
1 2225
1 2232
1 2258
1 2265
1 2289
1 2292
1 2293
1 2320
1 2335
1 2345
1 2349
1 2350
1 2369
1 2534
1 2558
1 2559
1 2565
1 2573
1 2585
1 2596
1 2606
1 2629
1 2660
1 2681
1 2701
1 2703
1 2706
1 2713
1 2730
1 2743
1 3231
1 3247
1 3248
1 3260
1 3264
1 3269
1 3276
1 3278
1 3279
1 3285
1 3296
1 3317
1 3319
1 3346
1 3355
1 3371
1 3380
1 3387
1 3388
1 3398
1 3419
1 3485
1 3502
1 3526
1 3547
1 3607
1 3620
1 3621
1 3628
1 3652
1 3667
1 3762
1 3771
2 701
4 572
5 153
5 726
6 54
6 1032
7 1237
8 76
8 125
8 2206
9 95
10 136
10 223
11 62
11 657
12 125
12 1266
12 1545
12 2206
13 95
13 327
13 1459
14 62
14 309
15 448
15 3596
16 62
17 80
17 95
19 136
19 415
19 540
19 883
20 872
21 1485
22 2206
23 62
23 95
23 194
23 195
23 883
23 1454
24 96
25 95
25 309
26 95
27 95
27 136
30 95
30 695
31 726
31 1656
32 62
32 3330
33 95
35 67
35 136
35 541
35 796
35 1077
36 1389
37 131
37 876
38 412
39 448
40 136
41 136
41 200
41 1655
41 2227
41 3347
42 125
42 2206
43 2206
44 1743
44 3455
45 95
45 292
45 540
46 786
46 2206
47 136
48 200
48 414
48 474
48 488
48 726
48 933
48 2543
48 2758
48 3281
48 3477
49 302
50 62
50 95
50 883
50 1254
50 1454
50 2295
51 62
51 69
51 864
51 1478
52 136
52 183
52 415
52 448
53 62
53 136
54 89
54 95
54 96
54 99
54 136
54 319
54 540
54 726
54 1032
54 1792
54 2261
54 2712
55 831
56 80
56 96
57 136
57 327
57 726
58 125
58 2206
59 688
59 1321
59 1323
59 1324
59 1325
59 1328
59 1915
60 136
61 136
62 66
62 69
62 70
62 75
62 77
62 79
62 82
62 95
62 134
62 188
62 194
62 220
62 278
62 345
62 488
62 559
62 561
62 726
62 765
62 931
62 1032
62 1237
62 1505
62 1630
62 1770
62 2329
62 3347
62 3397
62 3455
62 3505
62 3596
62 3708
63 2108
64 200
65 121
65 559
66 1454
67 91
67 95
67 97
67 136
67 145
67 200
67 214
67 262
67 292
67 350
67 412
67 444
67 452
67 540
67 726
67 880
67 1300
67 1625
67 1629
67 1678
67 1707
67 1744
67 1892
67 2159
67 2305
67 2596
67 2664
67 2896
67 3301
67 3311
67 3360
67 3462
67 3483
67 3640
67 3696
67 3776
68 125
68 547
69 726
69 864
70 197
70 292
71 292
73 1135
74 1237
75 200
77 95
77 1229
78 463
78 2904
79 200
79 2158
80 95
80 292
80 397
80 831
80 883
80 1030
80 1460
80 1506
80 1809
80 2339
81 85
81 195
81 540
82 95
82 195
82 448
82 707
82 726
82 883
82 1488
82 2127
82 3262
82 3538
83 200
84 113
85 195
86 726
87 88
87 96
88 119
88 160
88 1810
89 726
89 742
89 1697
89 1805
89 2745
90 136
90 268
91 95
91 96
91 110
91 118
91 125
91 136
91 137
91 155
91 262
91 292
91 293
91 296
91 299
91 314
91 322
91 337
91 338
91 339
91 340
91 341
91 342
91 377
91 386
91 387
91 392
91 415
91 448
91 450
91 467
91 483
91 502
91 505
91 540
91 589
91 632
91 638
91 643
91 658
91 684
91 707
91 720
91 726
91 831
91 867
91 868
91 878
91 883
91 890
91 894
91 930
91 996
91 1026
91 1028
91 1033
91 1290
91 1345
91 1427
91 1488
91 1559
91 1586
91 1613
91 1626
91 1776
91 1896
91 2057
91 2206
92 96
92 338
93 95
94 95
95 96
95 102
95 109
95 118
95 119
95 121
95 125
95 129
95 134
95 136
95 195
95 200
95 211
95 262
95 292
95 296
95 314
95 316
95 327
95 377
95 415
95 448
95 450
95 474
95 483
95 505
95 540
95 542
95 570
95 599
95 632
95 657
95 658
95 671
95 684
95 687
95 688
95 689
95 690
95 691
95 707
95 714
95 726
95 727
95 762
95 777
95 803
95 831
95 868
95 872
95 878
95 883
95 890
95 894
95 904
95 912
95 923
95 930
95 996
95 1028
95 1029
95 1033
95 1270
95 1305
95 1336
95 1454
95 1479
95 1488
95 1568
95 1570
95 1586
95 1613
95 1626
95 1630
95 1656
95 1660
95 1662
95 1702
95 1739
95 1743
95 1745
95 1746
95 1776
95 1810
95 1835
95 1896
95 1941
95 2089
95 2129
95 2158
95 2206
95 2221
95 2458
95 2617
95 2635
95 2802
95 2972
95 3248
95 3471
95 3684
96 125
96 136
96 153
96 200
96 204
96 207
96 262
96 292
96 297
96 324
96 415
96 428
96 540
96 574
96 706
96 726
96 883
96 1300
96 1875
97 2206
98 327
99 1032
100 2206
101 709
101 1810
102 234
103 647
104 144
105 106
105 346
106 251
106 346
107 346
108 346
109 154
109 653
109 726
109 1912
110 299
110 599
110 1936
110 2021
110 2914
110 3115
111 2206
112 521
112 1370
113 119
113 157
113 159
113 1649
113 1747
113 1810
113 1832
114 200
114 726
115 136
116 182
116 1912
117 293
118 143
118 144
118 200
118 262
118 292
118 314
118 346
118 540
118 726
118 831
118 883
118 1549
119 130
119 156
119 158
119 164
119 169
119 170
119 171
119 200
119 479
119 726
119 810
119 1770
119 2180
119 2775
120 2206
121 136
121 559
121 726
121 883
121 1884
121 2598
121 3692
121 3781
122 171
123 200
123 1703
125 200
125 262
125 292
125 314
125 540
125 726
125 831
125 1454
125 1547
125 2206
125 2768
126 743
126 1455
127 328
127 484
128 1071
128 1153
128 1158
129 195
129 831
131 136
131 200
131 489
131 540
131 689
131 811
131 874
131 875
131 876
131 911
131 936
131 1542
131 1754
131 2553
131 2674
131 2698
131 2955
131 3224
131 3313
131 3804
132 145
133 2206
134 1454
135 292
136 137
136 138
136 139
136 160
136 162
136 198
136 200
136 209
136 213
136 262
136 292
136 295
136 296
136 300
136 302
136 314
136 317
136 320
136 329
136 361
136 364
136 369
136 377
136 382
136 398
136 400
136 401
136 415
136 431
136 448
136 450
136 455
136 468
136 476
136 477
136 483
136 487
136 492
136 496
136 497
136 505
136 528
136 533
136 537
136 539
136 540
136 542
136 543
136 544
136 546
136 556
136 563
136 573
136 578
136 581
136 587
136 599
136 614
136 617
136 658
136 670
136 672
136 680
136 681
136 684
136 693
136 696
136 698
136 703
136 707
136 708
136 709
136 711
136 720
136 724
136 726
136 727
136 736
136 739
136 740
136 749
136 756
136 764
136 770
136 772
136 777
136 782
136 784
136 786
136 788
136 793
136 807
136 809
136 820
136 827
136 829
136 831
136 832
136 834
136 860
136 867
136 868
136 872
136 874
136 875
136 877
136 878
136 883
136 885
136 886
136 894
136 898
136 901
136 912
136 916
136 917
136 923
136 924
136 927
136 930
136 934
136 938
136 940
136 947
136 950
136 955
136 958
136 959
136 960
136 970
136 971
136 972
136 973
136 974
136 977
136 979
136 980
136 982
136 984
136 986
136 987
136 988
136 991
136 996
136 997
136 998
136 1000
136 1002
136 1004
136 1008
136 1011
136 1013
136 1015
136 1017
136 1018
136 1019
136 1025
136 1026
136 1027
136 1028
136 1033
136 1035
136 1036
136 1037
136 1038
136 1039
136 1042
136 1043
136 1044
136 1050
136 1063
136 1097
136 1103
136 1124
136 1164
136 1170
136 1175
136 1196
136 1198
136 1199
136 1200
136 1203
136 1205
136 1207
136 1208
136 1209
136 1210
136 1212
136 1215
136 1216
136 1218
136 1222
136 1225
136 1226
136 1227
136 1228
136 1229
136 1230
136 1231
136 1232
136 1234
136 1235
136 1236
136 1238
136 1245
136 1247
136 1250
136 1251
136 1252
136 1256
136 1257
136 1258
136 1268
136 1280
136 1300
136 1336
136 1352
136 1353
136 1358
136 1379
136 1384
136 1409
136 1412
136 1416
136 1452
136 1454
136 1455
136 1463
136 1465
136 1466
136 1468
136 1479
136 1480
136 1487
136 1493
136 1494
136 1495
136 1496
136 1499
136 1507
136 1510
136 1511
136 1517
136 1518
136 1520
136 1522
136 1524
136 1525
136 1526
136 1529
136 1531
136 1532
136 1535
136 1536
136 1542
136 1550
136 1557
136 1559
136 1560
136 1563
136 1564
136 1566
136 1567
136 1570
136 1571
136 1576
136 1577
136 1579
136 1580
136 1583
136 1586
136 1588
136 1594
136 1595
136 1596
136 1599
136 1601
136 1607
136 1608
136 1609
136 1616
136 1617
136 1619
136 1624
136 1625
136 1626
136 1627
136 1628
136 1631
136 1633
136 1638
136 1640
136 1641
136 1642
136 1643
136 1644
136 1645
136 1647
136 1652
136 1653
136 1654
136 1664
136 1666
136 1667
136 1672
136 1674
136 1675
136 1676
136 1678
136 1680
136 1684
136 1688
136 1689
136 1690
136 1694
136 1696
136 1699
136 1702
136 1703
136 1707
136 1708
136 1711
136 1713
136 1715
136 1716
136 1719
136 1720
136 1723
136 1726
136 1727
136 1728
136 1729
136 1730
136 1731
136 1732
136 1733
136 1734
136 1738
136 1741
136 1744
136 1745
136 1749
136 1753
136 1754
136 1759
136 1760
136 1761
136 1764
136 1765
136 1769
136 1770
136 1771
136 1772
136 1774
136 1776
136 1777
136 1780
136 1782
136 1786
136 1788
136 1789
136 1790
136 1791
136 1793
136 1795
136 1801
136 1802
136 1804
136 1806
136 1812
136 1814
136 1815
136 1817
136 1818
136 1825
136 1832
136 1833
136 1836
136 1837
136 1838
136 1842
136 1844
136 1849
136 1853
136 1854
136 1858
136 1860
136 1863
136 1865
136 1869
136 1872
136 1874
136 1878
136 1879
136 1880
136 1885
136 1886
136 1889
136 1891
136 1896
136 1900
136 1901
136 1966
136 1998
136 2018
136 2029
136 2044
136 2066
136 2078
136 2085
136 2086
136 2088
136 2090
136 2092
136 2096
136 2097
136 2102
136 2103
136 2104
136 2107
136 2111
136 2113
136 2125
136 2127
136 2129
136 2130
136 2133
136 2134
136 2136
136 2138
136 2141
136 2143
136 2145
136 2146
136 2150
136 2157
136 2162
136 2166
136 2168
136 2174
136 2176
136 2177
136 2178
136 2189
136 2190
136 2192
136 2194
136 2195
136 2196
136 2200
136 2202
136 2203
136 2204
136 2205
136 2211
136 2216
136 2221
136 2224
136 2225
136 2227
136 2230
136 2233
136 2236
136 2238
136 2244
136 2249
136 2250
136 2252
136 2258
136 2262
136 2263
136 2274
136 2276
136 2277
136 2278
136 2281
136 2286
136 2288
136 2289
136 2299
136 2300
136 2303
136 2304
136 2305
136 2307
136 2308
136 2310
136 2313
136 2318
136 2322
136 2327
136 2328
136 2330
136 2331
136 2333
136 2337
136 2341
136 2346
136 2347
136 2348
136 2349
136 2350
136 2353
136 2354
136 2360
136 2370
136 2371
136 2375
136 2392
136 2403
136 2473
136 2519
136 2522
136 2524
136 2525
136 2532
136 2539
136 2540
136 2542
136 2544
136 2546
136 2549
136 2550
136 2553
136 2554
136 2556
136 2557
136 2563
136 2569
136 2570
136 2572
136 2575
136 2576
136 2578
136 2580
136 2584
136 2585
136 2590
136 2594
136 2597
136 2599
136 2600
136 2601
136 2602
136 2603
136 2604
136 2612
136 2613
136 2614
136 2616
136 2618
136 2625
136 2626
136 2628
136 2634
136 2642
136 2644
136 2653
136 2656
136 2657
136 2660
136 2661
136 2663
136 2665
136 2670
136 2671
136 2678
136 2679
136 2681
136 2684
136 2690
136 2691
136 2692
136 2693
136 2698
136 2702
136 2704
136 2705
136 2707
136 2710
136 2711
136 2716
136 2717
136 2720
136 2730
136 2732
136 2735
136 2736
136 2743
136 2744
136 2748
136 2750
136 2756
136 2757
136 2761
136 2762
136 2764
136 2767
136 2769
136 2773
136 2776
136 2797
136 2802
136 2825
136 2831
136 2890
136 3010
136 3022
136 3036
136 3105
136 3121
136 3212
136 3217
136 3220
136 3231
136 3234
136 3235
136 3239
136 3244
136 3246
136 3248
136 3254
136 3255
136 3266
136 3267
136 3268
136 3269
136 3271
136 3279
136 3281
136 3283
136 3287
136 3288
136 3291
136 3301
136 3304
136 3307
136 3309
136 3311
136 3312
136 3314
136 3317
136 3318
136 3319
136 3323
136 3326
136 3327
136 3331
136 3334
136 3335
136 3338
136 3344
136 3346
136 3357
136 3358
136 3362
136 3366
136 3369
136 3372
136 3374
136 3378
136 3379
136 3380
136 3382
136 3383
136 3384
136 3385
136 3387
136 3390
136 3393
136 3396
136 3400
136 3401
136 3406
136 3412
136 3417
136 3419
136 3422
136 3423
136 3425
136 3426
136 3429
136 3433
136 3435
136 3436
136 3439
136 3441
136 3445
136 3448
136 3451
136 3452
136 3457
136 3460
136 3464
136 3465
136 3479
136 3482
136 3484
136 3487
136 3492
136 3495
136 3498
136 3500
136 3503
136 3504
136 3506
136 3510
136 3511
136 3515
136 3522
136 3524
136 3525
136 3527
136 3531
136 3532
136 3533
136 3535
136 3537
136 3540
136 3543
136 3545
136 3549
136 3554
136 3557
136 3560
136 3561
136 3562
136 3563
136 3564
136 3565
136 3566
136 3568
136 3569
136 3572
136 3574
136 3580
136 3584
136 3586
136 3588
136 3589
136 3599
136 3601
136 3605
136 3607
136 3610
136 3611
136 3615
136 3616
136 3617
136 3619
136 3620
136 3623
136 3627
136 3636
136 3639
136 3642
136 3645
136 3647
136 3648
136 3649
136 3653
136 3657
136 3661
136 3662
136 3663
136 3665
136 3672
136 3674
136 3675
136 3676
136 3678
136 3681
136 3683
136 3687
136 3698
136 3707
136 3710
136 3712
136 3715
136 3717
136 3718
136 3724
136 3729
136 3733
136 3740
136 3743
136 3745
136 3749
136 3752
136 3753
136 3763
136 3765
136 3768
136 3772
136 3773
136 3774
136 3777
136 3779
136 3786
136 3787
136 3788
136 3789
136 3791
136 3795
136 3796
136 3806
137 138
137 172
137 187
137 205
137 208
137 209
137 216
137 253
137 299
137 301
137 325
137 338
137 365
137 388
137 463
137 484
137 504
137 528
137 542
137 579
137 586
137 587
137 588
137 590
137 601
137 606
137 614
137 617
137 619
137 635
137 643
137 646
137 649
137 890
137 1269
137 1280
137 1282
137 1291
137 1297
137 1298
137 1305
137 1314
137 1318
137 1337
137 1348
137 1353
137 1355
137 1358
137 1360
137 1392
137 1395
137 1560
137 1781
137 1859
137 1895
137 1926
137 1950
137 1953
137 1958
137 1972
137 1976
137 1993
137 2033
137 2034
137 2071
137 2073
137 2696
137 2785
137 2806
137 2816
137 2841
137 2854
137 2857
137 2861
137 2893
137 2915
137 2923
137 2928
137 2931
137 2940
137 2956
137 2994
137 3017
137 3051
137 3065
137 3068
137 3086
137 3092
137 3104
137 3125
137 3137
137 3142
137 3145
138 796
138 904
138 913
138 1017
138 1069
138 1164
138 1192
138 2443
138 2450
138 2451
138 3206
140 1703
141 200
141 868
141 993
141 2682
142 155
142 646
142 3013
145 241
145 726
145 1265
146 328
146 413
147 221
147 226
148 726
149 1370
150 617
150 2014
151 346
152 281
153 191
153 325
153 599
153 1335
153 1770
153 1916
153 1963
153 3812
156 1847
156 3646
158 1810
160 161
160 745
160 1695
160 2218
160 3709
161 162
161 1695
161 1882
162 745
162 1482
162 1527
162 1649
162 1695
162 1742
162 1747
162 2259
162 2321
162 2340
162 2361
162 2364
162 2552
162 2555
162 3261
162 3300
162 3364
162 3546
162 3723
162 3734
163 709
163 882
163 2759
163 3227
165 412
166 169
167 169
168 709
168 1530
168 2362
169 200
169 273
169 660
169 1612
169 1810
169 1882
169 3342
170 2724
170 3797
172 173
172 180
172 183
172 185
172 186
172 187
172 336
172 643
172 1304
172 1364
172 1414
172 1770
172 3047
173 643
174 328
175 328
176 328
177 328
178 328
179 180
181 262
181 383
182 262
183 184
183 606
183 617
183 1289
183 1351
183 1385
183 1433
183 1440
183 2794
183 2812
183 2983
183 3047
183 3070
183 3093
184 597
184 1948
185 338
186 617
187 338
187 643
188 2158
188 2219
189 328
190 1237
191 390
191 726
192 1586
193 485
193 498
193 726
193 967
193 994
193 1062
193 1135
193 1137
193 1138
193 1140
193 1141
193 1153
193 1170
193 1180
193 1184
193 1186
193 1192
193 1193
193 1194
193 1507
193 1770
193 2112
193 2208
193 2371
193 2375
193 2376
193 2385
193 2386
193 2389
193 2390
193 2423
193 2425
193 2426
193 2434
193 2435
193 2445
193 2450
193 2453
193 2455
193 2457
193 2462
193 2472
193 2479
193 2480
193 2504
193 2510
193 2512
193 2513
193 2515
193 3183
193 3185
193 3194
193 3203
194 195
195 200
195 225
195 686
195 726
195 765
195 766
195 1041
195 1197
195 1608
195 2099
195 2175
195 2343
195 2651
195 2744
195 2747
195 3262
195 3274
195 3420
195 3514
195 3583
195 3618
195 3682
195 3702
195 3731
196 726
199 307
199 726
199 2466
200 236
200 255
200 262
200 278
200 292
200 296
200 302
200 304
200 308
200 309
200 310
200 311
200 314
200 317
200 327
200 330
200 377
200 379
200 382
200 397
200 401
200 402
200 415
200 431
200 432
200 433
200 448
200 450
200 453
200 456
200 483
200 492
200 505
200 532
200 533
200 536
200 538
200 540
200 543
200 544
200 547
200 551
200 632
200 658
200 662
200 663
200 665
200 667
200 672
200 673
200 677
200 680
200 682
200 684
200 692
200 695
200 700
200 701
200 707
200 710
200 712
200 713
200 715
200 718
200 723
200 725
200 726
200 727
200 728
200 729
200 730
200 731
200 733
200 740
200 741
200 745
200 749
200 759
200 764
200 774
200 781
200 782
200 783
200 784
200 786
200 788
200 790
200 792
200 794
200 797
200 799
200 809
200 816
200 821
200 823
200 824
200 825
200 830
200 831
200 832
200 833
200 836
200 859
200 864
200 866
200 867
200 868
200 878
200 883
200 890
200 891
200 892
200 893
200 894
200 896
200 900
200 902
200 908
200 910
200 911
200 922
200 924
200 926
200 930
200 932
200 933
200 934
200 938
200 940
200 948
200 949
200 969
200 976
200 999
200 1016
200 1024
200 1028
200 1033
200 1038
200 1039
200 1043
200 1063
200 1071
200 1103
200 1124
200 1146
200 1151
200 1166
200 1182
200 1195
200 1203
200 1214
200 1215
200 1216
200 1218
200 1223
200 1224
200 1229
200 1234
200 1250
200 1259
200 1305
200 1367
200 1377
200 1448
200 1454
200 1456
200 1458
200 1463
200 1476
200 1477
200 1479
200 1483
200 1487
200 1488
200 1498
200 1500
200 1511
200 1523
200 1530
200 1535
200 1536
200 1555
200 1556
200 1558
200 1562
200 1564
200 1571
200 1577
200 1586
200 1589
200 1594
200 1595
200 1598
200 1600
200 1602
200 1606
200 1613
200 1614
200 1615
200 1619
200 1624
200 1626
200 1631
200 1650
200 1653
200 1658
200 1668
200 1671
200 1672
200 1675
200 1677
200 1683
200 1686
200 1687
200 1693
200 1697
200 1698
200 1703
200 1707
200 1711
200 1714
200 1717
200 1720
200 1735
200 1739
200 1740
200 1752
200 1766
200 1768
200 1769
200 1770
200 1772
200 1774
200 1776
200 1778
200 1779
200 1799
200 1802
200 1806
200 1811
200 1825
200 1832
200 1837
200 1838
200 1846
200 1851
200 1852
200 1860
200 1867
200 1871
200 1877
200 1881
200 1916
200 2080
200 2082
200 2084
200 2085
200 2090
200 2092
200 2102
200 2112
200 2113
200 2117
200 2118
200 2124
200 2128
200 2129
200 2130
200 2134
200 2137
200 2139
200 2149
200 2152
200 2157
200 2158
200 2160
200 2162
200 2168
200 2178
200 2181
200 2185
200 2188
200 2191
200 2192
200 2206
200 2212
200 2213
200 2218
200 2221
200 2224
200 2226
200 2234
200 2239
200 2242
200 2245
200 2251
200 2256
200 2257
200 2260
200 2265
200 2266
200 2267
200 2268
200 2269
200 2270
200 2272
200 2273
200 2298
200 2303
200 2312
200 2313
200 2314
200 2333
200 2352
200 2357
200 2363
200 2366
200 2380
200 2391
200 2401
200 2403
200 2470
200 2507
200 2511
200 2527
200 2560
200 2565
200 2566
200 2574
200 2578
200 2590
200 2595
200 2598
200 2611
200 2645
200 2656
200 2659
200 2665
200 2669
200 2677
200 2679
200 2680
200 2681
200 2685
200 2698
200 2709
200 2721
200 2722
200 2723
200 2731
200 2739
200 2740
200 2742
200 2760
200 2902
200 3213
200 3232
200 3241
200 3244
200 3246
200 3247
200 3265
200 3289
200 3291
200 3293
200 3294
200 3298
200 3299
200 3313
200 3315
200 3318
200 3320
200 3327
200 3329
200 3332
200 3335
200 3346
200 3353
200 3356
200 3359
200 3372
200 3378
200 3389
200 3401
200 3413
200 3415
200 3416
200 3418
200 3431
200 3434
200 3435
200 3439
200 3445
200 3454
200 3464
200 3478
200 3486
200 3492
200 3516
200 3517
200 3518
200 3519
200 3520
200 3526
200 3539
200 3541
200 3542
200 3571
200 3579
200 3580
200 3581
200 3584
200 3594
200 3600
200 3605
200 3607
200 3615
200 3619
200 3624
200 3630
200 3631
200 3643
200 3657
200 3659
200 3660
200 3663
200 3664
200 3671
200 3685
200 3690
200 3698
200 3699
200 3721
200 3726
200 3755
200 3766
200 3774
200 3778
200 3786
200 3801
201 726
201 2918
201 2925
201 3002
201 3042
201 3046
201 3122
202 293
203 726
205 299
205 314
205 389
205 1300
205 1354
205 1392
205 1979
205 2783
206 2206
207 1240
208 619
208 893
208 1957
208 1959
208 2876
208 3173
209 337
209 599
209 1443
209 2899
209 2907
209 2963
209 3061
210 299
210 425
210 526
210 599
210 1335
210 1372
210 1376
210 1383
210 1388
210 1895
210 1956
210 1992
210 2009
210 2862
210 2912
210 2921
210 2926
210 2982
210 2992
210 3078
211 298
211 550
211 726
211 1375
211 1913
211 2056
211 2870
211 2963
211 3085
211 3150
213 356
213 377
213 540
213 667
213 727
213 930
213 1297
213 1466
213 1591
213 1613
213 1776
213 2617
214 299
214 337
214 1306
214 1335
214 2896
215 754
216 299
216 320
216 325
216 335
216 503
216 529
216 617
216 618
216 619
216 625
216 1270
216 1300
216 1335
216 1373
216 2000
216 2451
216 3009
216 3154
217 281
218 281
219 281
220 2158
221 262
221 799
222 262
222 863
223 262
223 985
223 1454
223 2680
223 3464
224 256
224 262
224 277
224 371
224 779
224 861
224 3363
225 262
225 266
225 300
225 497
225 761
225 985
225 1804
225 3595
226 256
226 262
226 497
226 807
226 2108
226 2586
226 3255
226 3335
226 3363
227 262
227 269
227 470
227 679
227 736
227 947
227 1777
227 1875
227 2276
228 262
228 1697
229 262
230 254
230 262
230 687
231 262
231 2113
231 2698
232 262
232 394
232 569
232 665
232 2347
233 262
233 1463
234 262
234 271
234 535
234 674
234 866
235 262
235 747
235 1260
235 1266
235 1764
235 1832
235 2768
237 1370
238 1229
239 2129
240 2206
242 2206
243 346
244 346
245 346
246 346
247 346
248 346
249 346
250 346
251 346
252 448
253 463
253 508
253 510
253 511
253 513
253 515
253 1423
255 1166
257 262
258 262
258 1500
258 3577
259 262
259 659
259 946
259 1631
259 2009
259 2802
260 262
260 2824
260 3087
260 3157
261 262
262 263
262 264
262 265
262 270
262 274
262 275
262 292
262 296
262 314
262 377
262 382
262 448
262 450
262 483
262 658
262 684
262 707
262 726
262 867
262 878
262 883
262 890
262 894
262 912
262 923
262 930
262 996
262 1028
262 1033
262 1280
262 1488
262 1586
262 1613
262 1776
262 1896
262 3406
262 3456
263 1877
264 764
264 1756
264 1795
265 276
265 992
265 2605
267 726
267 892
267 1770
272 275
273 726
273 2218
274 1522
279 281
280 281
281 282
281 283
281 284
281 285
281 286
281 287
281 288
281 351
281 352
281 353
281 354
281 405
281 406
281 407
281 408
281 409
281 410
281 1367
281 1914
289 1370
290 346
291 293
292 296
292 314
292 319
292 377
292 415
292 448
292 450
292 454
292 483
292 495
292 505
292 540
292 558
292 632
292 658
292 720
292 726
292 738
292 831
292 878
292 883
292 890
292 894
292 923
292 930
292 951
292 952
292 953
292 969
292 971
292 972
292 986
292 987
292 1026
292 1028
292 1031
292 1033
292 1103
292 1225
292 1237
292 1280
292 1300
292 1336
292 1454
292 1479
292 1488
292 1507
292 1559
292 1566
292 1580
292 1586
292 1587
292 1613
292 1622
292 1626
292 1647
292 1708
292 1776
292 2129
292 2183
292 2206
292 2217
292 2225
292 2329
292 2462
292 2537
292 2583
292 2621
292 2655
292 2670
292 2709
292 2776
292 2802
292 3242
292 3252
292 3264
292 3266
292 3278
292 3355
292 3370
292 3446
292 3461
292 3474
292 3497
292 3577
292 3587
292 3678
292 3681
292 3689
292 3708
292 3718
292 3752
292 3762
292 3792
292 3800
293 463
293 521
293 577
293 650
294 2129
296 415
296 445
296 540
296 726
296 1300
299 301
299 314
299 328
299 331
299 337
299 343
299 384
299 444
299 465
299 484
299 529
299 572
299 579
299 591
299 598
299 607
299 613
299 615
299 617
299 620
299 632
299 641
299 643
299 890
299 953
299 1040
299 1271
299 1278
299 1290
299 1293
299 1294
299 1300
299 1304
299 1305
299 1307
299 1308
299 1319
299 1336
299 1372
299 1383
299 1388
299 1389
299 1417
299 1425
299 1444
299 1445
299 1466
299 1900
299 1902
299 1932
299 1962
299 1966
299 1989
299 2006
299 2023
299 2024
299 2040
299 2053
299 2064
299 2319
299 2784
299 2795
299 2802
299 2803
299 2810
299 2839
299 2856
299 2911
299 2912
299 2926
299 2953
299 2954
299 2959
299 2976
299 2978
299 3015
299 3141
299 3164
300 2129
301 592
301 1300
301 1370
301 1413
301 1414
301 1968
301 2026
302 1028
302 1218
303 2082
304 726
304 2765
305 484
306 566
306 707
306 906
308 1571
308 1839
308 2577
309 752
309 753
309 897
309 1503
309 2291
309 2832
309 3216
309 3348
309 3599
309 3641
312 314
312 1553
313 540
313 771
313 989
314 331
314 373
314 395
314 415
314 448
314 632
314 646
314 726
314 743
315 1488
316 535
317 1832
318 1697
320 620
320 726
320 883
320 930
320 3020
321 463
321 585
322 2931
323 754
325 374
325 455
325 506
325 524
325 1040
325 1335
325 1361
325 1389
325 1421
325 1439
325 2696
325 3044
325 3132
325 3157
325 3366
326 463
326 1770
327 883
327 1459
327 1512
327 1581
327 1623
328 376
328 448
328 1945
328 1985
328 3118
331 332
331 333
331 334
335 2835
335 2847
335 2908
335 2968
335 3023
335 3101
336 643
337 617
337 3812
338 643
338 1290
338 1304
338 1364
338 2812
338 3047
338 3070
339 2809
342 2917
342 2960
343 464
343 520
343 2059
344 726
346 360
346 362
346 471
346 837
346 838
346 839
346 840
346 841
346 842
346 843
346 844
346 845
346 846
346 847
346 848
346 849
346 850
346 851
346 852
346 853
346 854
346 855
346 856
346 857
346 858
346 1261
346 1262
346 1263
346 1543
346 1544
346 2940
347 726
347 1592
347 2320
347 3308
348 465
349 593
349 726
349 1371
349 1912
349 2014
349 3066
350 1626
355 368
355 447
355 575
355 628
355 652
355 1937
355 1985
355 3005
357 3010
358 2082
359 2129
361 718
361 726
361 2142
361 2562
361 3407
361 3418
363 1229
366 1063
367 726
368 648
368 1904
369 1660
369 1703
370 537
370 787
372 1613
373 893
373 2638
375 726
375 1215
377 400
377 415
377 454
377 535
377 557
377 672
377 715
377 726
377 803
377 866
377 959
377 1300
377 1571
377 1573
377 1748
377 1763
377 1824
377 1864
377 1868
377 2089
377 2144
377 2232
377 2286
377 2356
377 2526
377 2541
377 2752
377 2764
377 3230
377 3315
377 3336
377 3451
377 3504
377 3706
378 1160
378 1507
378 1770
379 726
379 1022
379 1217
379 2631
380 2601
381 2727
382 883
382 3406
383 1985
384 1281
385 609
385 617
385 625
386 726
387 576
388 457
388 499
388 595
388 675
388 1415
388 2815
388 2855
388 2911
388 2995
388 3107
388 3117
391 599
393 614
394 483
396 482
397 726
397 3242
399 445
400 657
400 726
402 692
402 1715
402 3691
403 642
403 1370
404 561
404 564
404 568
404 1454
404 2148
404 3345
411 542
412 726
412 798
412 1527
412 1882
412 2116
412 2340
412 2361
412 2520
412 2648
412 2759
412 3227
412 3229
412 3300
415 416
415 417
415 425
415 428
415 429
415 430
415 431
415 433
415 434
415 436
415 439
415 441
415 442
415 448
415 450
415 452
415 485
415 505
415 540
415 541
415 599
415 632
415 658
415 726
415 727
415 831
415 868
415 872
415 878
415 883
415 894
415 923
415 928
415 996
415 1020
415 1033
415 1046
415 1086
415 1087
415 1088
415 1089
415 1090
415 1091
415 1092
415 1093
415 1097
415 1098
415 1099
415 1100
415 1101
415 1102
415 1103
415 1108
415 1109
415 1110
415 1112
415 1116
415 1118
415 1120
415 1125
415 1126
415 1127
415 1128
415 1132
415 1160
415 1163
415 1225
415 1278
415 1336
415 1466
415 1479
415 1488
415 1559
415 1591
415 1626
415 1637
415 1739
415 1776
415 2089
415 2328
415 2394
415 2395
415 2397
415 2404
415 2405
415 2406
415 2407
415 2408
415 2415
415 2490
415 2492
415 2494
415 2495
415 2496
415 2635
415 2802
415 3248
416 538
417 418
417 419
417 420
417 421
417 423
417 424
417 426
417 428
417 429
417 431
417 435
417 443
417 538
417 726
417 1046
417 1121
417 1131
418 538
419 538
420 538
421 538
421 2395
422 538
422 690
422 699
422 1292
423 438
423 538
424 538
425 726
425 1103
425 1110
425 1124
425 2396
426 428
427 1127
428 431
428 437
428 706
428 716
428 1130
428 2415
429 431
429 1095
429 1103
429 1106
429 1113
429 1191
429 2399
429 2403
429 2409
429 2495
429 2697
431 434
431 436
431 439
431 442
431 444
431 452
431 726
431 1003
431 1087
431 1088
431 1090
431 1092
431 1096
431 1106
431 1108
431 1109
431 1110
431 1127
431 1132
431 1163
431 1888
431 2068
431 2379
431 2394
431 2395
431 2397
431 2402
431 2408
431 2413
431 2491
431 2497
431 2909
431 3211
431 3280
433 2394
434 904
434 1089
435 538
436 726
436 1088
436 1102
436 1104
436 1108
436 1115
436 1120
436 1126
436 2394
436 2396
436 2400
436 2409
436 2411
436 2414
436 2490
440 2395
442 1160
444 599
444 883
444 1304
444 1312
444 1335
444 1703
444 1992
444 3025
444 3815
446 1296
448 525
448 540
448 556
448 605
448 622
448 717
448 726
448 751
448 807
448 883
448 884
448 895
448 929
448 979
448 1007
448 1204
448 1212
448 1220
448 1236
448 1279
448 1295
448 1298
448 1302
448 1417
448 1457
448 1466
448 1510
448 1539
448 1551
448 1555
448 1565
448 1578
448 1609
448 1610
448 1619
448 1632
448 1640
448 1641
448 1643
448 1646
448 1675
448 1677
448 1703
448 1736
448 1767
448 1781
448 1786
448 1857
448 1860
448 1861
448 1884
448 1885
448 1971
448 1973
448 1991
448 2024
448 2077
448 2096
448 2103
448 2106
448 2110
448 2138
448 2169
448 2177
448 2178
448 2185
448 2193
448 2201
448 2205
448 2234
448 2269
448 2270
448 2271
448 2272
448 2273
448 2274
448 2313
448 2343
448 2365
448 2520
448 2532
448 2538
448 2541
448 2561
448 2571
448 2579
448 2584
448 2587
448 2591
448 2597
448 2607
448 2625
448 2633
448 2663
448 2688
448 2704
448 2708
448 2711
448 2750
448 2754
448 2767
448 2769
448 2774
448 2777
448 2778
448 2920
448 2921
448 2950
448 2957
448 2959
448 2967
448 3073
448 3097
448 3113
448 3141
448 3231
448 3244
448 3276
448 3288
448 3291
448 3299
448 3306
448 3312
448 3333
448 3337
448 3361
448 3369
448 3371
448 3376
448 3393
448 3395
448 3396
448 3406
448 3409
448 3430
448 3447
448 3453
448 3459
448 3468
448 3470
448 3477
448 3494
448 3495
448 3498
448 3521
448 3525
448 3559
448 3560
448 3561
448 3562
448 3563
448 3564
448 3565
448 3566
448 3579
448 3594
448 3615
448 3617
448 3628
448 3634
448 3637
448 3639
448 3645
448 3654
448 3656
448 3658
448 3669
448 3688
448 3720
448 3724
448 3733
448 3740
448 3760
448 3769
448 3772
448 3773
448 3775
448 3781
448 3790
448 3813
448 3814
449 754
449 1010
449 1805
450 540
450 726
450 1300
450 1404
450 1629
450 1853
450 2116
450 2184
450 3302
450 3466
450 3502
450 3521
450 3589
450 3668
450 3760
450 3766
450 3798
451 692
451 714
451 3719
453 1082
453 3190
454 1448
456 676
456 2129
457 530
457 596
457 726
457 1382
457 1908
457 1925
457 2906
457 2924
457 3008
457 3045
457 3079
457 3084
457 3146
457 3148
459 531
460 1269
460 2036
460 2188
460 2780
460 2791
460 3063
461 1900
462 1897
462 1913
463 518
463 597
463 617
463 1300
463 1770
466 892
466 1979
468 643
468 726
468 1304
469 1269
472 3347
473 2187
474 488
475 482
478 479
479 480
479 481
479 1778
482 530
482 1340
482 2975
482 3150
483 484
483 485
483 486
483 540
483 553
483 554
483 726
483 1300
483 1469
483 1470
483 1471
483 1472
483 1473
483 1474
483 1475
484 537
484 643
484 647
484 1335
484 1949
484 1960
484 1988
484 2799
484 2897
484 3029
484 3073
484 3086
484 3102
484 3158
485 1057
485 1066
485 1080
485 1183
487 1147
488 1590
489 923
490 664
490 1063
490 1160
491 726
492 545
493 541
493 1507
497 2129
498 685
498 1137
498 1184
498 1188
498 1192
498 2378
498 2390
498 2392
498 2444
498 2450
498 2459
498 2471
498 2477
498 2484
498 2501
498 2502
498 2503
498 2510
498 3196
498 3197
498 3199
498 3208
498 3209
499 2886
500 763
500 1822
500 2129
500 2759
500 3227
500 3797
501 1061
503 2832
503 3123
505 540
505 726
505 827
505 1195
505 1253
505 1300
505 1506
505 1522
505 2073
505 2081
505 2354
505 3368
507 508
508 509
511 512
513 514
515 516
516 517
519 3052
520 1913
521 1370
522 626
522 890
522 1398
522 1770
522 1898
522 1925
522 2022
522 2041
522 2913
522 2955
522 3054
523 726
524 656
524 726
524 1290
524 1335
524 1349
524 1428
524 1447
524 1992
524 2051
524 2052
524 2696
524 2903
524 2965
524 3069
524 3074
524 3083
524 3111
524 3132
524 3143
525 893
525 1371
525 2836
527 618
528 599
528 2009
528 3433
529 890
529 1365
529 1964
529 2781
529 3124
531 574
531 632
531 636
531 1315
533 726
534 831
534 1488
537 540
537 787
537 921
537 1497
537 1499
537 1572
537 1618
537 1621
537 1770
537 2311
537 2334
537 3263
537 3295
537 3354
538 1131
538 1454
539 726
540 542
540 562
540 599
540 632
540 658
540 662
540 684
540 707
540 720
540 724
540 726
540 727
540 735
540 771
540 777
540 780
540 828
540 831
540 867
540 868
540 872
540 875
540 878
540 883
540 885
540 890
540 894
540 904
540 907
540 923
540 937
540 978
540 996
540 1012
540 1020
540 1026
540 1028
540 1033
540 1103
540 1197
540 1214
540 1215
540 1225
540 1251
540 1278
540 1280
540 1300
540 1305
540 1336
540 1358
540 1448
540 1449
540 1454
540 1466
540 1479
540 1487
540 1488
540 1511
540 1559
540 1566
540 1568
540 1586
540 1591
540 1601
540 1613
540 1622
540 1626
540 1637
540 1653
540 1660
540 1662
540 1691
540 1702
540 1739
540 1770
540 1776
540 1780
540 1835
540 1870
540 1896
540 1941
540 2089
540 2108
540 2129
540 2130
540 2160
540 2206
540 2221
540 2308
540 2328
540 2553
540 2576
540 2617
540 2635
540 2674
540 2802
540 3224
540 3238
540 3248
540 3330
540 3424
540 3460
540 3558
540 3590
540 3689
540 3717
540 3730
540 3785
541 945
541 1091
541 1104
541 1105
541 1115
541 1133
541 1832
541 2398
541 2401
541 2406
541 2493
542 1335
542 2840
542 2900
542 2991
543 726
543 2129
544 726
544 1526
544 3299
546 726
546 1780
548 657
549 726
550 1405
550 1928
551 1780
552 883
552 1215
555 726
557 930
561 568
561 570
563 726
565 707
567 726
569 726
569 1478
571 598
572 622
572 890
572 1298
572 1320
572 1367
572 1909
572 1950
572 1976
572 1978
572 2827
572 2863
572 2865
572 2879
572 2901
572 2928
572 2987
572 2991
572 3108
572 3133
573 1394
573 1770
573 2015
573 2878
573 2906
573 3039
574 654
576 1270
579 1900
580 1326
582 2886
583 1964
584 726
586 2801
587 726
587 893
587 3097
588 1409
588 3120
590 1300
591 2856
592 1770
594 603
594 2013
594 2031
594 2891
594 3119
595 3024
596 631
596 632
596 1420
596 1930
596 1931
596 2010
596 2055
596 2063
596 2779
596 3165
597 603
598 622
598 1298
599 643
599 726
599 953
599 1291
599 1297
599 1300
599 1308
599 1311
599 1335
599 1388
599 1407
599 1447
599 1895
599 1932
599 1972
599 1993
599 2009
599 2032
599 2044
599 2071
599 2884
599 2907
599 3007
599 3011
599 3033
599 3065
599 3085
599 3156
600 1971
600 1972
601 622
601 707
601 831
601 1416
601 3108
601 3133
601 3159
601 3544
602 2004
603 2034
603 3119
604 655
604 1011
606 643
606 1304
606 2787
607 2048
608 1900
608 2028
608 2850
608 3149
610 655
610 2070
611 1370
612 1370
612 2016
614 1335
614 2853
615 1432
615 1920
615 1944
616 726
616 1392
616 1441
616 1995
616 2025
616 2873
616 3016
617 619
617 620
617 621
617 622
617 623
617 640
617 655
617 890
617 1297
617 1311
617 1339
617 1383
617 1392
617 1424
617 1430
617 1912
617 1913
617 1916
617 1926
617 1932
617 1972
617 1979
617 1981
617 1993
617 2004
617 2006
617 2009
617 2076
617 2129
617 2782
617 2852
617 2976
617 3106
617 3139
618 624
618 1403
619 620
619 627
619 1285
619 1286
619 1348
619 1355
619 1366
619 1380
619 1979
619 2875
619 3048
619 3099
620 1276
620 1288
620 1310
620 1953
620 1955
620 1974
620 1987
620 1990
620 2027
620 2811
620 2813
620 2844
620 2856
620 2874
620 2904
620 2935
620 2981
620 3098
620 3102
620 3125
620 3134
620 3169
620 3179
621 1337
621 2033
621 2787
621 2837
621 2851
621 2852
621 3057
622 1416
622 1909
622 1950
622 2008
622 2075
622 2859
624 1436
624 1935
625 1995
625 2047
627 2209
627 3037
627 3181
629 650
630 1402
630 2050
630 2849
630 2905
630 2936
630 3081
632 890
632 1314
632 1335
632 1350
632 1372
632 2858
632 2907
632 2944
632 2961
632 3053
633 637
634 1296
635 655
637 1302
638 2846
639 1335
639 1941
639 2853
639 2947
640 2029
641 2053
643 1278
643 1280
643 1289
643 1304
643 1305
643 1336
643 1351
643 1358
643 1410
643 1414
643 1433
643 1982
643 1989
643 2076
643 2794
643 2799
643 2823
643 2983
644 1944
644 1953
645 650
645 1402
647 2012
647 2054
647 2937
647 3140
648 893
648 1391
648 2051
648 2962
648 3040
650 1317
650 1347
650 1357
650 1390
650 1401
650 1402
650 1405
650 1770
650 2042
651 1335
651 1422
651 1691
651 2002
651 2853
651 2934
655 1387
655 1970
655 2014
655 2072
655 2860
655 2864
655 3028
657 2082
658 726
658 883
658 1020
658 1495
658 1813
658 2114
658 2771
661 1451
664 758
666 1454
666 1488
668 707
668 726
669 726
670 726
672 878
672 915
672 1219
672 1492
672 1562
672 1582
672 1634
672 2109
672 2122
672 2570
672 2587
672 3576
672 3606
673 707
674 866
675 1402
677 726
678 1454
678 1488
679 831
681 1571
682 726
682 1891
682 3249
682 3738
683 726
684 726
684 1300
685 2450
686 2153
688 2015
690 1130
692 714
692 726
692 3453
693 2129
694 954
694 1515
697 3347
700 1167
700 1168
700 2129
700 2380
700 2382
700 2416
700 2421
701 831
701 1009
701 1488
701 1721
701 1797
701 2264
701 2640
702 726
702 1734
702 2692
702 2693
702 3727
703 704
705 2753
707 726
707 872
707 929
707 1040
707 1063
707 1280
707 1300
707 1311
707 1407
707 1451
707 1517
707 1568
707 1661
707 1662
707 1690
707 1896
707 2044
707 2637
707 2647
707 3147
707 3230
709 882
709 2588
710 726
712 726
712 2129
713 1586
715 726
715 1202
715 2603
715 2616
717 739
719 3422
719 3500
720 1009
720 1233
720 1300
720 1511
720 1626
720 1804
720 2098
720 2572
720 2654
720 2729
720 3228
720 3438
720 3444
720 3509
720 3735
721 3235
722 1662
723 1633
723 1780
723 3598
724 1776
725 726
725 795
725 814
725 822
725 899
725 905
725 1082
725 1145
725 1156
725 1173
725 2465
725 2468
725 3188
725 3189
726 727
726 728
726 730
726 734
726 744
726 749
726 758
726 764
726 769
726 770
726 772
726 777
726 778
726 780
726 781
726 784
726 788
726 796
726 797
726 799
726 800
726 802
726 804
726 808
726 815
726 821
726 823
726 824
726 825
726 830
726 831
726 865
726 866
726 867
726 868
726 871
726 872
726 876
726 878
726 883
726 886
726 888
726 894
726 898
726 900
726 902
726 903
726 908
726 911
726 912
726 920
726 922
726 923
726 924
726 925
726 930
726 933
726 934
726 939
726 943
726 949
726 960
726 961
726 962
726 963
726 964
726 965
726 966
726 967
726 969
726 974
726 975
726 982
726 985
726 986
726 992
726 996
726 1003
726 1016
726 1017
726 1026
726 1028
726 1033
726 1036
726 1037
726 1038
726 1042
726 1044
726 1047
726 1063
726 1073
726 1084
726 1085
726 1103
726 1124
726 1133
726 1139
726 1147
726 1150
726 1151
726 1155
726 1158
726 1161
726 1171
726 1172
726 1175
726 1181
726 1182
726 1195
726 1201
726 1203
726 1206
726 1210
726 1214
726 1219
726 1225
726 1229
726 1232
726 1233
726 1236
726 1239
726 1246
726 1247
726 1252
726 1275
726 1278
726 1279
726 1281
726 1290
726 1303
726 1309
726 1339
726 1350
726 1358
726 1381
726 1392
726 1424
726 1434
726 1454
726 1456
726 1457
726 1458
726 1464
726 1479
726 1488
726 1490
726 1498
726 1509
726 1513
726 1514
726 1534
726 1536
726 1539
726 1541
726 1553
726 1555
726 1558
726 1565
726 1569
726 1570
726 1573
726 1577
726 1585
726 1586
726 1589
726 1590
726 1593
726 1594
726 1596
726 1597
726 1600
726 1603
726 1605
726 1607
726 1611
726 1613
726 1620
726 1624
726 1625
726 1626
726 1633
726 1635
726 1639
726 1642
726 1651
726 1652
726 1655
726 1657
726 1659
726 1660
726 1663
726 1669
726 1672
726 1673
726 1679
726 1681
726 1682
726 1684
726 1685
726 1687
726 1695
726 1698
726 1700
726 1703
726 1708
726 1709
726 1712
726 1713
726 1715
726 1718
726 1723
726 1725
726 1736
726 1738
726 1739
726 1750
726 1754
726 1758
726 1765
726 1769
726 1770
726 1772
726 1773
726 1775
726 1776
726 1780
726 1782
726 1783
726 1787
726 1791
726 1793
726 1794
726 1797
726 1803
726 1805
726 1806
726 1808
726 1811
726 1814
726 1816
726 1819
726 1820
726 1821
726 1826
726 1830
726 1831
726 1832
726 1833
726 1838
726 1841
726 1842
726 1844
726 1846
726 1848
726 1849
726 1850
726 1852
726 1856
726 1858
726 1862
726 1864
726 1876
726 1879
726 1885
726 1887
726 1888
726 1927
726 1938
726 1953
726 1966
726 1973
726 1989
726 2001
726 2004
726 2014
726 2034
726 2048
726 2080
726 2092
726 2094
726 2095
726 2097
726 2105
726 2106
726 2112
726 2113
726 2114
726 2126
726 2129
726 2138
726 2139
726 2152
726 2156
726 2157
726 2161
726 2165
726 2168
726 2171
726 2173
726 2174
726 2180
726 2183
726 2186
726 2195
726 2196
726 2198
726 2205
726 2207
726 2211
726 2212
726 2213
726 2221
726 2224
726 2226
726 2229
726 2232
726 2238
726 2241
726 2245
726 2247
726 2248
726 2251
726 2253
726 2255
726 2264
726 2277
726 2282
726 2283
726 2284
726 2286
726 2287
726 2290
726 2304
726 2313
726 2314
726 2323
726 2326
726 2331
726 2333
726 2345
726 2355
726 2358
726 2359
726 2363
726 2381
726 2412
726 2498
726 2516
726 2517
726 2522
726 2527
726 2535
726 2536
726 2537
726 2540
726 2541
726 2545
726 2546
726 2548
726 2551
726 2571
726 2574
726 2577
726 2579
726 2580
726 2581
726 2589
726 2594
726 2606
726 2608
726 2611
726 2615
726 2622
726 2632
726 2653
726 2655
726 2656
726 2669
726 2673
726 2681
726 2683
726 2685
726 2687
726 2698
726 2701
726 2702
726 2704
726 2705
726 2709
726 2716
726 2732
726 2739
726 2740
726 2742
726 2743
726 2746
726 2755
726 2757
726 2795
726 2808
726 2810
726 2873
726 2886
726 2929
726 2952
726 3014
726 3030
726 3049
726 3186
726 3211
726 3217
726 3218
726 3222
726 3233
726 3243
726 3244
726 3246
726 3252
726 3253
726 3254
726 3255
726 3257
726 3260
726 3266
726 3279
726 3291
726 3292
726 3293
726 3294
726 3295
726 3296
726 3297
726 3298
726 3302
726 3304
726 3306
726 3307
726 3322
726 3323
726 3325
726 3327
726 3328
726 3329
726 3334
726 3337
726 3339
726 3344
726 3345
726 3348
726 3358
726 3361
726 3365
726 3375
726 3377
726 3381
726 3385
726 3389
726 3401
726 3410
726 3425
726 3428
726 3430
726 3432
726 3443
726 3449
726 3455
726 3462
726 3464
726 3466
726 3468
726 3469
726 3473
726 3478
726 3479
726 3480
726 3486
726 3487
726 3488
726 3506
726 3522
726 3525
726 3537
726 3541
726 3542
726 3551
726 3552
726 3553
726 3554
726 3555
726 3568
726 3569
726 3571
726 3573
726 3576
726 3578
726 3582
726 3583
726 3618
726 3624
726 3629
726 3642
726 3647
726 3648
726 3649
726 3650
726 3653
726 3656
726 3657
726 3659
726 3664
726 3665
726 3674
726 3679
726 3685
726 3697
726 3699
726 3700
726 3701
726 3704
726 3705
726 3715
726 3721
726 3729
726 3742
726 3755
726 3777
726 3778
726 3782
726 3791
726 3792
726 3795
726 3800
726 3802
726 3807
727 831
727 883
728 1215
728 2235
728 3660
729 2252
732 2113
733 1457
734 1454
735 1044
737 3241
742 754
743 1515
745 914
745 1014
745 1482
745 1521
745 1695
745 1742
745 1778
745 1823
745 1882
745 2280
745 2317
745 2321
745 2340
745 2547
745 2567
745 2588
745 3723
746 2165
746 2222
748 885
748 2432
748 2466
750 1339
754 1805
754 2672
755 1697
757 758
758 919
758 1021
758 1045
758 1051
758 1063
758 2482
758 2483
759 836
760 1454
760 2297
763 1695
764 831
765 1590
766 2593
768 1628
769 788
771 931
771 937
771 1044
771 2338
775 1732
776 2221
777 1836
777 2087
778 1780
780 1817
780 3234
780 3806
783 1776
785 940
786 968
786 1267
787 893
787 1706
787 2129
787 2131
787 2367
787 2714
787 3263
787 3750
788 948
788 975
788 1481
789 1802
791 905
792 2229
793 930
796 2373
796 2374
797 1574
799 1439
800 2735
801 802
801 899
802 1081
802 1085
802 1142
802 1173
802 1174
802 1175
802 1561
802 2427
802 2428
802 2429
802 2430
802 2431
802 2464
802 2469
802 3188
802 3189
802 3193
803 883
803 1454
803 2534
803 3271
804 1719
804 1770
804 2093
804 2129
805 1032
805 2082
806 1703
806 2681
809 1352
809 1498
809 1571
809 2207
809 3503
809 3680
810 1484
810 2259
810 2520
810 2648
810 3713
812 1697
813 2218
817 893
817 1504
817 2129
817 3694
818 879
818 1227
818 2681
818 3258
818 3299
819 2681
820 880
824 1227
824 2633
824 3637
826 1055
827 994
827 1138
828 1488
829 1454
829 2368
831 835
831 836
831 883
831 957
831 1026
831 1031
831 1300
831 1454
831 1586
831 1637
831 1653
831 1660
831 1718
831 1755
831 1870
831 1890
831 2191
831 2228
831 2231
831 2521
831 2737
831 2760
831 2766
831 3440
835 993
836 883
836 1829
836 2662
860 2681
862 930
863 1697
864 2315
864 3315
865 3557
867 1300
868 870
868 881
868 1300
868 1519
868 1831
868 2237
868 2242
868 2621
868 2626
868 3283
868 3494
868 3690
869 1266
870 1776
872 883
873 3313
878 879
878 1300
878 1705
878 1874
878 2115
878 2132
878 2210
878 2219
878 2220
878 2239
878 2666
878 2667
878 2725
878 2726
878 2727
878 2728
878 3331
878 3481
878 3658
878 3746
882 2362
883 912
883 930
883 973
883 1028
883 1029
883 1031
883 1103
883 1215
883 1253
883 1456
883 1467
883 1468
883 1479
883 1487
883 1488
883 1566
883 1570
883 1586
883 1613
883 1626
883 1630
883 1703
883 1716
883 1743
883 1770
883 1780
883 1781
883 1791
883 1804
883 1809
883 1941
883 1999
883 2091
883 2125
883 2221
883 2339
883 2528
883 2610
883 2617
883 2635
883 3259
883 3429
883 3741
885 1084
885 1173
885 1238
885 2427
885 2429
885 3188
887 1628
887 1726
887 1727
887 1731
887 2078
888 1703
889 1237
890 891
890 892
890 893
890 1053
890 1058
890 1099
890 1187
890 1300
890 1335
890 1338
890 1365
890 1399
890 1410
890 1428
890 1621
890 1807
890 1893
890 1943
890 1944
890 1992
890 2020
890 2037
890 2053
890 2070
890 2223
890 2240
890 2463
890 2481
890 2619
890 2646
890 2649
890 2650
890 2696
890 2836
890 2843
890 2845
890 2882
890 2920
890 3049
890 3053
891 911
891 2093
891 2388
891 2479
891 2753
891 3305
892 939
892 1201
892 1275
892 1435
892 1537
892 1553
892 1751
892 1807
892 1840
892 1897
892 1927
892 1973
892 2040
892 2048
892 2277
892 2684
892 2804
892 2910
892 3018
892 3160
893 939
893 1397
893 1400
893 1497
893 1741
893 1751
893 1773
893 1796
893 1926
893 2119
893 2187
893 2518
893 2582
893 2652
893 3297
893 3391
893 3677
893 3796
894 1300
894 1771
894 3509
895 2139
901 1229
904 1054
904 1066
904 1078
904 1154
904 1300
904 1776
904 2383
904 2420
904 2488
904 3186
904 3201
905 2433
905 2467
905 3191
908 2129
909 1237
910 1200
911 1189
911 1507
913 1061
915 3049
916 930
917 918
917 1849
919 1063
920 1456
921 1499
923 1438
923 2651
923 3295
923 3454
927 2749
928 1103
928 2387
930 934
930 942
930 948
930 950
930 1033
930 1043
930 1171
930 1197
930 1210
930 1221
930 1300
930 1352
930 1411
930 1500
930 1528
930 1531
930 1567
930 1637
930 1719
930 1736
930 1737
930 1763
930 1780
930 1813
930 1848
930 1857
930 1863
930 2088
930 2130
930 2138
930 2162
930 2200
930 2228
930 2291
930 2306
930 2358
930 2548
930 2630
930 2689
930 2718
930 2772
930 2782
930 2820
930 2895
930 3225
930 3268
930 3282
930 3339
930 3362
930 3374
930 3411
930 3421
930 3458
930 3475
930 3634
930 3651
930 3737
930 3763
932 1196
933 1616
933 2336
935 1643
937 1456
937 1724
939 1532
939 1592
939 1770
939 1827
939 2155
939 2275
939 2320
939 2342
939 2746
939 2763
939 3308
939 3324
939 3350
939 3437
939 3593
939 3604
939 3622
939 3635
939 3759
940 1215
941 3299
942 1703
944 1454
945 1110
949 1227
949 3299
954 990
954 1201
954 2277
956 1770
967 3184
970 996
974 1488
975 1454
977 1063
977 1064
977 1248
978 3744
978 3758
979 2107
981 1454
981 1488
981 1570
983 2286
986 3805
991 1705
994 1138
994 2477
995 1160
996 1546
996 3375
996 3394
999 1780
1001 1728
1001 1729
1001 1733
1001 2600
1005 1742
1005 2362
1006 1703
1007 1488
1011 1215
1011 1379
1011 1416
1011 1952
1011 1978
1011 2006
1011 2067
1011 2814
1011 2827
1011 2840
1011 2857
1011 2865
1011 2876
1011 2901
1011 2945
1011 3091
1012 1568
1014 1695
1015 3719
1016 2689
1016 3291
1016 3711
1016 3748
1017 2442
1017 2483
1020 1454
1021 2447
1022 1703
1022 3349
1022 3540
1022 3585
1023 2684
1027 3771
1028 1300
1028 1652
1029 1488
1029 3381
1029 3508
1029 3794
1032 2261
1033 1300
1033 1586
1033 1596
1033 1689
1033 1707
1033 1809
1033 1873
1033 2197
1033 2360
1033 2450
1033 2528
1033 2734
1033 3286
1033 3747
1033 3780
1034 1073
1040 1335
1040 1411
1044 3590
1047 1063
1047 2447
1048 1063
1049 1063
1050 1063
1051 1063
1052 1185
1052 1770
1055 1770
1056 1061
1056 1063
1056 1072
1059 1160
1059 2374
1060 1063
1060 1067
1061 1063
1061 1069
1061 1070
1061 1183
1061 1190
1061 1507
1061 2393
1061 2420
1062 1187
1063 1065
1063 1068
1063 1069
1063 1070
1063 1074
1063 1075
1063 1076
1063 1144
1063 1150
1063 1159
1063 1160
1063 1479
1063 2379
1063 2382
1063 2446
1063 2451
1063 2478
1063 2479
1063 2481
1063 2958
1063 3200
1073 1160
1073 2372
1073 2460
1073 2461
1073 2476
1073 2485
1073 2509
1077 2374
1077 2474
1079 1156
1080 1166
1083 2430
1087 1122
1089 1103
1091 2410
1091 2412
1092 1123
1093 1107
1093 1124
1093 1160
1093 2489
1094 1120
1097 1103
1098 1103
1100 1160
1100 2412
1101 1127
1103 1109
1103 1111
1103 1117
1103 1123
1103 2395
1103 2405
1103 3551
1108 1119
1109 1134
1114 1127
1116 1118
1117 1120
1118 2403
1118 2407
1118 2495
1121 1179
1124 1127
1127 2399
1127 2400
1129 2395
1135 1187
1136 2375
1138 2375
1140 1507
1141 1187
1143 1166
1147 1148
1147 1770
1147 1979
1149 1479
1149 1888
1151 1178
1152 1155
1152 2372
1153 1158
1153 2508
1155 1157
1155 2384
1156 1238
1156 2430
1158 1770
1160 2403
1160 2470
1162 1770
1164 1169
1164 2486
1164 3198
1165 1166
1165 2463
1166 1169
1166 2129
1166 2381
1166 2418
1166 2419
1166 2421
1166 2500
1166 3198
1169 2382
1170 2499
1170 2515
1172 1507
1172 2424
1176 1507
1177 2375
1182 1507
1184 2392
1185 1770
1187 2435
1187 2462
1193 2450
1196 1511
1196 3638
1198 2011
1200 1502
1200 3528
1201 1213
1201 1455
1201 1486
1201 2014
1201 2121
1201 2129
1201 2147
1201 2302
1201 2344
1201 2607
1201 2623
1201 2695
1201 3236
1201 3341
1201 3414
1201 3450
1201 3507
1201 3536
1201 3567
1201 3666
1201 3676
1201 3703
1201 3764
1201 3810
1201 3811
1204 3453
1208 3248
1209 1586
1211 1780
1211 3248
1213 2277
1215 1300
1215 1567
1215 1776
1215 2129
1215 2151
1215 2542
1215 2654
1215 3672
1215 3783
1217 1481
1220 1780
1225 1300
1225 1396
1225 3006
1225 3669
1226 1586
1227 3405
1229 1501
1229 2083
1229 2254
1229 2531
1229 2554
1229 2558
1229 2639
1229 2665
1229 2751
1229 3284
1229 3285
1229 3512
1229 3591
1229 3592
1229 3602
1229 3644
1230 1488
1230 1780
1235 1456
1235 1692
1237 2129
1241 2218
1242 1743
1243 2129
1244 2129
1245 1703
1246 2676
1249 1703
1250 2129
1251 1335
1251 1361
1253 1456
1253 2306
1253 2668
1253 3670
1255 1580
1259 1780
1264 2206
1269 1300
1269 1346
1269 1437
1269 1904
1269 1929
1269 1940
1269 1967
1269 2030
1269 2792
1269 2795
1269 2848
1269 2867
1269 2868
1269 3116
1270 1300
1270 1335
1270 1395
1270 1832
1270 1896
1270 1951
1270 2798
1270 2853
1270 2903
1270 3031
1270 3050
1270 3088
1272 2031
1272 2034
1273 1300
1274 1355
1275 1770
1276 1293
1277 1292
1278 1335
1278 1399
1278 2044
1278 2209
1279 2946
1279 3130
1280 1335
1280 2841
1281 1979
1283 1350
1284 1900
1284 1917
1285 1900
1286 1917
1287 1900
1288 1944
1288 1953
1289 1304
1290 1296
1290 1351
1290 1905
1290 1906
1290 1912
1290 1916
1290 1917
1290 1918
1290 1919
1290 1920
1290 1921
1290 1922
1290 1989
1290 2051
1290 2810
1290 2965
1290 2966
1290 2976
1292 3150
1293 2053
1293 2061
1293 2939
1294 2019
1294 3026
1295 3053
1296 1343
1296 1915
1296 1965
1296 2049
1296 2825
1296 2842
1296 3012
1296 3019
1296 3046
1296 3067
1296 3071
1296 3072
1296 3089
1296 3122
1297 1982
1297 2854
1297 3028
1297 3044
1297 3135
1297 3142
1299 1300
1299 2051
1300 1305
1300 1335
1300 1362
1300 1374
1300 1392
1300 1454
1300 1479
1300 1488
1300 1568
1300 1660
1300 1662
1300 1702
1300 1739
1300 1776
1300 1896
1300 2073
1300 2129
1300 2617
1300 2784
1300 2795
1300 2830
1300 3110
1300 3248
1301 1374
1302 2031
1302 2034
1302 2062
1302 2829
1302 2887
1302 2891
1302 3151
1303 1770
1304 1364
1304 1414
1304 1433
1304 2076
1304 2794
1304 2983
1304 3047
1304 3093
1305 1358
1305 1832
1305 2794
1305 2799
1306 1312
1307 2053
1313 3006
1314 2974
1314 3011
1314 3033
1314 3091
1316 1989
1318 2951
1320 1922
1321 1325
1321 1329
1321 1330
1321 1331
1322 1328
1323 1334
1325 1326
1325 1327
1325 1332
1332 1333
1335 1336
1335 1358
1335 1374
1335 1389
1335 1393
1335 1404
1335 1425
1335 1428
1335 1431
1335 1438
1335 1466
1335 1560
1335 1951
1335 1963
1335 1966
1335 1982
1335 2009
1335 2032
1335 2195
1335 2803
1335 2830
1335 2839
1335 2853
1335 3044
1335 3143
1335 3157
1336 1942
1336 2790
1336 3083
1339 2965
1341 1402
1342 1370
1343 2004
1344 1402
1347 1402
1349 1374
1350 1369
1350 1418
1350 1947
1350 2872
1350 2946
1350 2962
1350 3040
1351 1940
1351 2796
1354 1441
1358 2823
1359 1927
1360 1900
1360 1943
1361 1399
1362 1374
1362 1982
1362 2066
1363 1979
1365 1995
1366 2834
1366 2956
1368 1900
1370 1770
1370 1903
1370 2869
1374 1393
1377 1770
1377 2867
1378 1979
1379 2038
1380 2209
1383 1918
1383 2793
1383 3153
1383 3175
1386 2886
1387 1905
1388 1969
1388 2826
1388 2853
1388 2870
1389 1395
1389 1479
1389 1975
1389 2021
1389 2024
1389 2933
1389 2939
1389 2973
1389 3083
1392 1670
1392 1906
1392 2997
1392 3124
1392 3163
1392 3171
1393 2853
1395 1896
1395 3074
1397 1994
1397 3005
1402 1907
1402 2883
1402 2927
1402 2938
1402 2979
1402 2985
1402 3000
1402 3003
1402 3032
1402 3056
1402 3058
1402 3059
1402 3075
1402 3080
1402 3081
1402 3100
1402 3112
1406 1898
1408 3053
1409 1899
1409 1961
1410 2796
1410 2823
1412 3053
1416 1977
1416 2810
1416 2945
1419 1982
1420 1931
1421 2915
1422 1982
1424 2069
1426 1972
1428 1770
1428 1950
1428 1980
1429 1900
1430 1770
1431 1896
1431 1982
1434 1770
1434 1939
1434 1991
1434 2819
1434 2835
1434 2908
1434 2968
1434 2997
1434 3023
1435 1919
1435 2037
1439 1944
1440 1963
1440 2075
1440 2076
1442 2833
1444 2040
1446 2810
1448 2139
1448 2568
1448 2645
1448 3223
1448 3240
1448 3346
1448 3474
1448 3490
1448 3511
1449 1559
1449 1776
1450 1770
1451 2151
1451 2563
1453 2681
1453 3299
1454 1491
1454 1533
1454 1597
1454 1630
1454 1636
1454 1660
1454 1668
1454 1704
1454 1716
1454 1725
1454 1737
1454 1743
1454 1801
1454 1834
1454 1845
1454 1941
1454 2154
1454 2218
1454 2254
1454 2337
1454 2530
1454 2564
1454 3284
1454 3415
1454 3463
1454 3476
1454 3489
1454 3514
1454 3570
1454 3673
1454 3695
1455 2277
1456 1490
1456 1516
1456 1587
1456 1622
1456 1707
1456 1814
1456 1824
1456 2149
1456 2228
1456 2332
1456 3270
1456 3303
1456 3320
1456 3349
1456 3351
1456 3403
1456 3530
1456 3608
1457 2713
1461 1693
1461 1703
1463 2129
1464 1479
1464 2638
1466 1776
1466 3103
1467 1776
1468 1469
1469 1631
1469 1648
1469 2133
1469 2316
1469 2487
1469 2579
1469 3368
1469 3392
1469 3485
1470 1476
1471 1477
1472 2266
1472 3352
1472 3374
1472 3501
1472 3754
1473 3805
1474 2268
1474 3250
1479 1489
1479 1568
1479 1658
1479 1770
1479 1864
1479 1968
1479 2227
1479 2309
1479 2375
1479 2688
1479 2838
1479 3029
1479 3237
1479 3241
1479 3370
1479 3404
1479 3443
1481 1703
1487 3446
1487 3499
1487 3513
1488 1516
1488 1533
1488 1538
1488 1556
1488 1586
1488 1692
1488 1756
1488 1776
1488 1785
1488 2106
1488 2139
1488 2170
1488 2172
1488 2191
1488 2301
1488 2315
1488 2324
1488 2356
1488 2526
1488 2533
1488 2564
1488 2569
1488 2732
1488 2769
1488 3218
1488 3219
1488 3226
1488 3228
1488 3249
1488 3270
1488 3394
1488 3408
1488 3440
1488 3512
1488 3548
1488 3549
1488 3553
1488 3558
1488 3597
1488 3626
1488 3701
1488 3749
1491 2221
1492 2327
1497 1499
1497 3366
1499 1572
1499 1575
1499 2334
1499 2367
1499 2714
1499 3295
1499 3354
1499 3750
1506 3614
1507 1871
1507 2129
1507 2374
1507 2375
1507 2500
1508 2129
1510 1668
1510 2751
1510 3591
1516 3693
1519 1802
1520 2325
1522 1703
1523 3268
1524 2698
1528 2252
1530 1770
1531 1683
1531 1703
1535 3784
1539 3216
1546 2206
1548 2219
1552 2206
1554 3739
1556 1861
1556 3399
1557 1780
1557 1805
1558 3310
1559 1626
1567 1798
1570 2150
1571 1652
1571 2214
1571 2635
1572 1575
1575 2199
1583 1673
1583 1703
1584 1703
1585 2107
1586 1627
1586 1628
1586 1699
1586 1721
1586 1726
1586 1727
1586 1728
1586 1729
1586 1730
1586 1733
1586 1734
1586 1876
1586 2079
1586 2089
1586 2353
1586 2566
1586 2600
1586 2601
1586 2602
1586 2690
1586 2691
1586 2692
1586 2693
1586 2718
1586 2756
1586 3534
1588 2135
1591 1770
1598 2244
1598 2604
1598 3610
1600 1628
1600 1681
1600 2222
1602 1703
1603 1770
1613 1695
1613 2184
1613 3212
1613 3499
1613 3630
1618 3295
1619 2627
1619 3221
1621 2131
1621 2334
1621 2367
1622 2631
1626 1804
1626 2151
1626 2743
1626 2779
1626 2830
1633 1675
1633 2129
1638 1802
1639 1890
1639 2096
1639 3543
1660 3625
1660 3768
1662 2778
1665 2129
1676 2129
1677 3405
1681 2619
1683 2129
1683 2548
1683 3373
1685 3598
1691 1776
1691 2654
1692 2149
1692 3290
1692 3693
1695 2317
1695 2592
1695 3342
1696 2290
1697 1701
1697 1800
1697 2129
1697 2140
1697 2179
1697 2753
1697 3316
1697 3340
1697 3386
1699 2718
1703 1720
1703 1757
1703 1778
1703 1790
1703 1843
1703 1845
1703 1866
1703 2142
1703 2171
1703 2204
1703 2251
1703 2296
1703 2300
1703 2351
1703 2523
1703 2526
1703 2529
1703 2541
1703 2584
1703 2594
1703 2630
1703 2654
1703 2702
1703 2752
1703 2772
1703 3228
1703 3232
1703 3291
1703 3326
1703 3338
1703 3383
1703 3384
1703 3395
1703 3421
1703 3438
1703 3501
1703 3524
1703 3531
1703 3616
1703 3632
1703 3633
1703 3651
1703 3668
1703 3675
1703 3706
1703 3725
1703 3744
1703 3761
1703 3770
1703 3776
1703 3793
1703 3808
1710 1727
1710 3719
1714 1878
1714 2636
1716 2336
1717 3785
1719 1784
1719 2277
1719 2652
1722 1780
1731 3273
1732 3613
1736 2109
1736 2570
1736 3267
1741 1770
1742 1770
1742 3734
1743 1776
1743 2129
1743 2226
1743 3455
1743 3705
1753 3355
1756 2066
1756 2624
1756 3472
1758 3366
1760 2129
1770 1773
1770 1883
1770 1897
1770 1910
1770 1923
1770 1933
1770 1954
1770 1979
1770 1986
1770 1988
1770 1989
1770 2017
1770 2031
1770 2035
1770 2045
1770 2119
1770 2277
1770 2374
1770 2452
1770 2620
1770 2686
1770 2802
1770 2803
1770 2839
1770 2853
1770 2889
1770 2898
1770 2961
1770 2964
1770 2972
1770 2975
1770 3018
1770 3030
1770 3049
1770 3160
1770 3222
1770 3237
1770 3248
1770 3251
1770 3275
1770 3754
1773 3402
1776 1835
1776 1999
1776 2089
1776 2129
1776 2237
1776 2733
1776 3215
1776 3283
1776 3424
1776 3655
1778 2259
1778 2552
1778 2555
1778 2648
1778 3261
1779 3532
1780 1786
1780 2163
1780 2298
1780 3336
1780 3469
1780 3515
1780 3638
1781 2129
1793 2726
1794 3609
1796 3366
1799 2217
1802 2632
1805 1855
1805 2100
1805 2164
1805 2182
1805 2243
1805 2294
1805 2357
1805 2658
1805 3575
1805 3714
1807 1827
1807 2155
1807 2643
1807 3367
1810 2724
1810 3529
1810 3646
1821 3365
1828 2619
1829 2680
1832 3272
1835 2246
1840 1979
1843 3736
1846 2129
1847 3646
1860 3631
1874 2129
1878 2215
1888 3235
1893 1982
1894 2833
1896 2788
1896 2947
1896 3090
1897 2845
1900 1901
1900 1957
1900 1979
1900 2060
1900 2876
1900 2970
1900 3062
1900 3161
1905 2814
1911 1952
1911 2853
1912 1913
1912 1915
1912 1985
1913 1914
1913 1915
1913 1916
1913 1985
1913 2972
1914 1916
1917 1924
1917 2801
1917 2875
1917 3062
1918 2944
1918 3034
1918 3061
1918 3106
1919 2980
1919 2984
1919 3137
1920 1953
1921 3214
1922 1978
1922 2900
1926 2037
1929 2929
1932 3041
1932 3147
1934 2961
1938 1979
1941 2066
1941 2129
1943 3174
1944 1955
1944 1987
1944 2067
1944 2785
1944 2874
1944 2935
1944 3168
1946 2059
1946 2820
1946 2868
1951 2843
1951 2853
1951 2877
1951 2942
1951 3090
1953 1990
1953 2067
1953 2990
1953 3168
1954 2821
1954 2924
1954 3008
1954 3021
1954 3180
1958 2932
1958 3175
1961 2868
1963 2129
1964 3076
1968 3063
1970 2014
1971 1972
1972 2992
1972 3153
1973 2018
1973 2916
1973 2941
1973 2949
1973 2999
1973 3113
1973 3126
1973 3128
1977 2810
1979 2277
1979 2478
1979 2807
1979 2817
1979 3152
1979 3391
1980 2877
1982 2032
1982 2066
1982 2068
1982 2790
1982 2811
1982 2822
1982 2860
1982 2931
1982 2934
1982 2982
1982 2984
1982 3031
1982 3069
1982 3077
1982 3162
1982 3167
1983 3049
1984 3009
1986 1989
1989 2879
1990 2838
1996 2976
1997 3036
2000 2016
2000 3171
2001 2129
2001 3001
2003 2053
2004 2918
2005 2886
2005 2948
2007 2833
2009 2056
2009 3033
2010 3052
2011 3043
2016 3082
2017 2051
2018 2129
2022 2886
2023 2053
2029 2786
2029 2866
2031 2034
2031 2885
2032 2066
2032 2943
2032 3114
2034 2894
2034 3060
2034 3172
2035 2129
2035 2998
2037 2980
2038 2836
2038 3066
2038 3155
2039 2886
2040 2805
2043 2045
2044 2853
2045 2849
2045 2886
2045 3178
2046 2833
2050 2058
2051 2996
2053 2818
2053 2884
2053 3007
2061 3118
2064 2782
2065 3006
2065 3049
2065 3129
2066 2654
2066 2839
2067 2990
2070 2800
2074 2898
2076 3139
2081 2123
2082 2129
2082 3550
2088 2358
2089 2167
2089 2328
2101 3359
2101 3597
2113 2120
2113 2236
2113 2562
2113 3493
2117 2218
2122 3491
2126 2617
2127 2617
2128 2617
2129 2186
2129 2211
2129 2235
2129 2277
2129 2279
2129 2324
2129 2348
2129 2517
2129 2560
2129 2581
2129 2617
2129 2641
2129 2675
2129 2706
2129 2715
2129 2731
2129 2738
2129 2741
2129 2748
2129 3244
2129 3257
2129 3289
2129 3328
2129 3404
2129 3423
2129 3448
2129 3465
2129 3480
2129 3483
2129 3547
2129 3552
2129 3603
2129 3608
2129 3612
2129 3629
2129 3640
2129 3641
2129 3643
2129 3667
2129 3671
2129 3679
2129 3716
2129 3728
2129 3742
2129 3756
2130 3757
2132 2166
2132 3238
2132 3321
2132 3496
2139 2264
2139 2719
2139 3458
2139 3809
2151 3720
2157 2682
2158 3277
2158 3377
2162 3612
2165 3694
2190 3248
2200 2694
2215 3266
2215 3732
2229 3347
2246 2308
2246 2553
2246 3248
2252 2257
2252 2564
2252 2662
2252 3274
2252 3442
2252 3697
2252 3794
2277 2623
2285 2342
2286 3388
2319 2803
2334 3799
2351 3736
2371 2505
2373 2458
2375 2376
2375 2377
2375 2422
2375 2436
2375 2437
2375 2438
2375 2439
2375 2440
2375 2441
2375 2462
2375 3183
2375 3195
2382 2421
2386 2487
2386 2510
2392 2453
2392 2456
2392 2475
2395 2411
2395 2414
2395 2492
2395 2494
2403 3201
2403 3497
2403 3751
2417 2486
2419 3710
2423 2477
2423 2487
2430 3192
2432 3187
2438 2439
2448 2450
2449 2450
2450 2454
2450 2455
2450 2457
2450 2484
2450 2487
2450 2504
2450 2513
2450 2514
2450 3185
2450 3205
2450 3210
2453 2475
2453 3816
2456 3204
2463 3207
2486 2506
2492 2496
2505 3202
2516 2617
2531 2665
2539 3248
2548 3343
2549 2550
2549 3376
2564 3381
2599 2600
2607 3256
2609 3586
2613 2683
2613 3416
2619 2686
2652 3245
2654 3090
2654 3576
2665 3602
2681 2762
2696 2700
2698 2699
2704 2738
2706 3402
2753 3575
2758 3633
2770 3567
2782 3135
2783 3687
2789 3049
2792 2971
2792 3172
2795 2833
2795 2868
2803 2899
2803 3025
2803 3127
2807 2993
2810 2879
2810 2969
2828 2833
2831 3144
2831 3182
2832 2881
2844 2931
2853 2870
2853 3077
2855 3004
2856 2880
2862 2909
2862 3034
2868 3109
2871 3049
2878 3001
2886 2888
2886 2892
2886 2913
2886 3024
2886 3038
2886 3052
2886 3064
2886 3136
2890 3049
2896 3093
2896 3094
2896 3095
2896 3096
2898 3043
2910 3121
2912 3156
2914 3041
2915 2977
2916 3433
2919 3433
2920 2952
2920 3166
2920 3170
2921 3034
2922 3036
2923 3027
2926 2989
2930 2975
2931 3176
2941 3433
2949 2950
2957 2976
2966 3035
2967 3010
2975 3055
2976 3106
2976 3138
2986 3009
2988 3683
2996 3042
3049 3129
3049 3551
3053 3109
3093 3094
3093 3096
3105 3116
3105 3166
3110 3111
3113 3128
3131 3687
3142 3177
3244 3333
3248 3351
3248 3411
3248 3424
3248 3686
3248 3803
3297 3588
3308 3350
3308 3366
3308 3604
3322 3332
3347 3427
3347 3719
3366 3467
3366 3523
3367 3604
3461 3463
3517 3556
3533 3538
3548 3553
3562 3722
3596 3739
3758 3780
3767 3783
