200 1142
1 2
1 21
1 22
1 65
1 66
1 101
1 102
1 105
1 106
1 109
1 110
1 139
1 140
2 21
2 22
2 65
2 66
2 101
2 102
2 105
2 106
2 109
2 110
2 139
2 140
3 4
3 7
3 8
3 15
3 46
3 106
3 131
3 197
4 15
4 45
4 46
4 63
4 64
4 105
4 106
4 131
4 132
4 197
4 198
5 6
5 9
5 10
5 41
5 42
5 199
5 200
6 9
6 10
6 41
6 42
6 199
6 200
7 8
7 37
7 38
7 61
7 62
7 111
7 112
7 160
7 161
7 162
7 167
7 168
8 37
8 38
8 111
8 112
8 113
8 114
8 159
8 160
8 161
8 162
8 168
9 10
9 41
9 42
9 199
9 200
10 41
10 42
10 199
10 200
11 12
11 15
11 16
11 19
11 20
11 80
11 95
11 96
11 135
11 183
11 184
12 20
12 23
12 24
12 79
12 80
12 95
12 96
12 135
12 183
12 184
13 14
13 35
13 36
13 64
13 117
13 118
13 161
13 162
13 169
13 170
14 36
14 64
14 95
14 96
14 115
14 116
14 117
14 118
14 169
14 170
15 16
15 45
15 46
15 79
15 80
15 105
15 106
15 132
15 197
16 46
16 105
16 106
16 132
16 197
16 198
16 199
16 200
17 18
17 23
17 24
17 25
17 27
17 28
17 59
17 76
17 93
17 94
18 25
18 76
18 93
18 94
19 20
19 95
19 96
19 135
19 136
19 183
19 184
20 79
20 80
20 81
20 82
20 135
20 136
20 183
20 184
21 22
21 63
21 64
21 65
21 66
21 101
21 102
21 109
21 110
21 139
21 140
22 65
22 66
22 101
22 102
22 109
22 110
22 139
22 140
23 24
23 31
23 32
23 99
23 100
23 129
23 130
23 133
23 134
23 139
23 140
23 141
23 142
24 31
24 32
24 99
24 100
24 117
24 118
24 129
24 130
24 133
24 134
24 141
24 142
25 26
25 27
25 28
25 47
25 48
25 59
25 60
25 75
25 76
25 93
25 94
26 28
26 59
26 60
26 71
26 72
26 75
26 76
26 93
26 94
27 28
27 59
27 60
27 76
27 93
27 94
28 59
28 75
28 76
28 87
28 88
28 93
28 94
29 30
29 33
29 57
29 58
29 77
29 78
29 97
29 177
30 33
30 58
30 71
30 72
30 77
30 97
30 98
30 177
30 178
31 32
31 67
31 68
31 99
31 100
31 129
31 130
31 133
31 134
31 141
31 142
32 99
32 100
32 129
32 130
32 131
32 132
32 133
32 134
32 141
32 142
33 34
33 57
33 59
33 60
33 77
33 78
33 98
33 178
34 57
34 77
34 97
34 98
34 177
34 178
35 36
35 63
35 64
35 115
35 116
35 117
35 169
35 170
36 63
36 115
36 116
36 117
36 118
36 170
37 38
37 95
37 96
37 111
37 160
37 161
37 167
37 168
38 111
38 112
38 145
38 146
38 159
38 160
38 162
38 167
38 168
39 40
39 43
39 113
39 114
39 149
39 150
39 175
39 176
39 189
39 190
40 43
40 44
40 113
40 114
40 149
40 150
40 185
40 186
40 189
40 193
41 42
41 199
41 200
42 199
42 200
43 44
43 114
43 150
43 189
43 194
44 114
44 149
44 150
44 189
44 190
44 193
44 194
44 197
44 198
45 46
45 105
45 106
45 129
45 130
45 131
45 198
46 105
46 106
46 117
46 118
46 131
46 132
46 197
46 198
47 48
47 49
47 50
47 81
47 82
47 107
47 108
47 123
47 124
47 155
47 156
47 173
47 174
48 49
48 50
48 81
48 82
48 99
48 100
48 123
48 124
48 155
48 156
48 173
48 174
49 50
49 81
49 82
49 123
49 124
49 145
49 146
49 155
49 156
49 173
49 174
50 81
50 82
50 123
50 124
50 155
50 156
50 161
50 162
50 173
50 174
51 52
51 61
51 62
51 85
51 86
51 89
51 90
51 125
51 126
51 127
51 128
51 157
51 158
52 85
52 86
52 89
52 90
52 97
52 98
52 125
52 126
52 127
52 128
52 157
52 158
53 54
53 71
53 72
53 84
53 87
53 88
53 137
53 138
53 187
54 71
54 72
54 83
54 84
54 87
54 88
54 137
54 138
54 187
54 188
55 56
55 61
55 62
55 103
55 104
55 147
55 148
55 171
55 172
55 181
55 182
55 191
55 192
56 61
56 62
56 89
56 90
56 103
56 104
56 147
56 148
56 171
56 172
56 181
56 182
57 58
57 71
57 72
57 77
57 78
57 97
57 98
57 177
57 178
58 77
58 78
58 97
58 98
58 178
58 179
58 180
59 60
59 75
59 76
59 93
60 76
60 89
60 90
60 94
61 62
61 103
61 104
61 147
61 148
61 171
61 172
61 181
61 182
62 103
62 104
62 107
62 108
62 147
62 148
62 171
62 172
62 181
62 182
63 64
63 105
63 106
63 115
63 116
63 117
63 169
63 170
64 115
64 116
64 118
64 169
64 170
65 66
65 101
65 102
65 109
65 110
65 139
65 140
66 101
66 102
66 109
66 110
66 139
66 140
66 177
66 178
67 68
67 83
67 84
67 91
67 92
67 145
67 146
67 152
67 180
67 185
68 91
68 92
68 151
68 152
68 179
68 186
68 195
68 196
69 70
69 121
69 144
69 153
69 154
69 179
69 180
69 192
69 195
70 121
70 122
70 143
70 144
70 153
70 154
70 195
71 72
71 83
71 84
71 85
71 86
71 87
71 88
71 137
71 187
72 84
72 87
72 137
72 138
72 187
72 188
73 74
73 108
73 119
73 120
73 163
73 164
73 165
73 166
73 173
73 174
73 175
74 107
74 108
74 120
74 163
74 164
74 165
74 166
74 175
74 176
75 76
75 93
75 94
76 93
76 94
77 78
77 97
77 98
77 177
77 178
78 97
78 98
78 177
78 178
79 80
79 95
79 96
79 135
79 187
79 188
80 96
80 135
80 136
80 184
81 82
81 101
81 102
81 123
81 124
81 155
81 156
81 173
81 174
82 123
82 124
82 155
82 156
82 163
82 164
82 173
82 174
83 84
83 87
83 88
83 137
83 138
83 149
83 150
84 88
84 119
84 120
84 137
84 138
84 187
84 188
85 86
85 89
85 90
85 93
85 94
85 125
85 126
85 127
85 128
85 157
85 158
86 89
86 90
86 125
86 126
86 127
86 128
86 157
86 158
86 167
86 168
87 88
87 121
87 122
87 137
87 138
87 187
88 137
88 187
89 90
89 125
89 126
89 127
89 128
89 157
89 158
90 125
90 126
90 127
90 128
90 157
90 158
91 92
91 105
91 106
91 151
91 152
91 179
91 180
91 185
91 186
92 145
92 146
92 152
92 180
92 185
92 186
93 94
94 175
94 176
95 96
95 125
95 126
95 135
96 135
96 136
96 184
96 187
96 188
97 98
97 155
97 156
97 177
97 178
98 177
98 178
98 195
98 196
99 100
99 129
99 130
99 133
99 134
99 141
99 142
100 129
100 130
100 133
100 134
100 141
100 142
101 102
101 109
101 110
101 139
101 140
102 109
102 110
102 139
102 140
103 104
103 147
103 148
103 171
103 172
103 181
103 182
104 147
104 148
104 171
104 172
104 181
104 182
105 106
105 131
105 132
105 197
105 198
106 131
106 132
106 197
106 198
107 108
107 119
107 120
107 121
107 122
107 163
107 164
107 165
107 166
107 176
108 119
108 120
108 163
108 164
108 165
108 166
108 175
108 176
109 110
109 139
109 140
110 139
110 140
110 149
110 150
111 112
111 137
111 138
111 160
111 161
111 162
112 160
112 161
112 162
112 168
113 114
113 149
113 189
113 191
113 192
113 194
114 149
114 189
114 193
115 116
115 117
115 118
115 170
116 118
116 169
116 171
116 172
117 118
117 169
117 170
118 170
118 179
118 180
119 120
119 164
119 165
119 166
119 167
119 168
119 175
120 164
120 165
120 175
120 176
120 187
120 188
121 122
121 133
121 134
121 143
121 144
121 153
121 154
121 191
121 192
121 196
122 143
122 149
122 150
122 191
122 192
122 195
122 196
123 124
123 155
123 156
123 173
123 174
124 155
124 156
124 173
124 174
125 126
125 127
125 128
125 157
125 158
126 127
126 128
126 157
126 158
127 128
127 133
127 134
127 157
127 158
128 157
128 158
129 130
129 133
129 134
129 141
129 142
130 133
130 134
130 135
130 136
130 141
130 142
131 132
131 139
131 140
131 197
131 198
132 197
132 199
132 200
133 134
133 137
133 138
133 141
133 142
134 141
134 142
135 136
135 183
135 184
136 183
136 184
137 138
137 145
137 146
138 188
139 140
140 173
140 174
141 142
142 165
142 166
143 144
143 153
143 192
143 193
143 194
143 195
144 154
144 191
144 192
144 195
144 196
145 146
145 147
145 148
145 151
145 152
145 180
145 185
145 186
146 152
146 179
146 185
146 186
147 148
147 171
147 172
147 181
147 182
147 183
147 184
148 171
148 172
148 181
148 182
149 150
149 189
149 190
149 193
150 189
150 190
150 193
150 194
151 152
151 180
151 186
152 179
152 185
152 186
153 154
153 192
153 195
153 196
154 191
154 192
154 195
155 156
155 173
155 174
155 181
155 182
156 173
156 174
156 179
156 180
157 158
158 165
158 166
159 160
159 161
159 162
159 165
159 166
159 167
159 168
160 161
160 162
160 168
161 162
161 167
161 168
161 197
161 198
162 167
162 168
162 197
162 198
163 164
163 165
163 166
163 176
163 189
163 190
164 165
164 166
164 175
164 176
164 197
164 198
165 166
165 175
165 176
166 175
166 176
167 168
168 169
168 170
169 170
170 177
170 178
171 172
171 181
171 182
172 181
172 182
173 174
173 193
173 194
174 191
174 192
175 176
176 183
176 184
177 178
178 185
178 186
179 180
179 185
179 186
180 185
180 186
181 182
182 189
182 190
183 184
184 189
184 190
185 186
185 195
185 196
186 191
186 192
187 188
188 197
188 198
189 190
189 191
189 192
189 193
189 194
190 193
190 194
191 192
191 195
191 196
192 195
192 196
193 194
194 197
194 198
195 196
196 197
196 198
197 198
198 199
198 200
199 200
