916 5177
1 2
1 9
1 10
1 19
1 20
1 37
1 38
1 77
1 78
1 183
1 184
1 217
1 218
1 915
1 916
2 9
2 10
2 19
2 20
2 37
2 38
2 77
2 78
2 183
2 184
2 217
2 218
2 915
2 916
3 4
3 274
3 463
3 531
3 532
3 577
3 584
4 505
4 506
5 6
5 549
5 573
5 574
5 637
5 638
5 856
6 107
6 381
6 638
6 745
6 746
6 821
6 855
7 8
7 43
7 44
7 65
7 115
7 182
7 189
7 190
7 237
7 296
7 362
8 61
8 62
8 66
9 10
9 19
9 20
9 37
9 38
9 77
9 78
9 183
9 184
9 217
9 218
9 915
9 916
10 19
10 20
10 37
10 38
10 77
10 78
10 183
10 184
10 217
10 218
10 915
10 916
11 12
11 30
11 56
11 61
11 62
12 14
12 53
12 54
12 55
12 80
12 151
13 14
13 115
13 116
14 30
14 56
14 61
14 62
15 16
15 659
15 660
15 714
15 743
16 273
16 274
16 287
16 459
16 460
16 714
17 18
17 27
17 28
17 141
17 303
17 304
17 507
18 174
18 303
18 304
18 504
18 567
18 568
18 609
19 20
19 37
19 38
19 77
19 78
19 183
19 184
19 217
19 218
19 915
19 916
20 37
20 38
20 77
20 78
20 183
20 184
20 217
20 218
20 915
20 916
21 22
21 76
21 113
21 114
21 146
21 202
21 621
21 622
22 32
22 45
22 46
22 158
22 201
22 245
22 621
23 24
23 102
23 254
23 313
23 378
24 285
24 314
24 377
24 378
24 415
24 416
24 437
24 438
25 26
25 164
25 177
25 178
25 225
25 226
25 329
26 34
26 81
26 165
26 166
26 177
26 226
26 264
27 28
27 29
27 30
27 33
27 163
27 164
27 264
27 329
28 57
28 58
28 264
29 30
29 39
29 40
29 80
29 151
29 152
30 53
30 54
30 79
30 123
30 151
31 32
31 181
31 182
31 201
31 621
32 76
32 205
32 206
33 34
33 81
33 82
33 178
33 215
33 216
33 330
34 163
34 164
34 225
34 226
34 264
35 36
35 203
35 443
35 473
35 741
35 742
36 444
36 673
36 674
37 38
37 77
37 78
37 183
37 184
37 217
37 218
37 915
37 916
38 77
38 78
38 183
38 184
38 217
38 218
38 915
38 916
39 40
39 93
39 94
39 105
39 106
39 210
40 85
40 86
40 209
40 439
40 915
40 916
41 42
41 46
41 143
41 279
42 141
42 142
42 221
43 44
43 65
43 67
43 115
43 116
43 238
43 303
43 304
43 362
44 67
44 182
44 235
44 236
44 361
45 46
45 136
45 144
45 222
45 279
45 345
45 407
45 583
45 584
46 385
46 386
47 48
47 56
47 124
47 637
47 638
48 61
48 73
48 74
49 50
49 100
49 273
49 274
49 307
50 325
50 326
50 409
50 410
51 52
51 54
51 111
51 112
51 179
51 180
51 201
51 202
51 318
51 391
51 908
52 54
52 112
52 893
53 54
53 112
53 357
53 358
53 908
54 317
54 907
55 56
55 123
56 61
56 75
56 76
56 80
57 58
57 61
57 62
57 156
57 351
57 363
58 121
58 294
58 514
58 617
58 618
59 60
59 119
59 269
59 348
60 93
60 167
60 169
60 170
60 193
60 194
61 62
61 80
61 123
62 79
62 80
62 327
62 328
63 64
63 146
63 202
63 621
63 853
63 854
64 155
64 156
65 66
65 67
65 116
65 181
65 237
65 238
65 279
65 280
65 296
66 181
66 237
66 295
66 296
67 68
67 181
67 361
68 115
68 181
68 295
68 296
69 70
69 165
69 166
69 347
69 348
69 423
70 247
70 248
70 265
70 266
70 380
70 423
70 424
70 475
70 890
71 72
71 85
71 86
71 231
71 232
71 338
71 425
72 130
72 134
72 231
72 337
72 338
72 411
72 412
72 425
72 509
73 74
73 331
73 332
73 485
73 486
73 611
73 612
73 745
73 746
73 783
73 784
73 803
73 804
73 831
73 832
73 853
73 854
74 331
74 332
74 485
74 486
74 611
74 612
74 745
74 746
74 783
74 784
74 803
74 804
74 831
74 832
74 853
74 854
75 76
75 95
75 96
75 158
76 145
77 78
77 183
77 184
77 217
77 218
77 915
77 916
78 183
78 184
78 217
78 218
78 915
78 916
79 80
79 151
81 82
81 163
81 164
81 263
82 163
82 329
82 441
82 442
83 84
83 297
83 643
83 644
83 727
84 372
84 397
84 398
84 648
85 86
85 92
85 133
85 134
85 137
85 138
85 209
85 210
86 209
86 281
87 88
87 153
87 154
87 163
87 164
87 195
87 196
87 275
87 276
87 335
87 336
87 545
87 546
87 655
87 656
87 689
87 690
87 731
87 732
88 153
88 154
88 161
88 162
88 195
88 196
88 275
88 276
88 335
88 336
88 545
88 546
88 655
88 656
88 689
88 690
88 731
88 732
89 90
89 105
89 106
89 114
89 306
89 534
90 113
90 114
91 92
91 138
91 915
91 916
92 105
92 106
92 138
92 175
92 176
93 94
93 120
93 170
93 270
93 327
93 328
93 348
94 605
95 96
95 310
95 824
96 735
96 736
96 823
96 891
96 892
97 98
97 129
97 206
97 509
98 129
98 130
98 231
98 232
98 338
98 426
98 433
98 434
98 509
98 510
99 100
99 211
99 225
99 226
99 323
99 350
99 411
99 416
100 211
100 289
100 290
100 349
101 102
101 253
101 263
101 264
101 313
101 377
101 479
101 535
102 286
102 437
102 438
103 104
103 127
103 301
103 495
103 496
104 127
104 145
104 146
104 147
104 220
105 106
105 137
105 138
105 915
105 916
106 203
106 204
106 914
107 108
107 382
107 748
107 855
107 856
108 381
108 382
108 549
108 637
108 801
108 802
108 821
108 856
109 110
109 161
109 307
109 308
109 513
109 514
110 156
110 364
111 112
111 197
111 198
111 391
111 893
112 237
112 238
112 317
112 318
112 391
112 392
112 894
113 114
113 190
113 305
113 534
114 186
114 189
114 199
114 616
115 116
115 181
115 182
115 187
115 188
115 237
115 296
115 362
116 296
117 118
117 257
117 258
117 328
117 492
117 539
117 540
117 635
118 257
118 327
118 340
118 363
118 364
118 635
118 786
119 120
119 269
119 348
119 609
119 610
120 168
120 170
120 193
120 194
121 122
121 156
121 161
121 352
122 294
123 124
123 139
123 140
124 151
124 152
125 126
125 147
125 148
125 191
125 192
125 223
125 326
125 676
126 191
126 223
126 249
126 257
126 258
126 497
126 585
126 586
127 128
127 147
127 219
127 489
127 490
127 551
127 567
128 148
128 220
128 371
128 372
129 130
129 231
129 426
130 151
130 152
130 206
130 425
130 510
131 132
131 141
131 375
131 376
132 375
132 507
132 508
133 134
133 337
133 338
134 206
134 231
134 232
134 337
134 338
135 136
135 143
135 912
136 144
136 221
136 346
136 511
136 512
137 138
137 171
137 172
138 281
138 282
139 140
139 479
139 480
139 521
139 548
139 677
139 778
140 315
140 548
140 877
140 878
141 142
142 173
142 505
142 506
142 610
143 144
143 159
143 160
144 280
144 345
144 911
145 146
147 148
147 220
147 302
147 431
147 497
147 498
147 551
147 567
148 431
148 543
148 544
149 150
149 299
149 300
149 399
149 400
149 553
149 554
149 579
149 580
149 659
149 660
149 663
149 664
149 753
149 754
149 779
149 780
150 299
150 300
150 399
150 400
150 553
150 554
150 579
150 580
150 659
150 660
150 663
150 664
150 753
150 754
150 779
150 780
151 152
152 337
152 338
153 154
153 195
153 196
153 275
153 276
153 335
153 336
153 361
153 362
153 545
153 546
153 655
153 656
153 689
153 690
153 731
153 732
154 195
154 196
154 275
154 276
154 335
154 336
154 545
154 546
154 655
154 656
154 689
154 690
154 731
154 732
155 156
155 294
155 321
155 322
155 513
156 294
156 337
156 338
156 514
157 158
157 173
157 174
157 621
158 201
158 202
158 246
159 160
159 244
159 462
159 599
159 609
159 610
159 671
160 244
160 353
160 599
160 637
160 638
160 653
160 671
161 162
161 337
161 338
161 351
161 352
161 513
162 294
162 351
162 364
162 514
162 695
162 696
163 164
163 178
163 237
163 238
163 264
163 330
164 226
165 166
165 173
165 174
165 632
165 890
166 265
166 469
166 470
166 631
166 632
166 889
167 168
167 606
168 194
168 269
168 313
168 314
168 605
169 170
169 194
169 605
170 269
170 551
170 552
171 172
171 187
171 188
171 441
171 442
171 449
171 450
171 487
171 488
171 557
171 558
171 695
171 696
171 801
171 802
171 829
171 830
171 849
171 850
172 187
172 188
172 441
172 442
172 449
172 450
172 487
172 488
172 557
172 558
172 683
172 684
172 695
172 696
172 801
172 802
172 829
172 830
173 174
173 303
173 376
173 407
173 408
173 507
175 176
175 320
175 384
175 430
175 501
175 502
175 623
175 681
175 682
176 281
176 282
176 384
176 501
176 502
176 624
177 178
177 226
178 263
178 264
178 330
179 180
179 214
179 318
179 913
179 914
180 229
180 230
180 318
181 182
181 296
182 238
182 295
183 184
183 217
183 218
183 915
183 916
184 217
184 218
184 915
184 916
185 186
185 267
185 268
185 356
185 534
186 191
186 192
186 306
186 356
187 188
187 441
187 442
187 449
187 450
187 487
187 488
187 525
187 526
187 557
187 558
187 695
187 696
187 801
187 802
187 829
187 830
188 441
188 442
188 449
188 450
188 487
188 488
188 525
188 526
188 557
188 558
188 695
188 696
188 801
188 802
188 829
188 830
189 190
189 305
189 615
190 355
190 533
191 192
191 223
191 272
191 325
191 497
191 509
191 510
192 250
192 497
192 498
192 586
193 194
193 270
193 347
194 657
194 658
195 196
195 275
195 276
195 279
195 280
195 335
195 336
195 545
195 546
195 655
195 656
195 689
195 690
195 731
195 732
196 275
196 276
196 335
196 336
196 545
196 546
196 655
196 656
196 689
196 690
196 731
196 732
197 198
197 239
197 240
197 387
197 388
197 559
197 560
197 683
197 684
197 717
197 718
197 771
197 772
197 773
197 774
197 815
197 816
197 827
197 828
198 239
198 240
198 387
198 388
198 529
198 530
198 559
198 560
198 683
198 684
198 717
198 718
198 771
198 772
198 773
198 774
198 827
198 828
199 200
199 209
199 210
199 356
200 305
200 306
200 533
200 801
200 802
201 202
201 622
202 246
203 204
203 443
203 473
203 665
203 681
203 682
204 269
204 270
204 344
204 474
204 608
205 206
205 479
205 480
205 510
206 232
207 208
207 451
207 452
207 453
207 454
207 601
207 602
207 657
207 658
207 729
207 730
207 793
207 794
207 857
207 858
207 871
207 872
207 877
207 878
208 451
208 452
208 453
208 454
208 601
208 602
208 657
208 658
208 729
208 730
208 793
208 794
208 857
208 858
208 877
208 878
209 210
209 235
209 236
209 439
209 913
210 281
210 565
210 566
211 212
211 307
211 324
211 349
211 350
211 410
211 411
212 317
212 318
212 324
212 410
212 415
213 214
213 363
213 364
213 894
214 317
214 392
214 894
215 216
215 273
215 274
215 584
215 601
215 602
216 463
216 511
216 577
216 583
216 791
216 792
217 218
217 915
217 916
218 915
218 916
219 220
219 467
219 468
219 482
220 431
220 482
220 557
220 558
221 222
221 407
221 408
221 912
223 224
223 271
223 272
223 321
223 322
223 326
223 586
225 226
225 263
225 327
225 328
226 263
226 853
226 854
227 228
227 435
227 436
227 519
227 520
227 641
227 642
227 723
227 724
227 731
227 732
227 733
227 734
227 741
227 742
227 795
227 796
227 843
227 844
228 435
228 436
228 519
228 520
228 641
228 642
228 723
228 724
228 733
228 734
228 741
228 742
228 795
228 796
228 843
228 844
229 230
229 421
229 422
229 447
229 448
229 479
229 480
229 563
229 564
229 587
229 588
229 619
229 620
229 693
229 694
229 703
229 704
229 759
229 760
230 421
230 422
230 447
230 448
230 563
230 564
230 587
230 588
230 619
230 620
230 691
230 692
230 693
230 694
230 703
230 704
230 759
230 760
231 232
231 357
231 358
231 425
231 509
233 234
233 531
233 532
234 413
234 414
234 533
234 534
234 688
234 710
234 787
235 236
235 401
235 402
235 531
235 532
235 711
235 712
235 791
235 792
235 833
235 834
235 843
235 844
235 861
235 862
235 865
235 866
235 875
235 876
236 401
236 402
236 531
236 532
236 711
236 712
236 791
236 792
236 833
236 834
236 861
236 862
236 865
236 866
236 875
236 876
237 238
239 240
239 387
239 388
239 399
239 400
239 559
239 560
239 683
239 684
239 717
239 718
239 771
239 772
239 773
239 774
239 827
239 828
240 387
240 388
240 405
240 406
240 559
240 560
240 683
240 684
240 717
240 718
240 771
240 772
240 773
240 774
240 827
240 828
241 242
241 582
241 713
241 737
241 738
241 749
242 581
242 585
242 586
242 627
242 714
242 743
243 244
243 491
243 492
243 600
244 353
244 354
244 461
244 600
244 653
244 671
244 672
244 767
244 910
245 246
247 248
247 443
247 474
247 607
247 666
247 675
247 676
247 702
248 343
248 509
248 510
248 608
249 250
249 271
249 272
249 326
249 771
249 772
250 541
250 542
251 252
251 561
251 595
251 596
251 613
251 614
252 497
252 498
252 556
252 561
252 595
252 596
252 645
252 646
252 789
253 254
253 305
253 306
253 313
253 314
253 536
254 286
254 313
254 479
255 256
255 384
255 673
255 674
256 493
256 494
257 258
257 327
257 328
257 339
257 340
257 509
257 510
257 636
257 786
258 328
258 345
258 346
258 357
259 260
259 334
259 396
259 517
260 327
260 328
260 395
260 471
260 472
260 496
260 515
261 262
261 427
261 573
261 665
261 666
261 879
261 901
261 902
262 427
262 428
262 574
262 667
262 668
262 905
262 906
263 264
263 330
264 330
265 266
265 469
265 470
265 475
265 476
265 632
266 417
266 418
267 268
267 521
267 548
267 777
267 831
267 832
268 315
268 465
268 491
268 492
268 521
268 522
268 548
269 270
269 605
270 903
270 904
271 272
271 325
271 326
271 497
271 659
271 660
271 675
271 676
272 497
272 498
272 586
272 675
272 676
273 274
273 284
273 463
273 495
273 496
273 511
273 577
273 583
274 578
274 584
274 705
275 276
275 335
275 336
275 545
275 546
275 655
275 656
275 689
275 690
275 721
275 722
275 731
275 732
276 335
276 336
276 545
276 546
276 655
276 656
276 689
276 690
276 731
276 732
277 278
277 287
277 288
277 457
277 680
277 758
277 847
277 848
277 883
277 884
277 906
278 524
278 848
278 883
278 909
278 910
279 280
279 408
279 911
279 912
280 345
280 346
280 911
281 282
281 439
281 913
283 284
283 425
283 426
283 511
283 577
283 706
284 511
284 577
284 583
285 286
285 377
285 378
285 437
285 479
285 480
285 781
285 782
286 365
286 366
286 437
287 288
287 581
287 714
287 743
287 749
288 609
288 610
288 713
288 714
289 290
289 393
289 394
289 417
289 418
289 489
289 490
289 603
289 604
289 625
289 626
289 639
289 640
289 685
289 686
289 765
289 766
289 769
289 770
290 393
290 394
290 489
290 490
290 603
290 604
290 625
290 626
290 639
290 640
290 685
290 686
290 765
290 766
290 769
290 770
291 292
291 365
291 383
291 384
291 405
291 506
291 589
291 839
292 366
292 409
292 410
292 541
292 752
293 294
293 821
293 822
294 363
295 296
295 311
295 312
295 361
295 362
296 361
297 298
297 372
297 385
297 395
297 396
297 591
297 727
298 372
298 386
298 455
298 647
298 728
299 300
299 399
299 400
299 553
299 554
299 579
299 580
299 659
299 660
299 663
299 664
299 753
299 754
299 779
299 780
300 399
300 400
300 501
300 502
300 553
300 554
300 579
300 580
300 659
300 660
300 663
300 664
300 753
300 754
300 779
300 780
301 302
301 527
301 528
301 567
302 482
302 552
303 304
303 503
303 507
303 610
304 503
304 508
304 609
305 306
305 311
305 312
305 355
306 753
306 754
307 308
307 349
307 413
307 414
307 415
308 350
308 410
309 310
309 445
309 618
309 633
309 634
310 446
310 618
310 627
310 628
310 823
310 892
311 312
311 369
311 370
311 575
311 576
311 643
311 644
311 691
311 692
311 697
311 698
311 807
311 808
311 845
311 846
311 863
311 864
311 873
311 874
312 369
312 370
312 575
312 576
312 641
312 642
312 643
312 644
312 691
312 692
312 697
312 698
312 807
312 808
312 845
312 846
312 863
312 864
313 314
313 535
314 378
314 437
314 535
315 316
315 677
315 869
315 870
315 903
315 904
316 465
316 677
316 801
316 802
317 318
317 392
318 897
318 898
319 320
319 429
319 430
319 433
319 434
319 501
319 589
319 590
319 623
319 624
319 682
320 383
320 384
320 569
320 570
320 682
321 322
321 359
321 360
321 471
321 515
321 517
321 518
321 570
322 395
322 489
322 490
322 495
322 515
323 324
323 413
323 414
323 416
324 350
324 409
325 326
325 498
325 676
326 675
326 676
326 819
326 820
327 328
327 340
327 357
327 635
327 636
327 785
328 358
328 491
328 495
328 496
329 330
330 915
330 916
331 332
331 485
331 486
331 611
331 612
331 745
331 746
331 783
331 784
331 803
331 804
331 831
331 832
331 853
331 854
332 485
332 486
332 611
332 612
332 745
332 746
332 783
332 784
332 803
332 804
332 831
332 832
332 853
332 854
333 334
333 495
333 517
334 471
334 496
334 511
334 512
334 570
335 336
335 545
335 546
335 655
335 656
335 689
335 690
335 731
335 732
335 887
335 888
336 545
336 546
336 655
336 656
336 689
336 690
336 731
336 732
336 747
336 748
337 338
338 769
338 770
339 340
339 539
340 492
340 540
340 636
340 786
341 342
341 477
341 478
341 537
341 538
341 571
341 572
341 707
341 708
341 721
341 722
341 737
341 738
341 739
341 740
341 799
341 800
341 835
341 836
342 477
342 478
342 537
342 538
342 549
342 550
342 571
342 572
342 707
342 708
342 721
342 722
342 739
342 740
342 799
342 800
342 835
342 836
343 344
343 443
343 479
343 480
343 702
344 443
345 346
346 912
346 913
346 914
347 348
348 606
349 350
349 410
349 412
349 415
349 609
349 610
350 410
351 352
351 513
352 514
353 354
353 462
353 599
353 600
353 671
354 599
354 654
354 768
354 909
355 356
355 811
355 812
356 615
356 616
357 358
357 381
357 382
358 539
358 540
359 360
359 377
359 378
359 403
359 404
359 493
359 494
359 649
359 650
359 755
359 756
359 817
359 818
359 825
359 826
359 885
359 886
359 903
359 904
360 403
360 404
360 493
360 494
360 649
360 650
360 755
360 756
360 817
360 818
360 825
360 826
360 885
360 886
360 897
360 898
360 903
360 904
361 362
362 799
362 800
363 364
363 515
363 516
365 366
365 375
365 376
365 405
365 406
365 506
365 590
365 840
366 449
366 450
366 505
366 541
366 751
367 368
367 593
367 594
367 673
367 674
367 763
367 764
367 775
367 776
367 805
367 806
367 809
367 810
367 819
367 820
367 867
367 868
367 873
367 874
368 593
368 594
368 673
368 674
368 763
368 764
368 773
368 774
368 775
368 776
368 809
368 810
368 819
368 820
368 867
368 868
368 873
368 874
369 370
369 575
369 576
369 643
369 644
369 691
369 692
369 697
369 698
369 807
369 808
369 845
369 846
369 847
369 848
369 863
369 864
370 575
370 576
370 621
370 622
370 643
370 644
370 691
370 692
370 697
370 698
370 807
370 808
370 845
370 846
370 863
370 864
371 372
371 397
371 407
371 408
372 543
372 544
372 648
372 727
373 374
373 499
373 500
373 597
373 598
373 715
373 716
373 737
373 738
373 815
373 816
373 849
373 850
373 871
373 872
373 897
373 898
374 499
374 500
374 597
374 598
374 715
374 716
374 737
374 738
374 793
374 794
374 815
374 816
374 849
374 850
374 871
374 872
374 897
374 898
375 376
375 505
375 506
375 508
375 610
376 504
376 508
376 609
376 610
377 378
377 438
377 447
377 448
377 480
378 536
379 380
379 423
379 475
379 476
379 889
380 443
380 444
380 631
381 382
381 549
381 581
381 582
381 637
381 762
381 855
381 856
382 549
382 550
382 638
382 821
382 855
383 384
383 431
383 432
383 434
383 624
383 682
384 434
384 502
384 624
385 386
385 517
385 518
387 388
387 443
387 444
387 559
387 560
387 683
387 684
387 717
387 718
387 771
387 772
387 773
387 774
387 827
387 828
388 559
388 560
388 683
388 684
388 703
388 704
388 717
388 718
388 771
388 772
388 773
388 774
388 827
388 828
389 390
389 437
389 438
389 467
389 468
389 525
389 526
389 527
389 528
389 669
389 670
389 725
389 726
389 805
389 806
389 837
389 838
389 859
389 860
390 467
390 468
390 525
390 526
390 527
390 528
390 669
390 670
390 725
390 726
390 805
390 806
390 837
390 838
390 859
390 860
391 392
391 894
392 907
393 394
393 489
393 490
393 603
393 604
393 625
393 626
393 639
393 640
393 647
393 648
393 685
393 686
393 765
393 766
393 769
393 770
394 489
394 490
394 603
394 604
394 625
394 626
394 639
394 640
394 685
394 686
394 765
394 766
394 769
394 770
395 396
395 495
395 515
395 516
395 517
396 593
396 594
397 398
397 647
397 648
397 727
397 728
398 455
398 531
398 532
398 592
398 727
399 400
399 553
399 554
399 579
399 580
399 603
399 604
399 659
399 660
399 663
399 664
399 753
399 754
399 779
399 780
400 553
400 554
400 579
400 580
400 659
400 660
400 663
400 664
400 753
400 754
400 779
400 780
401 402
401 531
401 532
401 711
401 712
401 715
401 716
401 791
401 792
401 833
401 834
401 861
401 862
401 865
401 866
401 875
401 876
402 531
402 532
402 711
402 712
402 745
402 746
402 791
402 792
402 833
402 834
402 861
402 862
402 865
402 866
402 875
402 876
403 404
403 493
403 494
403 515
403 516
403 649
403 650
403 755
403 756
403 817
403 818
403 825
403 826
403 885
403 886
403 903
403 904
404 493
404 494
404 649
404 650
404 755
404 756
404 817
404 818
404 825
404 826
404 885
404 886
404 899
404 900
404 903
404 904
405 406
405 619
405 620
405 840
406 629
406 630
406 751
407 408
407 912
409 410
409 415
409 416
411 412
411 781
411 782
412 701
412 702
413 414
413 529
413 662
413 688
413 709
413 710
413 788
414 529
414 665
414 666
414 710
414 842
415 416
416 429
416 430
417 418
417 555
417 557
417 558
417 562
417 719
417 790
418 646
418 707
418 708
418 790
418 882
419 420
419 483
419 484
419 613
419 614
419 699
419 700
419 779
419 780
419 797
419 798
419 813
419 814
419 851
419 852
419 887
419 888
419 899
419 900
420 483
420 484
420 613
420 614
420 699
420 700
420 797
420 798
420 813
420 814
420 851
420 852
420 887
420 888
420 899
420 900
421 422
421 447
421 448
421 563
421 564
421 587
421 588
421 619
421 620
421 693
421 694
421 703
421 704
421 759
421 760
422 447
422 448
422 495
422 496
422 563
422 564
422 587
422 588
422 619
422 620
422 693
422 694
422 703
422 704
422 759
422 760
423 424
423 469
423 473
423 474
424 475
424 476
424 631
424 632
424 889
424 890
424 907
424 908
425 426
427 428
427 573
427 613
427 614
427 667
427 895
427 896
427 901
428 574
428 668
428 735
428 901
429 430
429 431
429 432
429 501
430 433
430 681
431 432
431 552
432 517
432 518
433 434
433 555
433 556
433 624
434 681
434 682
435 436
435 511
435 512
435 519
435 520
435 641
435 642
435 723
435 724
435 733
435 734
435 741
435 742
435 795
435 796
435 843
435 844
436 519
436 520
436 641
436 642
436 723
436 724
436 727
436 728
436 733
436 734
436 741
436 742
436 795
436 796
436 843
436 844
437 438
437 479
437 517
437 518
437 535
438 480
439 440
439 619
439 620
441 442
441 449
441 450
441 487
441 488
441 557
441 558
441 655
441 656
441 695
441 696
441 801
441 802
441 829
441 830
442 449
442 450
442 487
442 488
442 557
442 558
442 695
442 696
442 749
442 750
442 801
442 802
442 829
442 830
443 444
443 665
443 702
444 473
444 474
444 702
445 446
445 566
445 634
445 824
446 781
446 911
446 912
447 448
447 563
447 564
447 587
447 588
447 619
447 620
447 693
447 694
447 703
447 704
447 759
447 760
448 563
448 564
448 587
448 588
448 619
448 620
448 693
448 694
448 695
448 696
448 703
448 704
448 759
448 760
449 450
449 487
449 488
449 557
449 558
449 695
449 696
449 801
449 802
449 829
449 830
450 487
450 488
450 533
450 534
450 557
450 558
450 695
450 696
450 801
450 802
450 829
450 830
451 452
451 453
451 454
451 601
451 602
451 657
451 658
451 729
451 730
451 793
451 794
451 813
451 814
451 857
451 858
451 877
451 878
452 453
452 454
452 601
452 602
452 657
452 658
452 729
452 730
452 793
452 794
452 857
452 858
452 877
452 878
453 454
453 601
453 602
453 657
453 658
453 729
453 730
453 793
453 794
453 857
453 858
453 877
453 878
454 601
454 602
454 657
454 658
454 685
454 686
454 729
454 730
454 793
454 794
454 857
454 858
454 877
454 878
455 456
456 648
456 728
457 458
457 652
457 689
457 690
457 905
458 555
458 556
458 757
458 905
458 906
459 460
459 627
459 713
459 747
459 748
460 581
460 582
460 627
460 709
460 710
460 714
461 462
461 768
461 910
462 703
462 704
462 767
462 768
463 464
463 578
463 705
463 721
463 722
464 543
464 544
465 466
465 515
465 516
465 522
465 678
466 522
466 547
466 607
466 608
466 677
466 777
466 869
467 468
467 525
467 526
467 527
467 528
467 669
467 670
467 725
467 726
467 805
467 806
467 837
467 838
467 849
467 850
467 859
467 860
468 525
468 526
468 527
468 528
468 669
468 670
468 725
468 726
468 805
468 806
468 837
468 838
468 859
468 860
468 863
468 864
469 470
469 471
469 472
470 632
470 890
471 472
471 515
471 518
472 495
473 474
473 702
474 681
474 682
475 476
475 609
475 610
475 890
476 890
477 478
477 537
477 538
477 571
477 572
477 707
477 708
477 721
477 722
477 739
477 740
477 743
477 744
477 799
477 800
477 835
477 836
478 537
478 538
478 571
478 572
478 623
478 624
478 707
478 708
478 721
478 722
478 739
478 740
478 799
478 800
478 835
478 836
479 480
479 523
479 524
481 482
481 567
481 568
483 484
483 613
483 614
483 699
483 700
483 701
483 702
483 797
483 798
483 813
483 814
483 851
483 852
483 887
483 888
483 899
483 900
484 613
484 614
484 699
484 700
484 797
484 798
484 813
484 814
484 851
484 852
484 887
484 888
484 899
484 900
485 486
485 611
485 612
485 745
485 746
485 757
485 758
485 783
485 784
485 803
485 804
485 831
485 832
485 853
485 854
486 611
486 612
486 719
486 720
486 745
486 746
486 783
486 784
486 803
486 804
486 831
486 832
486 853
486 854
487 488
487 557
487 558
487 695
487 696
487 801
487 802
487 805
487 806
487 829
487 830
488 557
488 558
488 695
488 696
488 801
488 802
488 829
488 830
489 490
489 603
489 604
489 625
489 626
489 639
489 640
489 685
489 686
489 765
489 766
489 769
489 770
489 857
489 858
490 603
490 604
490 625
490 626
490 639
490 640
490 665
490 666
490 685
490 686
490 765
490 766
490 769
490 770
491 492
491 636
491 735
491 736
491 785
492 785
492 786
493 494
493 649
493 650
493 755
493 756
493 795
493 796
493 817
493 818
493 825
493 826
493 885
493 886
493 903
493 904
494 649
494 650
494 727
494 728
494 755
494 756
494 817
494 818
494 825
494 826
494 885
494 886
494 903
494 904
495 496
495 515
495 570
495 741
495 742
497 498
497 586
497 676
498 586
499 500
499 597
499 598
499 715
499 716
499 737
499 738
499 815
499 816
499 849
499 850
499 871
499 872
499 883
499 884
499 897
499 898
500 597
500 598
500 715
500 716
500 737
500 738
500 815
500 816
500 849
500 850
500 861
500 862
500 871
500 872
500 897
500 898
501 502
501 623
501 641
501 642
501 682
502 681
503 504
503 508
503 610
503 731
503 732
504 610
505 506
505 751
505 891
505 892
506 542
506 589
506 590
506 629
506 630
506 839
507 508
507 610
509 510
510 721
510 722
511 512
511 669
511 670
511 705
512 584
512 647
512 648
512 706
513 514
514 517
514 518
515 516
515 569
515 705
515 706
516 569
517 518
517 570
519 520
519 641
519 642
519 723
519 724
519 733
519 734
519 741
519 742
519 795
519 796
519 843
519 844
520 641
520 642
520 723
520 724
520 733
520 734
520 739
520 740
520 741
520 742
520 795
520 796
520 843
520 844
521 522
521 547
521 870
522 777
522 778
523 524
523 651
523 680
523 757
523 809
523 810
523 848
524 679
524 847
524 883
524 906
525 526
525 527
525 528
525 669
525 670
525 725
525 726
525 805
525 806
525 837
525 838
525 859
525 860
526 527
526 528
526 669
526 670
526 725
526 726
526 805
526 806
526 837
526 838
526 859
526 860
527 528
527 669
527 670
527 691
527 692
527 725
527 726
527 805
527 806
527 837
527 838
527 859
527 860
528 669
528 670
528 725
528 726
528 805
528 806
528 821
528 822
528 837
528 838
528 859
528 860
529 530
529 533
529 534
529 661
529 688
529 788
529 842
530 543
530 687
530 688
530 787
530 788
531 532
531 711
531 712
531 791
531 792
531 833
531 834
531 849
531 850
531 861
531 862
531 865
531 866
531 875
531 876
532 711
532 712
532 791
532 792
532 833
532 834
532 861
532 862
532 865
532 866
532 875
532 876
533 534
533 615
535 536
536 679
536 680
537 538
537 571
537 572
537 707
537 708
537 717
537 718
537 721
537 722
537 739
537 740
537 799
537 800
537 835
537 836
538 571
538 572
538 707
538 708
538 721
538 722
538 739
538 740
538 799
538 800
538 835
538 836
539 540
539 636
539 786
540 785
540 786
541 542
541 630
541 907
541 908
542 819
542 820
542 840
543 544
543 661
543 693
543 694
543 710
544 688
544 709
544 788
544 905
544 906
545 546
545 655
545 656
545 689
545 690
545 731
545 732
546 655
546 656
546 689
546 690
546 731
546 732
547 548
547 678
547 777
548 870
549 550
549 637
549 748
550 748
550 761
550 822
550 856
551 552
552 567
553 554
553 579
553 580
553 645
553 646
553 659
553 660
553 663
553 664
553 753
553 754
553 779
553 780
554 579
554 580
554 659
554 660
554 663
554 664
554 753
554 754
554 779
554 780
555 556
555 645
555 790
556 562
556 645
556 679
556 680
556 719
556 789
557 558
557 625
557 626
557 695
557 696
557 801
557 802
557 829
557 830
558 695
558 696
558 731
558 732
558 801
558 802
558 829
558 830
559 560
559 683
559 684
559 717
559 718
559 771
559 772
559 773
559 774
559 827
559 828
560 683
560 684
560 717
560 718
560 771
560 772
560 773
560 774
560 827
560 828
560 867
560 868
561 562
561 646
561 719
561 720
561 773
561 774
561 789
561 790
562 595
562 645
562 646
562 720
562 881
562 882
563 564
563 587
563 588
563 599
563 600
563 619
563 620
563 693
563 694
563 703
563 704
563 759
563 760
564 587
564 588
564 619
564 620
564 653
564 654
564 693
564 694
564 703
564 704
564 759
564 760
565 566
565 633
565 634
565 781
565 782
565 824
566 633
566 879
566 880
566 891
567 568
568 893
568 894
569 570
570 821
570 822
571 572
571 609
571 610
571 707
571 708
571 721
571 722
571 739
571 740
571 799
571 800
571 835
571 836
572 707
572 708
572 721
572 722
572 739
572 740
572 799
572 800
572 835
572 836
573 574
573 811
573 869
573 870
573 902
574 736
574 812
574 896
574 901
575 576
575 599
575 600
575 643
575 644
575 691
575 692
575 697
575 698
575 807
575 808
575 845
575 846
575 863
575 864
576 643
576 644
576 691
576 692
576 697
576 698
576 807
576 808
576 845
576 846
576 863
576 864
577 578
577 581
577 582
577 583
577 584
579 580
579 659
579 660
579 663
579 664
579 753
579 754
579 779
579 780
580 659
580 660
580 663
580 664
580 719
580 720
580 753
580 754
580 779
580 780
581 582
581 627
581 628
582 743
582 750
583 584
584 706
585 586
587 588
587 603
587 604
587 619
587 620
587 693
587 694
587 703
587 704
587 759
587 760
588 619
588 620
588 639
588 640
588 693
588 694
588 703
588 704
588 759
588 760
589 590
589 595
589 596
589 751
589 840
590 630
591 592
591 648
591 679
591 680
593 594
593 673
593 674
593 733
593 734
593 763
593 764
593 775
593 776
593 809
593 810
593 819
593 820
593 867
593 868
593 873
593 874
594 673
594 674
594 763
594 764
594 775
594 776
594 809
594 810
594 819
594 820
594 867
594 868
594 873
594 874
595 596
595 646
595 790
595 795
595 796
595 882
596 646
596 719
596 881
596 901
596 902
597 598
597 715
597 716
597 723
597 724
597 737
597 738
597 815
597 816
597 849
597 850
597 871
597 872
597 897
597 898
598 715
598 716
598 737
598 738
598 815
598 816
598 849
598 850
598 871
598 872
598 897
598 898
599 600
599 671
599 773
599 774
600 655
600 656
601 602
601 657
601 658
601 729
601 730
601 793
601 794
601 857
601 858
601 877
601 878
601 879
601 880
602 657
602 658
602 729
602 730
602 793
602 794
602 815
602 816
602 857
602 858
602 877
602 878
603 604
603 625
603 626
603 639
603 640
603 685
603 686
603 765
603 766
603 769
603 770
604 625
604 626
604 639
604 640
604 685
604 686
604 765
604 766
604 767
604 768
604 769
604 770
605 606
606 741
606 742
607 608
607 651
607 652
607 665
608 665
608 666
609 610
610 737
610 738
611 612
611 745
611 746
611 765
611 766
611 783
611 784
611 803
611 804
611 831
611 832
611 853
611 854
612 745
612 746
612 783
612 784
612 803
612 804
612 831
612 832
612 853
612 854
613 614
613 643
613 644
613 699
613 700
613 797
613 798
613 813
613 814
613 851
613 852
613 887
613 888
613 899
613 900
614 699
614 700
614 797
614 798
614 805
614 806
614 813
614 814
614 851
614 852
614 887
614 888
614 899
614 900
615 616
616 751
616 752
617 618
617 779
617 780
617 892
618 899
618 900
619 620
619 693
619 694
619 701
619 702
619 703
619 704
619 759
619 760
620 693
620 694
620 703
620 704
620 759
620 760
621 622
622 895
622 896
623 624
623 682
625 626
625 639
625 640
625 659
625 660
625 685
625 686
625 765
625 766
625 769
625 770
626 639
626 640
626 643
626 644
626 685
626 686
626 765
626 766
626 769
626 770
627 628
627 743
627 745
627 746
628 714
629 630
629 752
629 827
629 828
629 839
631 632
632 890
633 634
633 891
634 892
635 636
637 638
637 747
637 849
637 850
638 747
638 759
638 760
638 762
638 855
639 640
639 641
639 642
639 685
639 686
639 765
639 766
639 769
639 770
640 685
640 686
640 765
640 766
640 769
640 770
641 642
641 723
641 724
641 733
641 734
641 741
641 742
641 795
641 796
641 843
641 844
642 723
642 724
642 727
642 728
642 733
642 734
642 741
642 742
642 795
642 796
642 843
642 844
643 644
643 691
643 692
643 697
643 698
643 807
643 808
643 845
643 846
643 863
643 864
644 691
644 692
644 697
644 698
644 807
644 808
644 845
644 846
644 863
644 864
645 646
645 720
645 881
646 719
646 881
646 882
647 648
647 728
648 853
648 854
649 650
649 655
649 656
649 755
649 756
649 817
649 818
649 825
649 826
649 885
649 886
649 903
649 904
650 755
650 756
650 817
650 818
650 825
650 826
650 841
650 842
650 885
650 886
650 903
650 904
651 652
651 680
651 757
651 845
651 846
651 905
651 906
652 758
652 817
652 818
652 883
653 654
653 671
653 672
653 823
653 824
654 671
654 767
654 909
655 656
655 689
655 690
655 731
655 732
656 689
656 690
656 731
656 732
657 658
657 729
657 730
657 773
657 774
657 793
657 794
657 857
657 858
657 877
657 878
658 729
658 730
658 793
658 794
658 799
658 800
658 857
658 858
658 877
658 878
659 660
659 661
659 662
659 663
659 664
659 753
659 754
659 779
659 780
660 663
660 664
660 753
660 754
660 779
660 780
660 797
660 798
661 662
661 688
662 695
662 696
662 842
663 664
663 753
663 754
663 779
663 780
664 753
664 754
664 775
664 776
664 779
664 780
665 666
665 702
665 825
665 826
667 668
668 736
668 811
668 823
668 824
668 896
668 902
669 670
669 725
669 726
669 805
669 806
669 837
669 838
669 859
669 860
669 901
669 902
670 725
670 726
670 805
670 806
670 837
670 838
670 859
670 860
671 672
671 767
672 768
672 910
673 674
673 763
673 764
673 775
673 776
673 809
673 810
673 813
673 814
673 819
673 820
673 867
673 868
673 873
673 874
674 763
674 764
674 775
674 776
674 809
674 810
674 819
674 820
674 867
674 868
674 873
674 874
675 676
676 857
676 858
677 678
679 680
679 758
679 847
680 848
680 883
680 906
680 911
680 912
681 682
682 723
682 724
683 684
683 717
683 718
683 771
683 772
683 773
683 774
683 827
683 828
684 717
684 718
684 757
684 758
684 771
684 772
684 773
684 774
684 827
684 828
685 686
685 765
685 766
685 767
685 768
685 769
685 770
686 765
686 766
686 767
686 768
686 769
686 770
687 688
687 819
687 820
687 841
687 842
688 867
688 868
689 690
689 727
689 728
689 731
689 732
690 731
690 732
691 692
691 693
691 694
691 697
691 698
691 807
691 808
691 845
691 846
691 863
691 864
692 697
692 698
692 733
692 734
692 807
692 808
692 845
692 846
692 863
692 864
693 694
693 697
693 698
693 703
693 704
693 759
693 760
694 703
694 704
694 759
694 760
695 696
695 801
695 802
695 829
695 830
696 801
696 802
696 829
696 830
697 698
697 807
697 808
697 845
697 846
697 863
697 864
698 807
698 808
698 845
698 846
698 863
698 864
698 891
698 892
699 700
699 797
699 798
699 813
699 814
699 817
699 818
699 851
699 852
699 887
699 888
699 899
699 900
700 797
700 798
700 813
700 814
700 851
700 852
700 887
700 888
700 899
700 900
701 702
702 707
702 708
703 704
703 759
703 760
704 759
704 760
705 706
706 915
706 916
707 708
707 721
707 722
707 733
707 734
707 739
707 740
707 799
707 800
707 835
707 836
708 721
708 722
708 739
708 740
708 779
708 780
708 799
708 800
708 835
708 836
709 710
709 788
710 841
711 712
711 791
711 792
711 833
711 834
711 861
711 862
711 865
711 866
711 875
711 876
711 883
711 884
712 791
712 792
712 833
712 834
712 861
712 862
712 865
712 866
712 875
712 876
712 899
712 900
713 714
713 744
714 743
714 747
714 748
715 716
715 725
715 726
715 737
715 738
715 815
715 816
715 849
715 850
715 871
715 872
715 897
715 898
716 737
716 738
716 781
716 782
716 815
716 816
716 849
716 850
716 871
716 872
716 897
716 898
717 718
717 771
717 772
717 773
717 774
717 827
717 828
717 851
717 852
718 771
718 772
718 773
718 774
718 827
718 828
719 720
719 881
719 882
719 885
719 886
720 789
720 882
720 913
720 914
721 722
721 739
721 740
721 799
721 800
721 835
721 836
721 907
721 908
722 739
722 740
722 799
722 800
722 835
722 836
723 724
723 733
723 734
723 741
723 742
723 769
723 770
723 795
723 796
723 843
723 844
724 733
724 734
724 741
724 742
724 795
724 796
724 803
724 804
724 843
724 844
725 726
725 805
725 806
725 831
725 832
725 837
725 838
725 859
725 860
726 805
726 806
726 837
726 838
726 859
726 860
727 728
727 767
727 768
728 781
728 782
729 730
729 793
729 794
729 825
729 826
729 857
729 858
729 877
729 878
730 793
730 794
730 857
730 858
730 867
730 868
730 877
730 878
731 732
732 817
732 818
733 734
733 741
733 742
733 795
733 796
733 843
733 844
734 741
734 742
734 795
734 796
734 843
734 844
735 736
736 811
736 896
736 901
737 738
737 747
737 748
737 815
737 816
737 849
737 850
737 871
737 872
737 897
737 898
738 815
738 816
738 849
738 850
738 871
738 872
738 897
738 898
739 740
739 799
739 800
739 835
739 836
740 799
740 800
740 835
740 836
741 742
741 795
741 796
741 843
741 844
741 857
741 858
742 795
742 796
742 843
742 844
743 744
743 749
744 750
744 863
744 864
745 746
745 783
745 784
745 803
745 804
745 811
745 812
745 831
745 832
745 853
745 854
746 783
746 784
746 795
746 796
746 803
746 804
746 831
746 832
746 853
746 854
747 748
747 753
747 754
747 762
747 822
748 761
748 762
748 822
748 855
749 750
750 761
750 762
751 752
753 754
753 769
753 770
753 779
753 780
754 779
754 780
755 756
755 817
755 818
755 825
755 826
755 885
755 886
755 903
755 904
756 817
756 818
756 825
756 826
756 885
756 886
756 903
756 904
757 758
757 841
757 842
757 848
757 884
758 905
759 760
760 801
760 802
761 762
761 821
761 855
761 863
761 864
762 867
762 868
763 764
763 775
763 776
763 809
763 810
763 819
763 820
763 843
763 844
763 867
763 868
763 873
763 874
764 775
764 776
764 809
764 810
764 819
764 820
764 867
764 868
764 873
764 874
765 766
765 769
765 770
766 769
766 770
767 768
767 909
768 910
769 770
769 781
769 782
770 893
770 894
771 772
771 773
771 774
771 827
771 828
772 773
772 774
772 775
772 776
772 827
772 828
773 774
773 825
773 826
773 827
773 828
774 827
774 828
775 776
775 809
775 810
775 819
775 820
775 867
775 868
775 873
775 874
776 809
776 810
776 819
776 820
776 867
776 868
776 873
776 874
777 778
778 870
779 780
780 857
780 858
781 782
781 891
782 892
783 784
783 803
783 804
783 831
783 832
783 843
783 844
783 853
783 854
784 803
784 804
784 831
784 832
784 853
784 854
785 786
786 871
786 872
787 788
789 790
791 792
791 833
791 834
791 853
791 854
791 861
791 862
791 865
791 866
791 875
791 876
792 833
792 834
792 861
792 862
792 865
792 866
792 875
792 876
793 794
793 857
793 858
793 873
793 874
793 877
793 878
794 857
794 858
794 877
794 878
795 796
795 843
795 844
796 843
796 844
796 913
796 914
797 798
797 803
797 804
797 813
797 814
797 851
797 852
797 887
797 888
797 899
797 900
798 813
798 814
798 851
798 852
798 887
798 888
798 899
798 900
799 800
799 835
799 836
800 835
800 836
801 802
801 829
801 830
802 829
802 830
803 804
803 831
803 832
803 853
803 854
804 831
804 832
804 853
804 854
805 806
805 837
805 838
805 859
805 860
806 837
806 838
806 859
806 860
806 909
806 910
807 808
807 845
807 846
807 863
807 864
808 845
808 846
808 863
808 864
809 810
809 819
809 820
809 867
809 868
809 869
809 870
809 873
809 874
810 819
810 820
810 867
810 868
810 873
810 874
810 897
810 898
811 812
811 880
811 897
811 898
812 895
812 897
812 898
812 902
813 814
813 851
813 852
813 887
813 888
813 899
813 900
814 851
814 852
814 887
814 888
814 899
814 900
814 901
814 902
815 816
815 849
815 850
815 871
815 872
815 897
815 898
816 849
816 850
816 871
816 872
816 897
816 898
817 818
817 825
817 826
817 885
817 886
817 903
817 904
818 825
818 826
818 885
818 886
818 903
818 904
819 820
819 867
819 868
819 873
819 874
820 867
820 868
820 873
820 874
821 822
821 825
821 826
822 855
822 856
823 824
823 889
823 890
825 826
825 841
825 842
825 885
825 886
825 903
825 904
826 885
826 886
826 899
826 900
826 903
826 904
827 828
828 893
828 894
829 830
830 845
830 846
831 832
831 853
831 854
832 853
832 854
833 834
833 849
833 850
833 861
833 862
833 865
833 866
833 875
833 876
834 861
834 862
834 865
834 866
834 875
834 876
835 836
836 857
836 858
837 838
837 859
837 860
838 859
838 860
838 891
838 892
839 840
839 915
839 916
840 915
840 916
841 842
842 861
842 862
843 844
843 879
843 880
844 893
844 894
845 846
845 863
845 864
846 863
846 864
847 848
847 905
847 913
847 914
848 883
848 905
849 850
849 871
849 872
849 897
849 898
850 871
850 872
850 897
850 898
851 852
851 887
851 888
851 899
851 900
852 887
852 888
852 899
852 900
853 854
854 915
854 916
855 856
856 861
856 862
857 858
857 877
857 878
858 877
858 878
858 889
858 890
859 860
860 879
860 880
861 862
861 865
861 866
861 871
861 872
861 875
861 876
862 865
862 866
862 873
862 874
862 875
862 876
863 864
863 887
863 888
864 915
864 916
865 866
865 875
865 876
866 875
866 876
866 903
866 904
867 868
867 873
867 874
868 873
868 874
869 870
870 885
870 886
871 872
871 897
871 898
872 897
872 898
873 874
873 915
873 916
874 893
874 894
875 876
875 887
875 888
876 879
876 880
877 878
878 885
878 886
879 880
879 901
880 896
880 901
880 902
881 882
882 885
882 886
883 884
885 886
885 903
885 904
885 905
885 906
886 903
886 904
887 888
887 899
887 900
888 899
888 900
888 907
888 908
889 890
890 893
890 894
891 892
892 915
892 916
893 894
895 896
895 899
895 900
895 901
895 902
896 901
896 902
897 898
897 915
897 916
898 915
898 916
899 900
899 915
899 916
900 915
900 916
901 902
902 915
902 916
903 904
903 915
903 916
904 915
904 916
905 906
906 915
906 916
907 908
908 915
908 916
909 910
910 915
910 916
911 912
911 915
911 916
912 915
912 916
913 914
914 915
914 916
915 916
