916 5173
1 2
1 49
1 50
1 125
1 126
1 161
1 162
1 263
1 264
1 471
1 472
1 603
1 604
1 723
1 724
1 767
1 768
2 49
2 50
2 95
2 96
2 125
2 126
2 161
2 162
2 263
2 264
2 471
2 472
2 603
2 604
2 723
2 724
2 767
2 768
3 4
3 69
3 70
3 350
3 373
3 374
3 424
4 268
4 335
4 336
4 440
5 6
5 59
5 60
5 339
5 340
5 489
5 490
5 559
5 560
5 683
5 684
5 773
5 774
5 837
5 838
5 887
5 888
6 59
6 60
6 149
6 150
6 339
6 340
6 489
6 490
6 559
6 560
6 683
6 684
6 773
6 774
6 837
6 838
6 887
6 888
7 8
7 13
7 14
7 21
7 22
7 27
7 28
7 39
7 40
7 43
7 44
7 87
7 88
7 915
7 916
8 13
8 14
8 21
8 22
8 27
8 28
8 39
8 40
8 43
8 44
8 87
8 88
8 915
8 916
9 10
9 64
9 241
9 247
9 248
9 262
9 715
10 262
11 12
11 13
11 14
11 57
11 66
12 18
12 58
12 65
12 111
12 244
13 14
13 21
13 22
13 27
13 28
13 39
13 40
13 43
13 44
13 87
13 88
13 915
13 916
14 21
14 22
14 27
14 28
14 39
14 40
14 43
14 44
14 87
14 88
14 915
14 916
15 16
15 59
15 60
15 244
16 49
16 50
16 66
16 111
17 18
17 33
17 58
17 111
17 225
18 66
18 111
18 231
18 232
19 20
19 65
19 66
19 67
19 109
19 382
19 914
20 31
20 215
20 216
20 911
20 913
21 22
21 27
21 28
21 39
21 40
21 43
21 44
21 87
21 88
21 915
21 916
22 27
22 28
22 39
22 40
22 43
22 44
22 87
22 88
22 915
22 916
23 24
23 41
23 53
23 54
24 75
24 105
24 106
24 116
24 561
24 565
24 566
24 578
25 26
25 113
25 148
25 167
25 168
25 251
25 252
25 361
25 797
26 133
26 134
26 148
26 362
27 28
27 39
27 40
27 43
27 44
27 87
27 88
27 915
27 916
28 39
28 40
28 43
28 44
28 87
28 88
28 915
28 916
29 30
29 108
29 174
29 311
29 453
29 603
29 604
30 305
30 312
30 338
30 529
30 699
31 32
31 49
31 50
31 215
31 381
31 914
32 67
32 155
32 156
32 205
32 215
32 911
33 34
34 58
35 36
35 491
36 203
36 326
36 421
36 491
36 543
37 38
37 71
37 72
37 85
37 89
37 165
37 166
37 189
37 190
37 223
37 289
38 72
38 85
38 89
38 90
38 403
39 40
39 43
39 44
39 87
39 88
39 915
39 916
40 43
40 44
40 87
40 88
40 915
40 916
41 42
41 76
41 105
41 116
41 129
41 130
41 577
42 76
42 105
42 121
42 122
42 228
42 562
43 44
43 87
43 88
43 915
43 916
44 87
44 88
44 915
44 916
45 46
45 74
45 245
46 75
46 76
46 78
46 95
46 157
46 324
47 48
47 179
47 180
47 254
48 127
48 128
48 133
48 134
48 179
48 253
48 269
49 50
49 87
49 88
49 125
49 126
49 161
49 162
49 263
49 264
49 471
49 472
49 603
49 604
49 723
49 724
49 767
49 768
50 125
50 126
50 161
50 162
50 169
50 170
50 263
50 264
50 471
50 472
50 603
50 604
50 723
50 724
50 767
50 768
51 52
51 129
51 130
51 212
51 265
51 437
51 565
51 628
52 211
52 212
52 234
52 417
52 418
52 566
52 627
53 54
53 61
53 62
53 119
53 120
53 195
53 280
54 62
54 147
54 148
54 299
54 302
55 56
55 183
55 211
55 212
55 237
56 173
56 174
56 415
56 416
56 909
57 58
57 61
57 62
57 65
57 225
57 226
58 225
59 60
59 339
59 340
59 455
59 456
59 489
59 490
59 559
59 560
59 683
59 684
59 773
59 774
59 837
59 838
59 887
59 888
60 339
60 340
60 489
60 490
60 559
60 560
60 683
60 684
60 773
60 774
60 837
60 838
60 887
60 888
61 62
61 63
61 64
61 280
61 300
61 302
61 384
61 674
62 119
62 299
62 301
62 384
63 64
63 67
63 68
63 242
63 261
63 262
64 262
64 398
64 437
64 438
64 537
64 538
65 66
65 225
66 169
66 170
66 226
67 68
67 382
67 717
67 718
67 914
68 110
68 213
68 214
68 215
68 216
68 382
68 914
69 70
69 128
69 213
69 214
69 349
69 423
70 128
70 303
70 304
70 328
70 424
71 72
71 86
71 89
71 90
71 391
71 392
72 119
72 120
72 165
72 404
73 74
73 402
74 95
74 159
74 160
75 76
75 105
75 117
75 118
75 561
75 562
75 578
76 106
76 575
76 576
76 577
76 578
77 78
77 96
77 245
77 401
78 151
78 152
78 401
79 80
79 207
79 208
79 415
81 82
81 172
81 367
81 368
81 431
82 259
82 260
82 469
82 537
82 538
82 569
82 585
82 671
82 672
83 84
83 303
83 304
83 479
83 480
83 491
83 492
83 501
83 502
83 507
83 508
83 659
83 660
83 743
83 744
83 821
83 822
83 855
83 856
84 303
84 304
84 421
84 422
84 479
84 480
84 501
84 502
84 507
84 508
84 659
84 660
84 743
84 744
84 821
84 822
84 855
84 856
85 86
85 90
85 166
85 289
86 90
86 165
86 199
86 200
86 290
86 403
86 404
87 88
87 915
87 916
88 915
88 916
89 90
89 290
89 404
90 167
90 168
90 224
90 404
91 92
91 318
91 330
91 335
91 336
91 352
92 329
92 375
92 376
92 497
92 505
93 94
93 375
93 376
93 379
93 380
93 459
93 460
93 613
93 614
93 735
93 736
93 807
93 808
93 831
93 832
93 873
93 874
93 889
93 890
94 379
94 380
94 429
94 430
94 459
94 460
94 613
94 614
94 735
94 736
94 807
94 808
94 831
94 832
94 873
94 874
94 889
94 890
95 96
95 158
95 210
95 246
95 261
95 262
96 158
96 223
96 224
96 323
97 98
97 151
97 251
97 287
97 288
97 343
97 344
97 435
97 488
97 719
97 720
98 305
98 306
98 708
98 761
99 100
99 133
99 241
99 242
99 253
100 123
100 134
100 144
100 269
100 406
100 747
100 748
101 102
101 141
101 142
101 271
101 441
101 442
102 181
102 275
102 276
102 282
102 347
102 348
102 441
103 104
103 473
103 637
103 704
103 773
103 774
104 285
104 439
104 440
104 703
104 904
105 106
105 116
105 129
105 227
105 577
105 578
106 115
106 227
106 578
107 108
107 309
107 310
107 338
107 453
108 173
108 305
108 337
108 530
109 110
109 206
109 215
109 912
109 914
110 215
110 382
110 911
110 913
110 915
110 916
111 112
111 226
111 229
111 230
112 225
112 244
113 114
113 127
113 128
113 257
113 258
114 211
114 212
114 222
114 362
115 116
115 227
115 228
115 255
115 256
116 129
116 205
116 206
116 227
116 561
117 118
117 377
117 378
117 395
117 396
117 419
117 420
117 503
117 504
117 549
117 550
117 591
117 592
117 595
117 596
117 645
117 646
117 745
117 746
118 377
118 378
118 419
118 420
118 503
118 504
118 549
118 550
118 591
118 592
118 595
118 596
118 603
118 604
118 645
118 646
118 745
118 746
119 120
119 302
119 674
120 195
120 300
120 379
120 380
120 384
120 674
121 122
121 241
121 242
121 321
121 322
121 334
121 522
122 149
122 249
122 522
122 907
122 913
122 914
123 124
123 144
123 253
123 254
123 415
123 416
124 133
124 175
124 176
124 254
124 270
125 126
125 157
125 158
125 161
125 162
125 263
125 264
125 471
125 472
125 603
125 604
125 723
125 724
125 767
125 768
126 161
126 162
126 263
126 264
126 471
126 472
126 523
126 524
126 603
126 604
126 723
126 724
126 767
126 768
127 128
127 205
127 206
127 267
127 268
127 328
128 267
128 293
128 294
128 327
128 439
129 130
130 227
130 561
130 577
131 132
131 376
131 695
131 696
131 710
132 169
132 483
132 484
132 709
132 714
133 134
133 270
133 291
133 292
133 405
134 144
134 235
134 236
134 406
135 136
135 315
135 316
135 556
136 316
136 335
136 336
136 365
136 456
136 555
136 643
136 879
137 138
137 484
137 714
138 647
139 140
139 387
139 388
139 481
139 482
139 547
139 548
139 639
139 640
139 677
139 678
139 717
139 718
139 793
139 794
139 813
139 814
139 847
139 848
140 387
140 388
140 481
140 482
140 547
140 548
140 639
140 640
140 677
140 678
140 717
140 718
140 793
140 794
140 813
140 814
141 142
141 201
141 202
141 510
141 567
141 568
141 739
141 881
141 882
142 553
142 554
142 567
142 589
142 881
143 144
143 180
143 269
143 270
143 406
144 269
145 146
145 399
145 400
145 527
145 528
145 635
145 636
145 691
145 692
145 759
145 760
145 825
145 826
145 863
145 864
145 871
145 872
145 875
145 876
146 399
146 400
146 451
146 452
146 527
146 528
146 635
146 636
146 759
146 760
146 825
146 826
146 863
146 864
146 871
146 872
146 875
146 876
147 148
147 362
148 168
149 150
149 159
149 160
149 186
149 249
149 250
150 164
150 322
150 333
150 908
151 152
151 488
151 707
151 708
151 761
152 252
152 288
152 761
153 154
153 363
153 364
153 593
153 594
153 675
153 676
153 749
153 750
153 763
153 764
153 779
153 780
153 811
153 812
153 851
153 852
153 861
153 862
154 363
154 364
154 593
154 594
154 675
154 676
154 749
154 750
154 763
154 764
154 811
154 812
154 851
154 852
154 861
154 862
154 885
154 886
155 156
155 349
155 350
155 455
155 456
156 315
156 363
156 364
156 456
156 555
156 879
157 158
157 402
158 397
158 398
158 401
159 160
159 357
159 543
159 544
159 575
159 690
159 696
160 219
160 310
160 351
160 352
160 357
160 623
160 689
161 162
161 219
161 220
161 263
161 264
161 471
161 472
161 603
161 604
161 723
161 724
161 767
161 768
162 263
162 264
162 471
162 472
162 603
162 604
162 723
162 724
162 767
162 768
163 164
163 323
163 324
163 333
164 245
164 246
164 908
165 166
165 177
165 178
165 192
165 289
165 403
167 168
167 189
167 190
167 360
167 797
168 221
169 170
169 376
169 713
170 483
170 648
170 710
171 172
171 432
171 533
171 569
171 570
171 585
171 671
171 803
171 804
172 260
172 470
172 586
172 672
172 843
172 844
173 174
173 233
173 234
173 305
173 338
173 453
173 530
173 699
174 305
174 307
174 308
174 311
174 338
174 529
174 700
175 176
175 233
175 368
175 438
175 565
175 566
176 225
176 226
176 438
177 178
177 255
177 256
177 291
177 292
177 517
177 518
177 607
177 608
177 653
177 654
177 655
177 656
177 679
177 680
177 701
177 702
178 255
178 256
178 291
178 292
178 517
178 518
178 567
178 568
178 607
178 608
178 653
178 654
178 655
178 656
178 679
178 680
178 701
178 702
179 180
179 191
179 192
179 269
179 406
180 405
181 182
181 272
181 277
181 278
181 295
181 296
181 347
181 516
182 271
182 277
182 278
182 347
183 184
183 194
183 208
183 237
183 909
183 913
183 914
184 194
184 208
184 905
184 910
185 186
185 245
185 246
185 249
185 321
185 333
185 907
186 249
186 322
186 908
187 188
187 198
187 342
187 408
187 499
187 500
188 408
188 411
188 412
188 633
188 693
189 190
189 407
189 408
189 429
189 726
189 805
190 437
190 438
190 445
190 554
191 192
192 299
192 300
192 404
193 194
193 910
194 237
194 415
194 909
195 196
195 302
196 384
197 198
197 407
197 694
198 395
198 396
198 407
198 633
198 634
198 693
198 694
199 200
199 231
199 232
199 371
199 372
199 411
199 417
199 514
199 650
199 692
200 411
200 483
200 484
200 514
200 631
200 632
200 650
200 691
201 202
201 355
201 493
201 745
201 746
201 802
201 899
202 356
202 815
202 816
203 204
203 421
203 422
203 447
203 448
203 465
203 466
203 492
203 526
204 452
204 461
204 462
205 206
205 315
205 316
205 911
207 208
207 237
207 343
207 344
208 238
209 210
209 246
209 323
209 402
210 246
210 323
210 324
210 402
210 895
210 896
211 212
211 367
211 627
212 265
212 367
212 368
212 565
212 566
212 628
213 214
213 369
213 451
213 452
214 413
214 588
214 821
214 822
214 853
215 216
215 381
215 911
215 913
215 915
215 916
216 382
217 218
217 293
217 294
217 307
217 308
217 461
217 462
217 597
217 598
217 621
217 622
217 747
217 748
217 827
217 828
217 847
217 848
217 859
217 860
218 307
218 308
218 461
218 462
218 597
218 598
218 621
218 622
218 747
218 748
218 827
218 828
218 847
218 848
218 859
218 860
219 220
219 358
219 481
219 482
219 523
219 623
220 523
220 524
220 576
221 222
222 257
222 359
222 535
222 536
222 798
223 224
223 289
223 290
223 404
225 226
226 433
226 434
227 228
227 485
227 486
227 577
229 230
229 392
229 520
229 574
229 575
229 576
230 434
230 539
230 540
230 579
230 580
230 664
230 846
231 232
231 475
231 476
231 491
231 492
231 541
231 542
231 651
231 652
231 711
231 712
231 733
231 734
231 751
231 752
231 841
231 842
231 869
231 870
232 475
232 476
232 541
232 542
232 651
232 652
232 711
232 712
232 723
232 724
232 733
232 734
232 751
232 752
232 841
232 842
232 869
232 870
233 234
233 438
233 865
233 866
234 265
234 367
234 565
234 627
234 791
234 792
235 236
235 321
235 322
235 329
235 352
235 353
235 354
235 497
235 505
236 329
236 330
236 354
236 503
236 504
237 238
237 415
237 911
237 912
238 416
238 905
238 906
239 240
239 389
239 390
239 557
239 558
239 697
239 698
239 721
239 722
239 727
239 728
239 783
239 784
239 809
239 810
239 815
239 816
239 817
239 818
240 389
240 390
240 557
240 558
240 697
240 698
240 721
240 722
240 727
240 728
240 783
240 784
240 809
240 810
240 815
240 816
240 817
240 818
241 242
241 457
241 523
241 524
242 261
242 385
242 386
242 538
242 901
243 244
244 577
244 578
245 246
245 271
245 272
245 401
247 248
247 430
247 725
247 726
247 787
247 803
247 804
247 805
247 806
248 429
248 446
248 554
248 579
248 580
248 606
248 725
249 250
249 331
249 332
249 334
249 521
250 333
250 334
250 907
250 908
250 911
250 912
251 252
251 323
251 324
251 343
251 344
251 487
251 761
252 287
252 288
252 461
252 462
252 487
252 708
252 761
253 254
253 267
253 268
254 405
255 256
255 291
255 292
255 517
255 518
255 607
255 608
255 653
255 654
255 655
255 656
255 679
255 680
255 701
255 702
256 291
256 292
256 517
256 518
256 575
256 576
256 607
256 608
256 653
256 654
256 655
256 656
256 679
256 680
256 701
256 702
257 258
258 360
258 361
258 798
259 260
259 432
259 470
259 534
259 539
259 540
259 671
260 469
260 533
261 262
261 263
261 264
261 398
261 458
261 537
262 458
262 537
262 681
262 682
262 901
263 264
263 471
263 472
263 603
263 604
263 723
263 724
263 767
263 768
264 471
264 472
264 603
264 604
264 723
264 724
264 767
264 768
265 266
265 368
265 381
265 382
265 565
265 628
266 367
266 437
267 268
267 315
267 316
267 319
267 349
267 423
267 424
268 327
268 328
268 439
268 457
268 458
269 270
269 391
269 392
271 272
271 273
271 274
271 282
271 284
271 296
271 347
271 442
272 315
272 316
273 274
273 449
273 473
273 474
273 563
273 612
273 629
273 765
274 450
274 479
274 480
274 563
274 772
275 276
275 513
275 514
275 535
275 849
275 850
276 535
276 731
276 732
276 840
276 859
276 860
277 278
277 500
277 618
277 620
277 796
277 891
278 428
278 795
278 891
279 280
279 384
279 673
280 383
280 384
280 673
281 282
281 283
281 347
281 515
282 296
282 355
282 356
283 284
283 401
283 402
283 441
283 442
284 348
284 516
285 286
285 731
285 732
285 824
286 474
286 675
286 676
286 704
286 896
286 904
287 288
287 487
287 747
287 748
288 344
288 435
288 475
288 476
288 488
289 290
289 805
289 806
291 292
291 517
291 518
291 607
291 608
291 653
291 654
291 655
291 656
291 679
291 680
291 699
291 700
291 701
291 702
292 517
292 518
292 607
292 608
292 653
292 654
292 655
292 656
292 679
292 680
292 701
292 702
293 294
293 531
293 532
293 661
293 662
293 665
293 666
293 681
293 682
293 785
293 786
293 857
293 858
293 893
293 894
293 897
293 898
294 531
294 532
294 661
294 662
294 665
294 666
294 681
294 682
294 785
294 786
294 857
294 858
294 893
294 894
294 897
294 898
295 296
295 347
295 348
295 357
295 358
295 442
296 399
296 400
297 298
297 447
297 448
297 485
297 486
297 509
297 510
297 539
297 540
297 545
297 546
297 551
297 552
297 657
297 658
297 669
297 670
297 741
297 742
298 447
298 448
298 485
298 486
298 539
298 540
298 545
298 546
298 551
298 552
298 657
298 658
298 669
298 670
298 741
298 742
299 300
299 383
299 384
299 674
301 302
303 304
303 479
303 480
303 501
303 502
303 507
303 508
303 659
303 660
303 743
303 744
303 821
303 822
303 839
303 840
303 855
303 856
304 479
304 480
304 501
304 502
304 507
304 508
304 659
304 660
304 743
304 744
304 821
304 822
304 855
304 856
304 869
304 870
305 306
305 311
305 312
305 337
305 625
305 626
306 453
306 454
306 823
306 824
307 308
307 461
307 462
307 597
307 598
307 621
307 622
307 747
307 748
307 827
307 828
307 847
307 848
307 859
307 860
307 905
307 906
308 461
308 462
308 547
308 548
308 597
308 598
308 621
308 622
308 747
308 748
308 827
308 828
308 847
308 848
308 859
308 860
309 310
309 357
309 576
309 623
310 358
310 523
310 573
310 574
310 696
311 312
311 337
311 457
311 458
312 338
312 453
312 530
313 314
313 485
313 486
314 433
314 434
314 571
314 588
315 316
315 345
315 353
315 354
315 643
315 644
316 366
316 455
316 556
316 643
316 644
316 880
317 318
317 329
317 330
317 396
318 354
318 506
319 320
319 349
319 350
319 439
319 440
320 327
320 431
320 432
320 439
320 440
321 322
321 522
321 907
321 908
322 333
322 522
323 324
323 519
323 520
324 402
325 326
325 491
325 492
325 525
325 543
326 421
326 422
326 451
326 452
326 491
327 328
328 351
328 352
328 439
329 330
329 379
329 380
329 396
329 497
330 395
330 396
330 497
331 332
331 500
331 847
331 848
332 499
332 618
332 867
332 868
333 334
333 907
335 336
335 409
335 410
335 459
335 460
335 581
335 582
335 599
335 600
335 729
335 730
335 755
335 756
335 769
335 770
335 775
335 776
335 789
335 790
336 409
336 410
336 515
336 516
336 581
336 582
336 599
336 600
336 729
336 730
336 755
336 756
336 769
336 770
336 775
336 776
336 789
336 790
337 338
337 530
338 454
338 521
338 522
338 700
339 340
339 489
339 490
339 559
339 560
339 683
339 684
339 773
339 774
339 837
339 838
339 887
339 888
339 907
339 908
340 489
340 490
340 559
340 560
340 683
340 684
340 773
340 774
340 837
340 838
340 887
340 888
341 342
341 407
341 468
341 633
341 694
342 468
342 693
342 815
342 817
342 818
343 344
343 708
343 803
343 804
344 436
344 707
344 762
345 346
345 456
345 533
345 534
345 644
346 366
346 555
346 879
346 885
346 886
347 348
347 515
348 505
348 506
349 350
350 425
350 426
351 352
351 396
351 415
351 416
352 354
352 395
353 354
353 499
353 500
354 498
354 505
354 521
354 522
355 356
355 691
355 692
355 878
356 729
356 730
356 802
357 358
357 523
357 689
358 623
359 360
359 797
359 798
360 362
360 503
360 504
361 362
362 798
363 364
363 543
363 544
363 593
363 594
363 675
363 676
363 749
363 750
363 763
363 764
363 811
363 812
363 851
363 852
363 861
363 862
364 593
364 594
364 675
364 676
364 749
364 750
364 763
364 764
364 767
364 768
364 811
364 812
364 851
364 852
364 861
364 862
365 366
365 427
365 428
365 556
365 644
366 456
366 737
366 738
366 879
366 880
367 368
367 438
367 741
367 742
368 437
368 566
368 628
369 370
369 413
369 463
369 571
369 797
369 798
370 414
370 464
370 697
370 698
371 372
371 418
371 631
371 632
371 691
371 801
371 802
372 411
372 412
372 417
372 631
372 692
372 755
372 756
373 374
373 477
373 510
373 585
373 586
373 739
373 799
374 509
374 561
374 562
374 567
374 589
374 740
374 799
375 376
375 583
375 647
375 713
376 483
376 584
376 648
376 695
376 696
376 710
376 713
377 378
377 419
377 420
377 487
377 488
377 503
377 504
377 549
377 550
377 591
377 592
377 595
377 596
377 645
377 646
377 745
377 746
378 419
378 420
378 503
378 504
378 549
378 550
378 591
378 592
378 595
378 596
378 637
378 638
378 645
378 646
378 745
378 746
379 380
379 459
379 460
379 613
379 614
379 735
379 736
379 807
379 808
379 831
379 832
379 873
379 874
379 889
379 890
380 459
380 460
380 581
380 582
380 613
380 614
380 735
380 736
380 807
380 808
380 831
380 832
380 873
380 874
380 889
380 890
381 382
381 911
381 912
382 912
383 384
385 386
385 601
385 602
385 687
385 688
385 705
385 706
385 761
385 762
385 791
385 792
385 829
385 830
385 833
385 834
385 867
385 868
385 885
385 886
386 601
386 602
386 687
386 688
386 705
386 706
386 791
386 792
386 801
386 802
386 829
386 830
386 833
386 834
386 867
386 868
386 885
386 886
387 388
387 481
387 482
387 547
387 548
387 639
387 640
387 677
387 678
387 717
387 718
387 761
387 762
387 793
387 794
387 813
387 814
388 481
388 482
388 547
388 548
388 639
388 640
388 677
388 678
388 717
388 718
388 793
388 794
388 813
388 814
388 847
388 848
389 390
389 557
389 558
389 697
389 698
389 721
389 722
389 727
389 728
389 783
389 784
389 809
389 810
389 817
389 818
390 557
390 558
390 697
390 698
390 713
390 714
390 721
390 722
390 727
390 728
390 783
390 784
390 809
390 810
390 817
390 818
391 392
391 434
391 507
391 508
391 519
391 667
391 846
392 434
392 579
392 663
393 394
393 443
393 535
393 536
393 551
393 552
393 641
393 642
393 731
393 849
393 883
393 884
394 477
394 478
394 642
394 732
394 839
394 840
394 883
395 396
396 498
396 506
397 398
397 459
397 460
397 537
397 715
398 715
399 400
399 527
399 528
399 635
399 636
399 759
399 760
399 825
399 826
399 863
399 864
399 871
399 872
399 875
399 876
400 527
400 528
400 635
400 636
400 759
400 760
400 765
400 766
400 825
400 826
400 863
400 864
400 871
400 872
400 875
400 876
401 402
401 445
401 446
402 483
402 484
403 404
404 831
404 832
405 406
406 573
406 574
407 408
407 543
407 544
408 641
408 642
408 694
408 815
408 820
409 410
409 581
409 582
409 599
409 600
409 677
409 678
409 729
409 730
409 755
409 756
409 769
409 770
409 775
409 776
409 789
409 790
410 581
410 582
410 585
410 586
410 599
410 600
410 729
410 730
410 755
410 756
410 769
410 770
410 775
410 776
410 789
410 790
411 412
411 513
411 825
411 826
412 417
412 513
412 650
413 414
413 571
413 853
414 587
414 588
414 854
415 416
415 905
415 910
416 905
417 418
417 632
417 649
418 649
418 758
419 420
419 503
419 504
419 549
419 550
419 591
419 592
419 593
419 594
419 595
419 596
419 645
419 646
419 745
419 746
420 503
420 504
420 513
420 514
420 549
420 550
420 591
420 592
420 595
420 596
420 645
420 646
420 745
420 746
421 422
421 451
423 424
423 440
425 426
425 489
425 490
425 511
425 512
425 625
425 626
425 685
425 686
425 737
425 738
425 777
425 778
425 781
425 782
425 803
425 804
425 835
425 836
426 511
426 512
426 575
426 576
426 625
426 626
426 685
426 686
426 737
426 738
426 777
426 778
426 781
426 782
426 803
426 804
426 835
426 836
427 428
427 500
427 609
427 610
427 618
427 796
427 892
428 795
428 796
428 866
428 892
429 430
429 445
429 725
429 726
429 787
430 553
430 719
430 720
430 805
431 432
431 523
431 524
431 569
431 585
432 469
432 533
432 569
433 434
433 559
433 560
433 668
433 846
434 519
434 574
434 579
434 663
434 665
434 666
435 436
436 488
437 438
437 627
438 627
438 769
438 770
439 440
440 801
440 802
441 442
442 516
442 707
442 708
443 444
443 642
443 731
443 732
443 831
443 832
443 840
443 849
443 884
444 535
444 731
444 732
444 840
444 883
445 446
445 567
445 568
445 605
445 725
445 788
445 806
446 725
446 805
447 448
447 457
447 458
447 485
447 486
447 539
447 540
447 545
447 546
447 551
447 552
447 657
447 658
447 669
447 670
447 741
447 742
448 485
448 486
448 539
448 540
448 541
448 542
448 545
448 546
448 551
448 552
448 657
448 658
448 669
448 670
448 741
448 742
449 450
449 627
449 628
450 593
450 594
450 616
450 629
450 765
451 452
452 491
452 499
452 500
452 526
453 454
453 529
453 530
453 661
453 662
454 530
454 699
455 456
455 805
455 806
456 879
456 880
457 458
457 537
457 705
457 706
457 716
457 902
458 537
458 715
458 716
458 901
459 460
459 499
459 500
459 613
459 614
459 735
459 736
459 807
459 808
459 831
459 832
459 873
459 874
459 889
459 890
460 613
460 614
460 735
460 736
460 807
460 808
460 831
460 832
460 873
460 874
460 889
460 890
461 462
461 597
461 598
461 621
461 622
461 747
461 748
461 827
461 828
461 847
461 848
461 859
461 860
462 597
462 598
462 621
462 622
462 747
462 748
462 827
462 828
462 847
462 848
462 855
462 856
462 859
462 860
463 464
463 685
463 686
463 854
464 577
464 578
464 854
465 466
465 526
466 491
466 535
466 536
467 468
467 483
467 484
467 633
467 693
467 694
468 687
468 688
468 694
468 815
468 819
468 820
469 470
469 491
469 492
469 569
469 570
469 585
470 534
470 570
471 472
471 603
471 604
471 655
471 656
471 723
471 724
471 767
471 768
472 603
472 604
472 723
472 724
472 767
472 768
472 831
472 832
473 474
473 637
473 704
473 791
473 792
474 754
474 904
475 476
475 541
475 542
475 651
475 652
475 691
475 692
475 711
475 712
475 733
475 734
475 751
475 752
475 841
475 842
475 869
475 870
476 541
476 542
476 651
476 652
476 711
476 712
476 733
476 734
476 751
476 752
476 761
476 762
476 841
476 842
476 869
476 870
477 478
477 509
477 510
477 590
477 779
477 780
478 590
478 779
478 780
478 882
479 480
479 501
479 502
479 507
479 508
479 659
479 660
479 743
479 744
479 821
479 822
479 855
479 856
480 501
480 502
480 507
480 508
480 659
480 660
480 743
480 744
480 797
480 798
480 821
480 822
480 855
480 856
481 482
481 547
481 548
481 639
481 640
481 677
481 678
481 717
481 718
481 793
481 794
481 805
481 806
481 813
481 814
482 547
482 548
482 639
482 640
482 677
482 678
482 705
482 706
482 717
482 718
482 793
482 794
482 813
482 814
483 484
483 710
484 709
484 710
484 783
484 784
485 486
485 539
485 540
485 545
485 546
485 551
485 552
485 657
485 658
485 669
485 670
485 741
485 742
486 539
486 540
486 545
486 546
486 547
486 548
486 551
486 552
486 657
486 658
486 669
486 670
486 741
486 742
487 488
487 669
487 670
488 755
488 756
489 490
489 559
489 560
489 683
489 684
489 773
489 774
489 837
489 838
489 887
489 888
490 559
490 560
490 683
490 684
490 773
490 774
490 837
490 838
490 887
490 888
491 492
491 519
491 520
491 543
491 544
493 494
493 551
493 552
493 609
493 719
493 900
494 719
494 844
494 900
495 496
495 537
495 538
495 564
495 612
495 766
495 771
496 611
496 616
496 629
496 765
496 772
497 498
497 506
498 523
498 524
499 500
499 617
499 891
500 618
500 795
500 796
500 837
500 838
500 892
501 502
501 507
501 508
501 659
501 660
501 699
501 700
501 743
501 744
501 821
501 822
501 855
501 856
502 507
502 508
502 659
502 660
502 743
502 744
502 821
502 822
502 855
502 856
503 504
503 549
503 550
503 591
503 592
503 595
503 596
503 645
503 646
503 651
503 652
503 745
503 746
504 549
504 550
504 591
504 592
504 595
504 596
504 645
504 646
504 745
504 746
505 506
506 701
506 702
507 508
507 659
507 660
507 743
507 744
507 821
507 822
507 855
507 856
508 659
508 660
508 743
508 744
508 821
508 822
508 855
508 856
509 510
510 589
510 769
510 770
510 799
510 881
510 882
511 512
511 625
511 626
511 685
511 686
511 719
511 720
511 737
511 738
511 777
511 778
511 781
511 782
511 803
511 804
511 835
511 836
512 625
512 626
512 685
512 686
512 721
512 722
512 737
512 738
512 777
512 778
512 781
512 782
512 803
512 804
512 835
512 836
513 514
513 603
513 604
513 632
513 649
513 650
513 692
513 757
514 645
514 646
514 650
515 516
516 799
516 800
517 518
517 607
517 608
517 653
517 654
517 655
517 656
517 679
517 680
517 701
517 702
518 607
518 608
518 653
518 654
518 655
518 656
518 679
518 680
518 701
518 702
519 520
519 663
519 665
519 666
519 845
520 663
521 522
523 524
523 609
523 610
523 624
524 624
525 526
525 543
525 813
525 814
527 528
527 635
527 636
527 759
527 760
527 825
527 826
527 863
527 864
527 871
527 872
527 875
527 876
528 635
528 636
528 759
528 760
528 765
528 766
528 825
528 826
528 863
528 864
528 871
528 872
528 875
528 876
529 530
529 699
530 799
530 800
531 532
531 661
531 662
531 665
531 666
531 681
531 682
531 785
531 786
531 857
531 858
531 893
531 894
531 897
531 898
532 661
532 662
532 665
532 666
532 669
532 670
532 681
532 682
532 785
532 786
532 857
532 858
532 893
532 894
532 897
532 898
533 534
533 569
535 536
536 642
536 839
536 840
536 841
536 842
536 849
536 883
537 538
538 716
538 902
539 540
539 543
539 544
539 545
539 546
539 551
539 552
539 657
539 658
539 669
539 670
539 741
539 742
540 545
540 546
540 551
540 552
540 657
540 658
540 669
540 670
540 741
540 742
541 542
541 651
541 652
541 711
541 712
541 733
541 734
541 751
541 752
541 841
541 842
541 847
541 848
541 869
541 870
542 651
542 652
542 711
542 712
542 733
542 734
542 751
542 752
542 841
542 842
542 869
542 870
543 544
544 843
544 844
545 546
545 551
545 552
545 657
545 658
545 669
545 670
545 741
545 742
546 551
546 552
546 657
546 658
546 661
546 662
546 669
546 670
546 741
546 742
547 548
547 561
547 562
547 639
547 640
547 677
547 678
547 717
547 718
547 793
547 794
547 813
547 814
548 639
548 640
548 677
548 678
548 717
548 718
548 727
548 728
548 793
548 794
548 813
548 814
549 550
549 591
549 592
549 595
549 596
549 645
549 646
549 669
549 670
549 745
549 746
550 591
550 592
550 595
550 596
550 645
550 646
550 703
550 704
550 745
550 746
551 552
551 657
551 658
551 669
551 670
551 741
551 742
552 657
552 658
552 663
552 664
552 669
552 670
552 741
552 742
553 554
553 726
554 606
554 788
554 805
555 556
555 643
555 879
556 880
557 558
557 697
557 698
557 721
557 722
557 727
557 728
557 783
557 784
557 809
557 810
557 817
557 818
557 869
557 870
558 697
558 698
558 721
558 722
558 727
558 728
558 737
558 738
558 783
558 784
558 809
558 810
558 817
558 818
559 560
559 683
559 684
559 773
559 774
559 809
559 810
559 837
559 838
559 887
559 888
560 683
560 684
560 773
560 774
560 823
560 824
560 837
560 838
560 887
560 888
561 562
562 577
563 564
563 629
563 630
563 766
563 767
563 768
564 613
564 614
564 615
564 630
564 765
565 566
565 628
566 628
567 568
567 799
568 589
568 590
568 665
568 666
569 570
569 671
570 586
570 619
570 620
571 572
571 575
571 576
571 779
572 631
572 632
572 780
572 853
573 574
573 846
574 579
574 597
574 598
574 663
574 668
574 846
575 576
575 696
576 689
576 693
576 694
576 695
577 578
578 613
578 614
579 580
579 668
580 667
580 846
581 582
581 599
581 600
581 729
581 730
581 755
581 756
581 769
581 770
581 775
581 776
581 777
581 778
581 789
581 790
582 599
582 600
582 729
582 730
582 755
582 756
582 769
582 770
582 775
582 776
582 789
582 790
583 584
583 663
583 664
584 653
584 654
585 586
586 671
586 672
586 847
586 848
587 588
587 780
587 801
587 802
588 779
588 780
588 879
588 880
589 590
589 771
589 772
589 882
590 740
590 781
590 782
590 800
591 592
591 595
591 596
591 645
591 646
591 739
591 740
591 745
591 746
592 595
592 596
592 645
592 646
592 745
592 746
593 594
593 651
593 652
593 675
593 676
593 749
593 750
593 763
593 764
593 811
593 812
593 851
593 852
593 861
593 862
594 675
594 676
594 749
594 750
594 763
594 764
594 797
594 798
594 811
594 812
594 851
594 852
594 861
594 862
595 596
595 645
595 646
595 741
595 742
595 745
595 746
596 645
596 646
596 745
596 746
597 598
597 621
597 622
597 747
597 748
597 827
597 828
597 847
597 848
597 849
597 850
597 859
597 860
598 621
598 622
598 747
598 748
598 827
598 828
598 847
598 848
598 859
598 860
599 600
599 729
599 730
599 753
599 754
599 755
599 756
599 769
599 770
599 775
599 776
599 789
599 790
600 729
600 730
600 755
600 756
600 769
600 770
600 775
600 776
600 781
600 782
600 789
600 790
601 602
601 687
601 688
601 701
601 702
601 705
601 706
601 791
601 792
601 829
601 830
601 833
601 834
601 867
601 868
601 885
601 886
602 687
602 688
602 701
602 702
602 705
602 706
602 791
602 792
602 829
602 830
602 833
602 834
602 867
602 868
602 885
602 886
603 604
603 723
603 724
603 767
603 768
604 723
604 724
604 767
604 768
604 817
604 818
605 606
605 787
605 805
606 726
606 787
606 799
606 800
606 806
607 608
607 621
607 622
607 653
607 654
607 655
607 656
607 679
607 680
607 701
607 702
608 653
608 654
608 655
608 656
608 679
608 680
608 701
608 702
609 610
609 655
609 656
609 878
610 720
610 877
610 878
611 612
611 630
611 766
611 767
611 768
611 771
611 772
612 625
612 626
612 630
612 771
613 614
613 735
613 736
613 807
613 808
613 831
613 832
613 873
613 874
613 889
613 890
614 735
614 736
614 807
614 808
614 831
614 832
614 847
614 848
614 873
614 874
614 889
614 890
615 616
615 765
615 772
616 629
616 765
617 618
617 627
617 628
617 891
618 865
618 866
619 620
619 795
619 865
619 866
619 891
619 892
620 796
620 899
620 900
621 622
621 747
621 748
621 827
621 828
621 847
621 848
621 859
621 860
622 747
622 748
622 827
622 828
622 847
622 848
622 859
622 860
623 624
623 689
623 690
623 695
624 695
625 626
625 685
625 686
625 737
625 738
625 777
625 778
625 781
625 782
625 783
625 784
625 803
625 804
625 835
625 836
626 685
626 686
626 737
626 738
626 777
626 778
626 781
626 782
626 803
626 804
626 813
626 814
626 835
626 836
627 628
628 817
628 818
629 630
630 765
630 766
631 632
631 650
631 757
632 691
632 692
632 757
633 634
633 801
633 802
633 820
634 693
634 741
634 742
634 815
634 816
635 636
635 759
635 760
635 825
635 826
635 863
635 864
635 865
635 866
635 871
635 872
635 875
635 876
636 759
636 760
636 825
636 826
636 863
636 864
636 871
636 872
636 875
636 876
637 638
637 896
637 904
638 753
638 773
638 774
639 640
639 677
639 678
639 717
639 718
639 763
639 764
639 793
639 794
639 813
639 814
640 677
640 678
640 717
640 718
640 793
640 794
640 813
640 814
641 642
641 705
641 706
641 840
641 850
641 883
642 731
642 759
642 760
642 839
643 644
643 880
644 879
645 646
645 745
645 746
646 745
646 746
647 648
647 709
647 713
648 710
648 711
648 712
649 650
649 691
649 743
649 744
650 691
650 758
651 652
651 711
651 712
651 733
651 734
651 751
651 752
651 841
651 842
651 869
651 870
651 903
651 904
652 711
652 712
652 713
652 714
652 733
652 734
652 751
652 752
652 841
652 842
652 869
652 870
653 654
653 655
653 656
653 679
653 680
653 701
653 702
654 655
654 656
654 679
654 680
654 701
654 702
655 656
655 679
655 680
655 701
655 702
656 679
656 680
656 701
656 702
657 658
657 669
657 670
657 671
657 672
657 741
657 742
658 669
658 670
658 741
658 742
658 871
658 872
659 660
659 743
659 744
659 821
659 822
659 831
659 832
659 855
659 856
660 743
660 744
660 821
660 822
660 855
660 856
661 662
661 665
661 666
661 681
661 682
661 785
661 786
661 857
661 858
661 893
661 894
661 897
661 898
662 665
662 666
662 679
662 680
662 681
662 682
662 785
662 786
662 857
662 858
662 893
662 894
662 897
662 898
663 664
663 667
664 813
664 814
665 666
665 667
665 668
665 681
665 682
665 785
665 786
665 857
665 858
665 893
665 894
665 897
665 898
666 681
666 682
666 785
666 786
666 857
666 858
666 893
666 894
666 895
666 896
666 897
666 898
667 668
667 679
667 680
668 846
668 863
668 864
669 670
669 741
669 742
670 741
670 742
671 672
672 765
672 766
673 674
674 775
674 776
675 676
675 749
675 750
675 763
675 764
675 811
675 812
675 851
675 852
675 861
675 862
676 749
676 750
676 763
676 764
676 811
676 812
676 851
676 852
676 861
676 862
677 678
677 717
677 718
677 793
677 794
677 813
677 814
678 717
678 718
678 793
678 794
678 813
678 814
679 680
679 701
679 702
680 701
680 702
681 682
681 785
681 786
681 857
681 858
681 893
681 894
681 895
681 896
681 897
681 898
682 785
682 786
682 857
682 858
682 881
682 882
682 893
682 894
682 897
682 898
683 684
683 769
683 770
683 773
683 774
683 837
683 838
683 887
683 888
684 773
684 774
684 837
684 838
684 887
684 888
685 686
685 737
685 738
685 777
685 778
685 781
685 782
685 803
685 804
685 835
685 836
686 737
686 738
686 777
686 778
686 781
686 782
686 803
686 804
686 835
686 836
686 861
686 862
687 688
687 705
687 706
687 791
687 792
687 829
687 830
687 833
687 834
687 867
687 868
687 885
687 886
687 891
687 892
688 705
688 706
688 783
688 784
688 791
688 792
688 829
688 830
688 833
688 834
688 867
688 868
688 885
688 886
689 690
689 695
691 692
693 694
694 816
694 819
695 696
696 723
696 724
697 698
697 721
697 722
697 727
697 728
697 759
697 760
697 783
697 784
697 809
697 810
697 817
697 818
698 721
698 722
698 727
698 728
698 783
698 784
698 801
698 802
698 809
698 810
698 817
698 818
699 700
700 743
700 744
701 702
702 749
702 750
703 704
703 753
703 824
703 904
704 896
705 706
705 709
705 710
705 791
705 792
705 829
705 830
705 833
705 834
705 867
705 868
705 885
705 886
706 791
706 792
706 829
706 830
706 833
706 834
706 867
706 868
706 873
706 874
706 885
706 886
707 708
707 762
709 710
709 713
710 713
711 712
711 733
711 734
711 751
711 752
711 841
711 842
711 869
711 870
712 733
712 734
712 751
712 752
712 841
712 842
712 869
712 870
713 714
713 899
713 900
714 799
714 800
715 716
715 757
715 758
715 901
716 911
716 912
717 718
717 741
717 742
717 793
717 794
717 813
717 814
718 793
718 794
718 813
718 814
719 720
719 844
719 878
719 900
720 801
720 900
721 722
721 727
721 728
721 783
721 784
721 793
721 794
721 809
721 810
721 817
721 818
722 727
722 728
722 783
722 784
722 809
722 810
722 817
722 818
723 724
723 767
723 768
724 767
724 768
725 726
725 767
725 768
725 805
726 805
727 728
727 783
727 784
727 809
727 810
727 817
727 818
728 783
728 784
728 809
728 810
728 817
728 818
729 730
729 755
729 756
729 769
729 770
729 775
729 776
729 789
729 790
730 755
730 756
730 769
730 770
730 775
730 776
730 789
730 790
731 732
731 840
732 839
733 734
733 751
733 752
733 841
733 842
733 869
733 870
734 751
734 752
734 753
734 754
734 841
734 842
734 869
734 870
735 736
735 807
735 808
735 831
735 832
735 873
735 874
735 889
735 890
736 807
736 808
736 831
736 832
736 873
736 874
736 889
736 890
736 891
736 892
737 738
737 777
737 778
737 781
737 782
737 797
737 798
737 803
737 804
737 835
737 836
738 777
738 778
738 781
738 782
738 803
738 804
738 835
738 836
739 740
739 761
739 762
739 799
739 800
739 882
740 799
740 881
740 885
740 886
741 742
741 847
741 848
742 801
742 802
743 744
743 759
743 760
743 821
743 822
743 855
743 856
744 821
744 822
744 829
744 830
744 855
744 856
745 746
746 789
746 790
747 748
747 827
747 828
747 847
747 848
747 859
747 860
747 891
747 892
748 827
748 828
748 847
748 848
748 859
748 860
749 750
749 763
749 764
749 811
749 812
749 851
749 852
749 861
749 862
750 763
750 764
750 799
750 800
750 811
750 812
750 851
750 852
750 861
750 862
751 752
751 841
751 842
751 869
751 870
752 841
752 842
752 869
752 870
753 754
753 785
753 786
753 895
753 903
755 756
755 769
755 770
755 773
755 774
755 775
755 776
755 789
755 790
756 769
756 770
756 775
756 776
756 783
756 784
756 789
756 790
757 758
758 789
758 790
759 760
759 825
759 826
759 863
759 864
759 871
759 872
759 875
759 876
760 825
760 826
760 863
760 864
760 871
760 872
760 875
760 876
761 762
762 843
762 844
763 764
763 811
763 812
763 851
763 852
763 861
763 862
764 811
764 812
764 851
764 852
764 861
764 862
765 766
766 772
767 768
768 911
768 912
769 770
769 775
769 776
769 789
769 790
770 775
770 776
770 789
770 790
770 887
770 888
771 772
772 839
772 840
773 774
773 837
773 838
773 853
773 854
773 887
773 888
774 837
774 838
774 887
774 888
775 776
775 789
775 790
775 877
775 878
776 789
776 790
777 778
777 781
777 782
777 803
777 804
777 835
777 836
778 781
778 782
778 803
778 804
778 835
778 836
779 780
779 854
781 782
781 803
781 804
781 835
781 836
782 803
782 804
782 835
782 836
783 784
783 809
783 810
783 817
783 818
784 809
784 810
784 817
784 818
785 786
785 849
785 850
785 857
785 858
785 893
785 894
785 897
785 898
786 857
786 858
786 883
786 884
786 893
786 894
786 897
786 898
787 788
787 793
787 794
787 806
789 790
790 895
790 896
791 792
791 829
791 830
791 833
791 834
791 867
791 868
791 885
791 886
792 829
792 830
792 833
792 834
792 867
792 868
792 885
792 886
792 895
792 896
793 794
793 795
793 796
793 813
793 814
794 813
794 814
795 796
795 866
795 903
795 904
796 892
796 907
796 908
797 798
797 913
797 914
798 833
798 834
799 800
799 881
799 907
799 908
800 882
800 889
800 890
801 802
801 844
801 873
801 874
801 899
801 900
802 843
802 877
802 878
802 899
803 804
803 835
803 836
804 835
804 836
805 806
806 913
806 914
807 808
807 831
807 832
807 873
807 874
807 889
807 890
808 831
808 832
808 873
808 874
808 889
808 890
809 810
809 811
809 812
809 817
809 818
810 817
810 818
810 907
810 908
811 812
811 851
811 852
811 853
811 854
811 861
811 862
812 851
812 852
812 861
812 862
813 814
814 891
814 892
815 816
815 820
817 818
818 905
818 906
819 820
820 827
820 828
821 822
821 855
821 856
822 855
822 856
823 824
823 889
823 890
823 895
824 895
824 904
825 826
825 863
825 864
825 871
825 872
825 873
825 874
825 875
825 876
826 863
826 864
826 871
826 872
826 875
826 876
827 828
827 847
827 848
827 859
827 860
828 847
828 848
828 859
828 860
828 879
828 880
829 830
829 833
829 834
829 851
829 852
829 867
829 868
829 885
829 886
830 833
830 834
830 867
830 868
830 885
830 886
831 832
831 873
831 874
831 889
831 890
832 873
832 874
832 889
832 890
833 834
833 839
833 840
833 867
833 868
833 885
833 886
834 867
834 868
834 875
834 876
834 885
834 886
835 836
836 895
836 896
837 838
837 887
837 888
837 893
837 894
838 887
838 888
839 840
839 849
839 883
840 883
841 842
841 869
841 870
842 869
842 870
843 844
843 853
843 854
845 846
846 851
846 852
847 848
847 859
847 860
848 859
848 860
849 850
849 861
849 862
849 884
850 883
850 884
851 852
851 859
851 860
851 861
851 862
852 861
852 862
852 877
852 878
853 854
854 877
854 878
855 856
856 887
856 888
857 858
857 893
857 894
857 897
857 898
857 911
857 912
858 893
858 894
858 897
858 898
859 860
860 907
860 908
861 862
862 899
862 900
863 864
863 871
863 872
863 873
863 874
863 875
863 876
864 871
864 872
864 875
864 876
865 866
867 868
867 885
867 886
867 903
867 904
868 885
868 886
869 870
870 883
870 884
871 872
871 875
871 876
872 875
872 876
872 895
872 896
873 874
873 889
873 890
874 889
874 890
875 876
876 913
876 914
877 878
877 899
877 900
879 880
880 885
880 886
881 882
882 883
882 884
883 884
884 891
884 892
885 886
886 903
886 904
887 888
888 903
888 904
889 890
889 911
889 912
890 899
890 900
891 892
892 905
892 906
893 894
893 897
893 898
894 897
894 898
894 903
894 904
895 896
895 903
895 904
897 898
898 913
898 914
899 900
900 905
900 906
901 902
902 907
902 908
903 904
903 913
903 914
904 905
904 906
905 906
905 910
907 908
908 911
908 912
909 910
909 913
909 914
910 913
910 914
911 912
913 914
914 915
914 916
915 916
