916 5744
1 2
1 171
1 172
1 199
1 200
1 871
1 872
1 897
1 898
1 899
1 900
2 171
2 172
2 199
2 200
2 871
2 872
2 897
2 898
2 899
2 900
3 4
3 18
3 19
3 20
3 47
3 48
3 55
3 56
3 89
3 90
3 99
3 100
3 101
3 125
3 126
3 201
3 202
3 207
3 208
3 497
3 498
3 501
3 502
3 505
3 506
3 655
3 656
3 657
3 658
3 659
3 660
3 777
3 778
3 908
4 18
4 19
4 20
4 47
4 48
4 55
4 56
4 89
4 90
4 99
4 100
4 101
4 125
4 126
4 141
4 201
4 202
4 207
4 208
4 252
4 497
4 498
4 501
4 502
4 505
4 506
4 655
4 656
4 657
4 658
4 659
4 660
4 777
4 778
4 908
5 6
5 109
5 110
5 123
5 124
6 109
6 110
6 124
6 142
6 251
7 8
7 9
7 10
7 171
7 172
7 861
8 9
8 10
8 171
8 172
9 10
9 171
9 172
9 861
10 171
10 172
10 464
10 862
11 12
11 57
11 58
11 59
11 60
11 61
11 62
12 57
12 58
12 59
12 60
12 61
12 62
13 14
13 15
13 16
13 321
13 322
13 323
13 324
13 557
13 558
13 599
13 600
13 665
13 666
13 767
13 768
14 15
14 16
14 321
14 322
14 323
14 324
14 557
14 558
14 599
14 600
14 665
14 666
14 767
14 768
15 16
15 321
15 322
15 323
15 324
15 557
15 558
15 599
15 600
15 665
15 666
15 767
15 768
16 321
16 322
16 323
16 324
16 557
16 558
16 599
16 600
16 665
16 666
16 767
16 768
17 18
17 63
17 99
17 100
17 101
17 102
17 126
17 142
17 190
17 207
17 208
17 251
17 655
17 656
17 658
17 907
17 908
18 64
18 66
18 99
18 100
18 101
18 102
18 116
18 125
18 189
18 207
18 208
18 655
18 656
18 657
18 853
18 858
18 907
18 908
19 20
19 43
19 44
19 45
19 46
19 47
19 48
19 55
19 56
19 99
19 100
19 125
19 126
19 169
19 170
19 201
19 202
19 239
19 240
19 497
19 498
19 501
19 502
19 505
19 506
19 659
19 660
19 709
19 710
19 779
19 780
19 781
19 782
20 43
20 44
20 45
20 46
20 47
20 48
20 55
20 56
20 99
20 100
20 125
20 126
20 142
20 169
20 170
20 201
20 202
20 239
20 240
20 251
20 497
20 498
20 501
20 502
20 505
20 506
20 659
20 660
20 709
20 710
20 779
20 780
20 781
20 782
21 22
21 489
21 490
21 491
21 492
21 493
21 494
21 889
21 890
21 891
21 892
22 489
22 490
22 491
22 492
22 493
22 494
22 889
22 890
22 891
22 892
23 24
23 51
23 52
23 491
23 492
23 493
23 494
23 867
23 868
24 51
24 52
24 491
24 492
24 493
24 494
24 867
24 868
25 26
25 93
25 97
25 98
25 905
26 94
26 97
26 98
26 906
27 28
27 837
27 838
28 441
28 837
28 838
29 30
29 31
29 32
29 33
29 34
29 35
29 36
29 37
29 38
29 203
29 204
29 253
29 254
29 257
29 258
30 31
30 32
30 33
30 34
30 35
30 36
30 37
30 38
30 203
30 204
30 253
30 254
30 257
30 258
31 32
31 37
31 38
32 37
32 38
33 34
33 35
33 36
33 37
33 38
33 39
33 40
33 41
33 42
33 203
33 204
33 253
33 254
33 257
33 258
33 503
33 504
33 511
33 512
33 909
33 910
34 35
34 36
34 37
34 38
34 39
34 40
34 41
34 42
34 203
34 204
34 253
34 254
34 257
34 258
34 503
34 504
34 511
34 512
34 909
34 910
35 36
35 37
35 38
35 39
35 40
35 41
35 42
35 203
35 204
35 253
35 254
35 257
35 258
35 503
35 504
35 511
35 512
35 909
35 910
36 37
36 38
36 39
36 40
36 41
36 42
36 203
36 204
36 253
36 254
36 257
36 258
36 503
36 504
36 511
36 512
36 909
36 910
37 38
37 203
37 204
37 253
37 254
37 257
37 258
38 203
38 204
38 253
38 254
38 257
38 258
39 40
39 41
39 42
39 43
39 44
39 45
39 46
39 503
39 504
39 511
39 512
39 647
39 648
39 909
39 910
40 41
40 42
40 43
40 44
40 45
40 46
40 503
40 504
40 511
40 512
40 647
40 648
40 909
40 910
41 42
41 43
41 44
41 45
41 46
41 148
41 150
41 503
41 504
41 511
41 512
41 647
41 648
41 909
41 910
42 43
42 44
42 45
42 46
42 503
42 504
42 511
42 512
42 647
42 648
42 909
42 910
43 44
43 45
43 46
43 47
43 48
43 112
43 132
43 133
43 169
43 170
43 239
43 240
43 647
43 648
43 673
43 675
43 709
43 710
43 779
43 780
43 781
43 782
44 45
44 46
44 47
44 48
44 112
44 131
44 134
44 148
44 150
44 169
44 170
44 239
44 240
44 647
44 648
44 674
44 676
44 709
44 710
44 779
44 780
44 781
44 782
45 46
45 47
45 48
45 111
45 112
45 132
45 133
45 147
45 149
45 169
45 170
45 239
45 240
45 647
45 648
45 673
45 675
45 709
45 710
45 779
45 780
45 781
45 782
46 47
46 48
46 131
46 134
46 169
46 170
46 239
46 240
46 647
46 648
46 674
46 676
46 709
46 710
46 779
46 780
46 781
46 782
47 48
47 89
47 90
47 142
47 169
47 170
47 239
47 240
47 251
47 655
47 656
47 657
47 658
47 709
47 710
47 777
47 778
47 779
47 780
47 781
47 782
48 89
48 90
48 116
48 169
48 170
48 189
48 239
48 240
48 655
48 656
48 657
48 658
48 709
48 710
48 777
48 778
48 779
48 780
48 781
48 782
48 853
49 50
49 51
49 52
49 53
49 54
49 105
49 106
49 867
49 868
50 51
50 52
50 53
50 54
50 105
50 106
50 867
50 868
51 52
51 53
51 54
51 867
51 868
51 881
51 882
51 893
51 894
52 53
52 54
52 867
52 868
52 881
52 882
52 893
52 894
53 54
53 79
53 80
53 881
53 882
54 881
54 882
55 56
55 99
55 100
55 125
55 126
55 201
55 202
55 497
55 498
55 501
55 502
55 505
55 506
55 655
55 659
55 660
55 907
55 908
56 99
56 100
56 125
56 126
56 201
56 202
56 207
56 208
56 497
56 498
56 501
56 502
56 505
56 506
56 656
56 659
56 660
56 853
56 907
56 908
57 58
57 59
57 60
57 61
57 62
58 59
58 60
58 61
58 62
59 60
59 61
59 62
60 61
60 62
61 62
63 64
63 65
63 66
63 102
63 121
63 122
63 126
63 142
63 190
63 207
63 251
63 658
63 851
63 852
64 65
64 66
64 101
64 114
64 121
64 122
64 125
64 142
64 189
64 190
64 207
64 251
64 655
64 657
64 851
64 852
65 66
65 102
65 121
65 122
65 142
65 190
65 207
65 251
65 656
65 658
65 778
65 851
65 852
65 856
66 101
66 114
66 121
66 122
66 125
66 189
66 190
66 655
66 657
66 851
66 852
67 68
67 69
67 70
67 651
67 652
67 835
67 836
67 879
67 880
68 69
68 70
68 651
68 652
68 835
68 836
68 879
68 880
69 70
69 651
69 652
69 835
69 836
69 879
69 880
70 651
70 652
70 835
70 836
70 879
70 880
71 72
71 393
71 394
71 739
71 740
72 393
72 394
72 739
72 740
73 74
73 75
73 76
74 75
74 76
74 131
74 134
75 76
75 77
75 78
75 257
75 258
75 521
75 522
75 831
75 832
76 77
76 78
76 148
76 150
76 257
76 258
76 521
76 522
76 831
76 832
77 78
77 257
77 258
77 521
77 522
77 831
77 832
78 257
78 258
78 316
78 521
78 522
78 831
78 832
79 80
79 81
79 82
80 81
80 82
80 651
80 790
80 880
81 82
81 289
82 290
83 84
83 85
83 86
83 613
83 614
83 747
83 748
83 765
83 766
84 85
84 86
84 613
84 614
84 747
84 748
84 765
84 766
84 785
85 86
85 613
85 614
85 747
85 748
85 765
85 766
86 613
86 614
86 747
86 748
86 765
86 766
86 785
87 88
87 467
87 468
87 469
87 470
87 485
87 486
87 677
87 678
87 865
87 866
88 467
88 468
88 469
88 470
88 485
88 486
88 677
88 678
88 865
88 866
89 90
89 141
89 142
89 251
89 252
89 655
89 656
89 657
89 658
89 777
89 778
90 532
90 655
90 656
90 657
90 658
90 777
90 778
91 92
91 93
91 94
91 95
91 96
91 97
91 98
91 107
91 108
91 465
91 905
91 906
92 93
92 94
92 95
92 96
92 97
92 98
92 107
92 108
92 905
92 906
93 94
93 95
93 96
93 97
93 98
93 107
93 108
93 859
94 95
94 96
94 97
94 98
94 107
94 108
95 96
95 97
95 98
95 107
95 108
95 905
95 906
96 97
96 98
96 107
96 108
96 905
96 906
97 98
97 107
97 108
97 466
97 905
97 906
98 107
98 108
98 465
98 905
98 906
99 100
99 101
99 102
99 125
99 126
99 201
99 202
99 207
99 208
99 497
99 498
99 501
99 502
99 505
99 506
99 655
99 656
99 659
99 660
99 778
99 907
99 908
100 101
100 102
100 125
100 126
100 141
100 190
100 201
100 202
100 207
100 208
100 252
100 497
100 498
100 501
100 502
100 505
100 506
100 655
100 656
100 659
100 660
100 907
100 908
101 102
101 116
101 125
101 189
101 207
101 208
101 655
101 656
101 657
101 853
101 858
101 907
101 908
102 126
102 142
102 190
102 207
102 208
102 251
102 655
102 656
102 658
102 907
102 908
103 104
103 105
103 106
103 495
103 496
103 651
103 652
104 105
104 106
104 495
104 496
104 651
104 652
105 106
105 867
105 868
106 867
106 868
107 108
107 905
107 906
108 467
108 859
108 905
108 906
109 110
109 121
109 122
109 123
109 124
109 142
109 251
110 121
110 122
110 123
110 124
110 142
110 251
111 112
111 169
111 170
111 239
111 240
111 484
111 508
111 509
111 510
111 709
111 710
111 779
111 780
111 781
111 782
112 169
112 170
112 240
112 509
112 510
112 532
112 710
112 779
112 780
112 781
112 782
113 114
113 189
113 190
113 208
113 655
113 657
113 658
113 778
114 142
114 189
114 190
114 207
114 251
114 656
114 657
114 778
115 116
115 189
115 190
115 207
115 852
116 189
116 190
116 208
116 498
116 501
116 506
116 657
116 778
117 118
117 119
117 120
117 151
117 179
117 180
117 183
117 184
117 217
117 218
117 401
117 402
117 405
117 439
117 450
117 563
117 564
117 619
117 620
117 667
117 668
117 741
117 825
117 826
117 827
117 828
117 829
117 830
117 911
117 912
118 119
118 120
118 128
118 152
118 179
118 180
118 181
118 182
118 183
118 184
118 218
118 401
118 402
118 440
118 449
118 563
118 564
118 619
118 620
118 667
118 668
118 825
118 826
118 827
118 828
118 829
118 830
118 911
118 912
119 120
119 151
119 152
119 153
119 154
119 179
119 180
119 183
119 184
119 209
119 211
119 217
119 218
119 401
119 402
119 450
119 563
119 564
119 619
119 620
119 667
119 668
119 825
119 826
119 828
119 829
119 830
120 151
120 152
120 153
120 154
120 183
120 184
120 217
120 218
120 401
120 402
120 440
120 449
120 563
120 564
120 619
120 620
120 667
120 668
120 769
120 770
120 825
120 826
120 827
120 829
120 830
120 911
121 122
121 123
121 124
121 142
121 251
121 851
121 852
122 123
122 124
122 141
122 142
122 251
122 252
122 851
122 852
123 124
123 141
123 142
123 251
123 252
124 137
124 139
124 141
124 142
124 251
124 252
125 126
125 201
125 202
125 207
125 208
125 497
125 498
125 501
125 502
125 505
125 506
125 656
125 657
125 659
125 660
125 778
125 853
125 855
126 190
126 201
126 202
126 207
126 497
126 498
126 501
126 502
126 505
126 506
126 655
126 658
126 659
126 660
126 778
126 854
126 908
127 128
127 129
127 130
127 153
127 180
127 184
127 205
127 206
127 213
127 299
127 301
127 615
127 616
127 618
127 620
127 829
128 129
128 130
128 153
128 183
128 205
128 206
128 213
128 214
128 449
128 615
128 616
128 828
128 911
129 130
129 153
129 206
129 214
129 615
130 154
130 179
130 180
130 184
130 205
130 213
130 616
130 618
130 667
130 827
130 912
131 132
131 133
131 134
131 239
131 245
131 246
131 513
131 673
131 674
131 675
131 676
131 709
132 133
132 134
132 169
132 240
132 245
132 246
132 673
132 674
132 675
132 676
132 710
132 780
132 782
133 134
133 169
133 240
133 245
133 246
133 673
133 674
133 675
133 676
133 710
133 780
133 782
134 239
134 245
134 246
134 513
134 673
134 674
134 675
134 676
134 709
135 136
135 137
135 138
135 139
135 140
135 167
135 168
135 437
135 438
135 446
135 447
135 448
136 137
136 138
136 139
136 140
136 167
136 168
136 437
136 438
136 446
136 447
137 138
137 139
137 140
137 141
137 142
137 167
137 168
137 251
137 252
137 437
137 438
138 139
138 140
138 141
138 142
138 167
138 168
138 251
138 252
138 437
138 438
139 140
139 141
139 142
139 167
139 168
139 251
139 252
139 437
139 438
140 141
140 142
140 167
140 168
140 251
140 252
140 437
140 438
141 142
141 202
141 251
141 252
141 445
141 531
141 532
141 656
141 777
141 778
142 201
142 207
142 208
142 251
142 252
142 445
142 498
142 532
142 657
142 658
142 710
142 778
142 780
142 782
142 852
142 853
142 855
142 856
143 144
143 145
143 146
143 273
143 274
143 275
143 276
143 277
143 278
143 281
143 282
143 283
143 284
143 341
143 342
143 343
143 344
143 713
143 714
143 717
143 718
143 719
143 720
143 721
143 722
143 723
143 724
143 788
144 145
144 146
144 273
144 274
144 275
144 276
144 277
144 278
144 281
144 282
144 283
144 284
144 341
144 342
144 343
144 344
144 713
144 714
144 717
144 718
144 719
144 720
144 721
144 722
144 723
144 724
145 146
145 273
145 274
145 275
145 276
145 277
145 278
145 281
145 282
145 283
145 284
145 341
145 342
145 343
145 344
145 713
145 714
145 717
145 718
145 719
145 720
145 721
145 722
145 723
145 724
145 788
146 273
146 274
146 275
146 276
146 277
146 278
146 281
146 282
146 283
146 284
146 341
146 342
146 343
146 344
146 713
146 714
146 717
146 718
146 719
146 720
146 721
146 722
146 723
146 724
147 148
147 149
147 150
147 241
147 242
147 243
147 244
147 245
147 246
147 247
147 248
147 249
147 250
147 710
147 779
147 781
148 149
148 150
148 241
148 242
148 243
148 244
148 245
148 246
148 247
148 248
148 249
148 250
148 513
148 780
148 782
149 150
149 241
149 242
149 243
149 244
149 245
149 246
149 247
149 248
149 249
149 250
149 710
149 779
149 781
150 241
150 242
150 243
150 244
150 245
150 246
150 247
150 248
150 249
150 250
150 513
150 780
150 782
151 152
151 153
151 154
151 179
151 180
151 181
151 183
151 184
151 209
151 210
151 211
151 212
151 217
151 218
151 295
151 296
151 300
151 302
151 401
151 439
151 450
151 563
151 619
151 620
151 641
151 642
151 643
151 644
151 667
151 715
151 716
151 825
151 827
151 828
151 911
151 912
152 153
152 154
152 179
152 180
152 181
152 183
152 184
152 209
152 210
152 211
152 212
152 217
152 218
152 295
152 296
152 299
152 301
152 401
152 402
152 440
152 449
152 619
152 620
152 641
152 642
152 643
152 644
152 668
152 715
152 716
152 770
152 825
152 826
152 827
152 828
152 830
152 911
152 912
153 154
153 179
153 180
153 183
153 184
153 206
153 209
153 210
153 211
153 212
153 217
153 218
153 311
153 312
153 313
153 314
153 401
153 563
153 575
153 576
153 619
153 620
153 641
153 642
153 643
153 644
153 667
153 668
153 770
153 825
153 829
154 180
154 181
154 183
154 184
154 205
154 209
154 210
154 211
154 212
154 213
154 214
154 217
154 218
154 311
154 312
154 313
154 314
154 402
154 564
154 575
154 576
154 615
154 619
154 641
154 642
154 643
154 644
154 667
154 668
154 769
154 826
154 830
155 156
155 157
155 158
155 339
155 340
155 341
155 342
155 343
155 344
155 345
155 346
155 347
155 348
155 725
155 726
155 727
155 728
156 157
156 158
156 339
156 340
156 341
156 342
156 343
156 344
156 345
156 346
156 347
156 348
156 725
156 726
156 727
156 728
157 158
157 339
157 340
157 341
157 342
157 343
157 344
157 345
157 346
157 347
157 348
157 725
157 726
157 727
157 728
158 339
158 340
158 341
158 342
158 343
158 344
158 345
158 346
158 347
158 348
158 725
158 726
158 727
158 728
159 160
159 161
159 162
159 779
159 780
159 781
159 782
160 161
160 162
160 779
160 780
160 781
160 782
161 162
161 779
161 780
161 781
161 782
162 779
162 780
162 781
162 782
163 164
163 165
163 166
163 331
163 332
163 333
163 334
163 353
163 354
163 479
163 553
163 554
164 165
164 166
164 331
164 332
164 333
164 334
164 353
164 354
164 553
164 554
164 752
165 166
165 331
165 332
165 333
165 334
165 353
165 354
165 479
165 553
165 554
166 331
166 332
166 333
166 334
166 353
166 354
166 553
166 554
166 752
167 168
167 437
167 438
167 446
167 447
168 437
168 438
168 446
168 448
169 170
169 239
169 240
169 709
169 710
169 779
169 780
169 781
169 782
170 239
170 240
170 709
170 710
170 779
170 780
170 781
170 782
171 172
171 199
171 200
171 871
171 872
172 199
172 200
172 871
172 872
173 174
173 429
173 430
173 670
174 429
174 430
175 176
175 177
175 178
175 231
175 427
175 428
175 432
175 433
175 434
176 177
176 178
176 232
176 427
176 428
176 431
176 433
176 434
177 178
177 421
177 422
177 427
177 428
177 433
177 434
178 421
178 422
178 427
178 428
178 433
178 434
179 180
179 183
179 184
179 209
179 211
179 217
179 439
179 440
179 449
179 450
179 563
179 615
179 616
179 757
179 760
179 769
179 827
179 828
179 911
179 912
180 183
180 184
180 206
180 209
180 210
180 211
180 212
180 214
180 217
180 218
180 299
180 300
180 301
180 302
180 401
180 402
180 405
180 439
180 440
180 449
180 450
180 615
180 616
180 619
180 654
180 769
180 825
180 826
180 827
180 828
180 830
180 911
180 912
181 182
181 183
181 184
181 206
181 209
181 211
181 214
181 217
181 300
181 302
181 311
181 312
181 313
181 314
181 369
181 370
181 377
181 378
181 402
181 405
181 406
181 440
181 449
181 477
181 478
181 619
181 653
181 741
181 742
181 773
181 774
181 826
182 183
182 184
182 311
182 312
182 313
182 314
182 369
182 370
182 376
182 377
182 378
182 405
182 406
182 440
182 449
182 477
182 478
182 741
182 742
182 817
182 818
183 184
183 209
183 210
183 211
183 212
183 214
183 217
183 218
183 296
183 300
183 302
183 311
183 312
183 313
183 314
183 369
183 370
183 377
183 378
183 401
183 402
183 405
183 406
183 439
183 440
183 449
183 450
183 477
183 478
183 563
183 564
183 615
183 619
183 620
183 642
183 644
183 653
183 667
183 668
183 716
183 741
183 742
183 825
183 826
183 828
183 829
183 830
183 911
183 912
184 209
184 210
184 211
184 212
184 214
184 217
184 218
184 311
184 313
184 369
184 370
184 377
184 378
184 401
184 402
184 405
184 406
184 439
184 440
184 449
184 450
184 477
184 478
184 563
184 615
184 616
184 620
184 667
184 668
184 741
184 742
184 769
184 817
184 825
184 826
184 827
184 828
184 829
184 911
184 912
185 186
185 187
185 188
186 187
186 188
186 229
186 694
187 188
188 229
188 694
189 190
189 208
189 498
189 501
189 506
189 655
189 657
189 778
189 851
189 853
189 855
190 207
190 656
190 657
190 658
190 777
190 778
190 854
191 192
191 193
191 194
191 375
191 376
191 477
191 478
191 653
191 654
192 193
192 194
192 303
192 305
192 375
192 376
192 477
192 478
192 653
192 654
193 194
193 375
193 376
193 477
193 478
193 653
193 654
194 303
194 305
194 375
194 376
194 477
194 478
194 653
194 654
195 196
195 197
195 198
195 489
195 490
195 863
195 864
196 197
196 198
196 489
196 490
196 863
196 864
197 198
197 199
197 200
197 861
197 862
198 199
198 200
198 861
198 862
199 200
199 861
199 862
199 871
199 872
200 861
200 862
200 871
200 872
200 899
201 202
201 251
201 497
201 498
201 501
201 502
201 505
201 506
201 655
201 659
201 660
201 778
201 908
202 207
202 208
202 252
202 497
202 498
202 501
202 502
202 505
202 506
202 659
202 660
202 853
202 855
202 908
203 204
203 253
203 254
203 257
203 258
203 499
204 253
204 254
204 257
204 258
204 500
204 504
205 206
205 209
205 210
205 211
205 212
205 213
205 214
205 299
205 300
205 301
205 302
205 616
205 618
205 654
205 667
206 209
206 210
206 211
206 212
206 213
206 214
206 299
206 300
206 301
206 302
206 615
206 616
206 667
207 208
207 251
207 655
207 656
207 658
207 777
207 778
207 856
207 907
207 908
208 251
208 498
208 501
208 506
208 655
208 656
208 778
208 907
208 908
209 210
209 211
209 212
209 213
209 214
209 217
209 299
209 300
209 301
209 302
209 667
209 827
209 912
210 211
210 212
210 213
210 214
210 218
210 299
210 300
210 301
210 302
210 620
210 667
211 212
211 213
211 214
211 217
211 299
211 300
211 301
211 302
211 667
211 827
211 912
212 213
212 214
212 218
212 299
212 300
212 301
212 302
212 620
212 667
213 214
213 299
213 300
213 301
213 302
213 616
213 667
213 668
214 299
214 300
214 301
214 302
214 615
214 667
215 216
215 263
215 264
215 325
215 326
215 327
215 328
215 355
215 356
215 359
215 363
215 366
215 367
215 533
215 534
215 763
216 263
216 264
216 325
216 326
216 327
216 328
216 355
216 356
216 359
216 360
216 363
216 364
216 366
216 367
216 368
216 533
216 534
216 535
216 764
217 218
217 295
217 377
217 378
217 439
217 563
217 653
217 654
217 667
217 668
217 715
217 769
217 773
217 774
217 827
217 911
217 912
218 377
218 378
218 564
218 653
218 654
218 667
218 770
219 220
219 811
219 812
219 813
219 814
220 811
220 812
220 813
220 814
221 222
221 223
221 224
221 487
221 488
222 223
222 224
222 487
222 488
223 224
223 227
223 228
223 873
223 874
224 227
224 228
224 873
224 874
225 226
225 227
225 228
226 227
226 228
227 228
227 873
227 874
228 873
228 874
229 230
229 693
229 694
230 693
230 694
231 232
231 425
231 426
231 427
231 431
231 432
232 425
232 426
232 428
232 431
232 432
233 234
233 235
233 236
233 349
233 350
233 561
233 562
233 577
233 578
233 591
233 592
233 621
233 622
233 801
233 802
234 235
234 236
234 349
234 350
234 561
234 562
234 577
234 578
234 591
234 592
234 621
234 622
234 801
234 802
235 236
235 351
235 352
236 351
236 352
237 238
237 285
237 286
237 303
237 304
237 305
237 306
237 309
237 310
237 349
237 350
237 517
237 518
238 285
238 286
238 303
238 304
238 305
238 306
238 309
238 310
238 349
238 350
238 517
238 518
239 240
239 513
239 674
239 676
239 709
239 710
239 779
239 780
239 781
239 782
240 709
240 710
240 779
240 780
240 781
240 782
241 242
241 243
241 244
241 245
241 246
241 247
241 248
241 249
241 250
241 780
241 782
242 243
242 244
242 245
242 246
242 247
242 248
242 249
242 250
242 779
242 781
243 244
243 245
243 246
243 247
243 248
243 249
243 250
243 780
243 782
244 245
244 246
244 247
244 248
244 249
244 250
244 779
244 781
245 246
245 247
245 248
245 249
245 250
245 673
245 674
245 675
245 676
245 780
245 782
246 247
246 248
246 249
246 250
246 673
246 674
246 675
246 676
246 779
246 781
247 248
247 249
247 250
248 249
248 250
248 780
248 782
249 250
250 780
250 782
251 252
251 445
251 498
251 532
251 657
251 658
251 710
251 778
251 780
251 782
251 852
251 853
251 855
251 856
252 445
252 531
252 532
252 656
252 777
252 778
253 254
253 257
253 258
253 499
254 257
254 258
254 910
255 256
255 337
255 338
256 337
256 338
256 391
256 392
257 258
257 500
257 503
257 504
257 521
257 522
257 831
257 832
257 910
258 500
258 504
258 512
258 521
258 522
258 831
258 832
258 910
259 260
259 335
259 336
259 740
260 335
260 336
260 739
260 740
261 262
261 435
261 436
262 435
262 436
262 604
263 264
263 325
263 326
263 327
263 328
263 360
263 366
263 534
263 743
263 744
263 763
263 764
264 325
264 326
264 327
264 328
264 359
264 534
264 743
264 744
264 763
264 764
265 266
265 267
265 268
265 559
265 560
265 603
265 604
265 645
265 646
266 267
266 268
266 559
266 560
266 586
266 603
266 604
266 645
266 646
267 268
267 559
267 560
267 603
267 604
267 645
267 646
268 559
268 560
268 586
268 603
268 604
268 645
268 646
269 270
269 271
269 272
269 273
269 274
269 275
269 276
269 277
269 278
269 291
269 292
269 555
269 556
269 583
269 584
269 608
269 629
269 630
269 713
269 714
269 717
269 718
269 719
269 720
269 787
270 271
270 272
270 273
270 274
270 275
270 276
270 277
270 278
270 291
270 292
270 555
270 556
270 583
270 584
270 608
270 629
270 630
270 713
270 714
270 717
270 718
270 719
270 720
271 272
271 273
271 274
271 275
271 276
271 277
271 278
271 291
271 292
271 555
271 556
271 583
271 584
271 608
271 629
271 630
271 713
271 714
271 717
271 718
271 719
271 720
271 787
272 273
272 274
272 275
272 276
272 277
272 278
272 291
272 292
272 555
272 556
272 583
272 584
272 608
272 629
272 630
272 713
272 714
272 717
272 718
272 719
272 720
273 274
273 275
273 276
273 277
273 278
273 555
273 556
273 583
273 584
273 607
273 713
273 714
273 717
273 718
273 719
273 720
273 721
273 722
273 723
273 724
274 275
274 276
274 277
274 278
274 555
274 556
274 583
274 584
274 607
274 608
274 713
274 714
274 717
274 718
274 719
274 720
274 721
274 722
274 723
274 724
274 787
275 276
275 277
275 278
275 555
275 556
275 583
275 584
275 607
275 713
275 714
275 717
275 718
275 719
275 720
275 721
275 722
275 723
275 724
276 277
276 278
276 555
276 556
276 583
276 584
276 607
276 608
276 713
276 714
276 717
276 718
276 719
276 720
276 721
276 722
276 723
276 724
276 787
277 278
277 281
277 282
277 283
277 284
277 341
277 342
277 343
277 344
277 555
277 556
277 583
277 584
277 713
277 714
277 717
277 718
277 719
277 720
277 721
277 722
277 723
277 724
278 281
278 282
278 283
278 284
278 341
278 342
278 343
278 344
278 555
278 556
278 583
278 584
278 607
278 713
278 714
278 717
278 718
278 719
278 720
278 721
278 722
278 723
278 724
279 280
279 317
279 318
279 319
279 320
279 775
280 317
280 318
280 319
280 320
281 282
281 283
281 284
281 341
281 342
281 343
281 344
281 713
281 714
281 721
281 722
281 723
281 724
282 283
282 284
282 341
282 342
282 343
282 344
282 713
282 714
282 721
282 722
282 723
282 724
283 284
283 341
283 342
283 343
283 344
283 713
283 714
283 721
283 722
283 723
283 724
284 341
284 342
284 343
284 344
284 584
284 713
284 714
284 721
284 722
284 723
284 724
285 286
285 303
285 304
285 305
285 306
285 309
285 310
285 517
285 518
285 653
286 303
286 304
286 305
286 306
286 309
286 310
286 517
286 518
287 288
287 472
287 606
288 471
288 605
289 290
289 291
289 292
289 790
290 291
290 292
290 767
290 768
291 292
291 629
291 630
292 629
292 630
293 294
293 297
293 332
293 334
293 383
293 384
293 389
293 547
293 548
293 734
293 736
293 738
294 297
294 379
294 384
294 388
294 389
294 400
294 479
294 516
294 547
294 548
294 550
294 735
294 736
294 737
294 738
294 752
294 754
295 296
295 641
295 642
295 643
295 644
295 715
295 716
296 641
296 642
296 643
296 644
296 715
296 716
297 298
299 300
299 301
299 302
299 303
299 304
299 305
299 306
299 616
299 668
299 671
299 672
299 741
299 912
300 301
300 302
300 303
300 304
300 305
300 306
300 667
300 671
300 672
301 302
301 303
301 304
301 305
301 306
301 616
301 668
301 671
301 672
301 741
301 912
302 303
302 304
302 305
302 306
302 667
302 671
302 672
303 304
303 305
303 306
303 309
303 310
303 517
303 518
303 618
303 671
303 672
304 305
304 306
304 309
304 310
304 517
304 518
304 671
304 672
305 306
305 309
305 310
305 517
305 518
305 618
305 671
305 672
306 309
306 310
306 517
306 518
306 671
306 672
307 308
307 309
307 310
307 311
307 312
307 313
307 314
308 309
308 310
308 311
308 312
308 313
308 314
309 310
309 311
309 312
309 313
309 314
309 517
309 518
309 653
310 311
310 312
310 313
310 314
310 517
310 518
311 312
311 313
311 314
311 406
311 575
311 576
311 641
311 642
311 643
311 644
311 667
311 668
312 313
312 314
312 478
312 575
312 576
312 641
312 642
312 643
312 644
312 667
312 668
313 314
313 575
313 576
313 641
313 642
313 643
313 644
313 667
313 668
314 478
314 575
314 576
314 641
314 642
314 643
314 644
314 667
314 668
315 316
317 318
317 319
317 320
318 319
318 320
319 320
321 322
321 323
321 324
321 557
321 558
321 594
321 599
321 600
321 631
321 665
321 666
321 767
321 768
322 323
322 324
322 557
322 558
322 599
322 600
322 665
322 666
322 767
322 768
323 324
323 557
323 558
323 594
323 599
323 600
323 631
323 665
323 666
323 767
323 768
324 557
324 558
324 599
324 600
324 665
324 666
324 767
324 768
325 326
325 327
325 328
325 360
325 363
325 366
325 367
325 743
325 744
325 763
325 764
326 327
326 328
326 355
326 356
326 364
326 365
326 743
326 744
326 763
326 764
327 328
327 360
327 363
327 366
327 367
327 743
327 744
327 763
327 764
328 355
328 356
328 364
328 365
328 743
328 744
328 763
328 764
329 330
329 351
329 352
329 591
329 592
329 633
329 634
330 351
330 352
330 566
330 591
330 592
330 601
330 633
330 634
330 635
331 332
331 333
331 334
331 353
331 354
331 380
331 553
331 554
331 729
331 731
332 333
332 334
332 353
332 354
332 553
332 554
333 334
333 353
333 354
333 380
333 553
333 554
333 729
333 731
334 353
334 354
334 553
334 554
335 336
335 711
335 712
335 739
335 740
335 915
335 916
336 711
336 712
336 915
336 916
337 338
337 391
337 392
337 404
338 392
338 403
338 404
339 340
339 345
339 346
339 347
339 348
339 725
339 726
339 727
339 728
340 345
340 346
340 347
340 348
340 725
340 726
340 727
340 728
341 342
341 343
341 344
341 345
341 346
341 347
341 348
341 713
341 714
341 721
341 722
341 723
341 724
342 343
342 344
342 345
342 346
342 347
342 348
342 713
342 714
342 721
342 722
342 723
342 724
343 344
343 345
343 346
343 347
343 348
343 713
343 714
343 721
343 722
343 723
343 724
344 345
344 346
344 347
344 348
344 713
344 714
344 721
344 722
344 723
344 724
345 346
345 347
345 348
345 725
345 726
345 727
345 728
346 347
346 348
346 725
346 726
346 727
346 728
347 348
347 725
347 726
347 727
347 728
348 725
348 726
348 727
348 728
349 350
349 517
349 518
349 561
349 562
349 577
349 578
349 591
349 592
349 621
349 622
349 801
349 802
350 517
350 518
350 561
350 562
350 577
350 578
350 591
350 592
350 621
350 622
350 801
350 802
351 352
351 591
351 592
351 633
351 634
352 591
352 592
352 633
352 634
353 354
353 379
353 380
353 385
353 386
353 395
353 396
353 455
353 456
353 479
353 480
353 553
353 554
353 729
353 730
353 731
353 732
354 379
354 380
354 385
354 386
354 395
354 396
354 455
354 456
354 479
354 480
354 553
354 554
354 729
354 730
354 731
354 732
355 356
355 359
355 360
355 363
355 364
355 365
355 366
355 367
355 368
356 359
356 360
356 363
356 364
356 365
356 366
356 367
356 368
357 358
357 361
357 362
358 361
358 362
359 360
359 363
359 364
359 365
359 366
359 367
359 368
359 475
359 476
360 363
360 364
360 365
360 366
360 367
360 368
360 475
360 476
361 362
361 363
361 364
362 363
362 364
363 364
363 365
363 366
363 367
363 368
364 365
364 366
364 367
364 368
365 366
365 367
365 368
366 367
366 368
367 368
367 533
367 534
367 763
367 764
368 533
368 534
368 763
368 764
369 370
369 371
369 372
369 375
369 376
369 377
369 378
369 405
369 406
369 477
369 478
369 741
369 742
369 817
369 818
370 371
370 372
370 375
370 376
370 377
370 378
370 405
370 406
370 477
370 478
370 741
370 742
370 817
370 818
371 372
371 375
371 376
371 443
371 444
371 817
371 818
372 375
372 376
372 443
372 444
372 817
372 818
373 374
373 381
373 382
373 385
373 386
373 479
373 553
373 554
373 751
373 752
373 755
373 756
374 381
374 382
374 385
374 386
374 553
374 554
374 751
374 752
374 755
374 756
375 376
375 477
375 478
375 817
375 818
376 477
376 478
376 817
376 818
377 378
377 405
377 406
377 477
377 478
377 653
377 654
377 741
377 742
378 405
378 406
378 477
378 478
378 653
378 654
378 741
378 742
379 380
379 385
379 386
379 395
379 396
379 399
379 400
379 455
379 456
379 479
379 480
379 515
379 516
379 543
379 544
379 549
379 550
379 729
379 730
379 731
379 732
380 385
380 386
380 395
380 396
380 399
380 400
380 455
380 456
380 479
380 480
380 515
380 516
380 543
380 544
380 549
380 550
380 729
380 730
380 731
380 732
381 382
381 391
381 392
381 545
381 546
381 751
381 752
381 755
381 756
382 391
382 392
382 545
382 546
382 751
382 752
382 755
382 756
383 384
383 387
383 388
383 389
383 390
383 395
383 396
383 547
383 548
383 733
383 734
384 387
384 388
384 389
384 390
384 395
384 396
384 547
384 548
384 733
384 734
385 386
385 395
385 396
385 455
385 456
385 479
385 480
385 553
385 554
385 729
385 730
385 731
385 732
386 395
386 396
386 455
386 456
386 479
386 480
386 553
386 554
386 729
386 730
386 731
386 732
387 388
387 397
387 398
387 481
387 482
387 547
387 548
387 733
387 734
387 771
387 772
387 783
387 784
388 397
388 398
388 481
388 482
388 547
388 548
388 733
388 734
388 771
388 772
388 783
388 784
389 390
389 395
389 396
390 395
390 396
391 392
391 403
391 404
391 473
391 474
391 541
391 542
391 545
391 546
391 551
391 552
392 403
392 404
392 473
392 474
392 541
392 542
392 545
392 546
392 551
392 552
393 394
393 473
393 474
393 571
393 572
393 739
393 740
394 473
394 474
394 571
394 572
394 739
394 740
395 396
395 455
395 456
395 479
395 480
395 729
395 730
395 731
395 732
396 455
396 456
396 479
396 480
396 729
396 730
396 731
396 732
397 398
397 481
397 482
397 771
397 772
397 783
397 784
398 481
398 482
398 771
398 772
398 783
398 784
399 400
399 515
399 516
399 543
399 544
399 549
399 550
400 515
400 516
400 543
400 544
400 549
400 550
401 402
401 563
401 564
401 619
401 620
401 667
401 668
401 825
401 826
401 829
401 830
402 563
402 564
402 615
402 619
402 620
402 667
402 668
402 825
402 826
402 829
402 830
403 404
403 413
403 414
403 473
403 474
403 537
403 538
403 539
403 540
403 541
403 542
403 551
403 552
404 413
404 414
404 473
404 474
404 537
404 538
404 539
404 540
404 541
404 542
404 551
404 552
405 406
405 449
405 450
405 477
405 478
405 741
405 742
406 449
406 450
406 477
406 478
406 741
406 742
407 408
409 410
409 411
409 412
409 415
409 416
410 411
410 412
410 415
410 416
411 412
411 529
411 530
412 529
412 530
413 414
413 537
413 538
413 539
413 540
413 913
413 914
414 537
414 538
414 539
414 540
414 913
414 914
415 416
415 419
415 420
415 761
415 762
416 419
416 420
416 761
416 762
417 418
417 419
417 420
417 775
417 776
418 419
418 420
418 775
418 776
419 420
419 761
419 762
419 775
419 776
420 761
420 762
420 775
420 776
421 422
421 423
421 424
421 433
421 434
421 707
422 423
422 424
422 433
422 434
422 708
423 424
423 707
424 708
425 426
425 431
425 432
426 431
426 432
427 428
427 432
427 433
427 434
428 431
428 433
428 434
429 430
429 670
431 432
433 434
435 436
435 475
435 476
435 481
435 482
435 783
435 784
436 475
436 476
436 481
436 482
436 783
436 784
437 438
439 440
439 449
439 450
439 769
439 827
439 828
439 911
439 912
440 449
440 450
440 827
440 828
440 911
440 912
441 442
441 451
441 452
441 749
441 750
441 839
441 840
441 846
441 895
442 451
442 452
442 749
442 750
443 444
445 446
445 447
445 448
445 531
445 532
446 447
446 448
446 531
446 532
447 448
449 450
449 668
449 827
449 828
449 911
449 912
450 827
450 828
450 911
450 912
451 452
451 749
451 750
452 749
452 750
453 454
455 456
455 479
455 480
455 729
455 730
455 731
455 732
456 479
456 480
456 729
456 730
456 731
456 732
457 458
457 459
457 460
457 461
457 462
457 465
457 466
458 459
458 460
458 461
458 462
458 465
458 466
459 460
459 461
459 462
459 463
459 464
460 461
460 462
460 463
460 464
461 462
461 463
461 464
462 463
462 464
463 464
463 885
463 886
463 887
463 888
463 897
463 898
464 885
464 886
464 887
464 888
464 897
464 898
465 466
465 467
465 468
466 467
466 468
467 468
467 469
467 470
467 860
468 469
468 470
468 859
469 470
469 823
469 824
469 859
469 860
469 865
469 866
470 823
470 824
470 859
470 860
470 865
470 866
471 472
471 605
471 606
472 605
472 606
473 474
473 541
473 542
473 551
473 552
473 571
473 572
474 541
474 542
474 551
474 552
474 571
474 572
475 476
475 481
475 482
475 783
475 784
476 481
476 482
476 783
476 784
477 478
477 741
477 742
478 741
478 742
479 480
479 729
479 730
479 731
479 732
480 729
480 730
480 731
480 732
481 482
481 771
481 772
481 783
481 784
482 771
482 772
482 783
482 784
483 484
483 505
483 506
483 507
483 508
483 509
483 510
483 513
483 514
484 505
484 506
484 507
484 508
484 509
484 510
484 513
484 514
485 486
485 677
485 678
485 865
485 866
486 677
486 678
486 865
486 866
487 488
489 490
489 863
489 864
489 883
489 884
490 863
490 864
490 883
490 884
491 492
491 493
491 494
492 493
492 494
493 494
495 496
495 651
495 652
496 651
496 652
497 498
497 501
497 502
497 505
497 506
497 659
497 660
497 856
498 501
498 502
498 505
498 506
498 659
498 660
498 853
498 855
498 856
499 500
499 503
499 504
499 909
499 910
500 503
500 504
500 909
500 910
501 502
501 505
501 506
501 659
501 660
501 853
501 855
502 505
502 506
502 659
502 660
502 854
503 504
503 511
503 512
503 909
503 910
504 511
504 512
504 909
504 910
505 506
505 507
505 508
505 509
505 510
505 513
505 514
505 659
505 660
506 507
506 508
506 509
506 510
506 513
506 514
506 659
506 660
506 853
506 855
507 508
507 509
507 510
507 513
507 514
508 509
508 510
508 513
508 514
509 510
509 513
509 514
510 513
510 514
510 853
511 512
511 513
511 514
511 909
511 910
512 513
512 514
512 909
512 910
513 514
513 709
514 853
515 516
515 543
515 544
515 549
515 550
516 543
516 544
516 549
516 550
517 518
519 520
519 597
519 598
520 597
520 598
521 522
521 831
521 832
522 831
522 832
523 524
523 525
523 526
523 527
523 528
523 627
523 628
523 803
523 804
524 525
524 526
524 527
524 528
524 627
524 628
524 803
524 804
525 526
525 527
525 528
525 637
525 638
525 639
525 640
526 527
526 528
526 637
526 638
526 639
526 640
527 528
527 609
527 610
527 611
527 612
528 609
528 610
528 611
528 612
529 530
531 532
532 709
533 534
533 535
533 536
533 763
533 764
534 535
534 536
534 763
534 764
535 536
537 538
537 539
537 540
538 539
538 540
539 540
541 542
541 551
541 552
541 574
542 551
542 552
543 544
543 549
543 550
544 549
544 550
545 546
546 755
547 548
547 733
547 734
548 733
548 734
549 550
551 552
553 554
555 556
555 583
555 584
555 607
555 608
555 713
555 714
555 717
555 718
555 719
555 720
555 787
555 788
556 583
556 584
556 607
556 608
556 713
556 714
556 717
556 718
556 719
556 720
556 787
556 788
557 558
557 593
557 594
557 597
557 598
557 599
557 600
557 613
557 614
557 665
557 666
557 767
557 768
557 785
557 786
558 593
558 594
558 597
558 598
558 599
558 600
558 613
558 614
558 665
558 666
558 767
558 768
558 785
558 786
559 560
559 565
559 566
559 601
559 602
559 603
559 604
559 635
559 636
560 565
560 566
560 601
560 602
560 603
560 604
560 635
560 636
561 562
561 577
561 578
561 591
561 592
561 605
561 606
561 621
561 622
561 801
561 802
562 577
562 578
562 591
562 592
562 605
562 606
562 621
562 622
562 801
562 802
563 564
563 619
563 620
563 667
563 668
563 769
563 770
563 825
563 826
563 828
563 829
563 830
564 619
564 620
564 667
564 668
564 769
564 770
564 825
564 826
564 829
564 830
565 566
565 585
565 586
565 587
565 588
565 601
565 602
565 635
565 636
565 745
565 746
565 767
565 768
566 585
566 586
566 587
566 588
566 601
566 602
566 635
566 636
566 645
566 745
566 746
567 568
567 569
567 570
567 755
567 756
568 569
568 570
568 755
568 756
569 570
569 571
569 572
569 573
569 574
570 571
570 572
570 573
570 574
571 572
571 573
571 574
572 573
572 574
573 574
573 757
573 758
574 757
574 758
575 576
575 641
575 642
575 643
575 644
575 667
575 668
575 759
575 760
576 641
576 642
576 643
576 644
576 667
576 668
576 759
576 760
577 578
577 591
577 592
577 621
577 622
577 801
577 802
578 591
578 592
578 621
578 622
578 801
578 802
579 580
579 621
579 622
579 625
579 626
579 800
580 621
580 622
580 625
580 626
581 582
581 623
581 624
581 639
581 640
582 623
582 624
582 639
582 640
583 584
583 607
583 608
583 713
583 714
583 717
583 718
583 719
583 720
584 607
584 608
584 713
584 714
584 717
584 718
584 719
584 720
585 586
585 587
585 588
585 745
585 746
586 587
586 588
586 745
586 746
586 767
586 768
587 588
587 745
587 746
587 767
588 745
588 746
589 590
589 595
589 596
589 617
589 618
590 595
590 596
590 617
590 618
591 592
591 621
591 622
591 633
591 634
591 767
591 801
591 802
592 621
592 622
592 633
592 634
592 801
592 802
593 594
593 597
593 598
593 613
593 614
593 631
593 632
593 665
593 666
593 767
593 768
593 785
593 786
594 597
594 598
594 613
594 614
594 631
594 632
594 665
594 666
594 767
594 768
594 785
594 786
595 596
595 601
595 602
595 617
595 618
596 601
596 602
596 617
596 618
597 598
597 613
597 614
597 665
597 666
597 767
597 768
597 785
597 786
598 613
598 614
598 665
598 666
598 768
598 785
598 786
599 600
599 665
599 666
599 745
599 746
599 767
599 768
600 665
600 666
600 745
600 746
600 767
600 768
601 602
601 635
601 636
602 635
602 636
603 604
605 606
607 608
607 714
607 717
607 718
607 719
607 720
607 787
607 788
608 718
608 720
608 787
608 788
609 610
609 611
609 612
609 628
609 804
610 611
610 612
610 627
611 612
611 627
611 628
611 703
611 704
611 819
611 820
612 627
612 628
612 703
612 704
612 819
612 820
613 614
613 665
613 666
613 747
613 748
613 765
613 766
613 768
613 785
613 786
614 665
614 666
614 747
614 748
614 765
614 766
614 767
614 768
614 785
614 786
615 616
615 617
615 618
615 619
615 620
615 667
615 826
615 827
615 912
616 617
616 618
616 619
616 620
616 667
616 827
616 912
617 618
618 667
619 620
619 667
619 668
619 825
619 826
619 829
619 830
620 667
620 668
620 825
620 826
620 829
620 830
621 622
621 625
621 626
621 801
621 802
622 625
622 626
622 801
622 802
623 624
623 625
623 626
623 639
623 640
624 625
624 626
624 639
624 640
625 626
627 628
627 703
627 704
627 803
627 804
627 819
627 820
628 703
628 704
628 803
628 804
628 819
628 820
629 630
629 631
629 632
629 768
630 631
630 632
630 768
631 632
631 767
631 768
632 767
633 634
633 635
633 636
633 767
634 635
634 636
634 767
635 636
636 767
637 638
637 639
637 640
637 833
637 834
638 639
638 640
638 833
638 834
639 640
641 642
641 643
641 644
641 667
641 668
641 715
641 716
642 643
642 644
642 667
642 668
642 715
642 716
643 644
643 667
643 668
643 715
643 716
644 667
644 668
644 715
644 716
645 646
645 661
645 662
646 661
646 662
647 648
649 650
651 652
651 835
651 836
652 835
652 836
653 654
654 773
655 656
655 657
655 658
655 659
655 777
655 778
655 907
655 908
656 657
656 658
656 777
656 778
656 907
656 908
657 658
657 777
657 778
657 857
657 858
658 777
658 778
658 857
658 858
659 660
659 908
661 662
663 664
663 743
663 744
663 747
663 748
664 743
664 744
664 747
664 748
665 666
665 767
665 768
665 785
665 786
666 767
666 768
666 785
666 786
667 668
667 773
667 825
667 826
667 829
667 830
668 825
668 826
668 829
668 830
669 670
669 695
669 696
670 695
670 696
671 672
673 674
673 675
673 676
673 710
674 675
674 676
674 709
675 676
675 710
676 709
677 678
677 679
677 680
677 865
677 866
678 679
678 680
678 865
678 866
679 680
679 681
679 682
680 681
680 682
681 682
681 683
681 684
682 683
682 684
683 684
683 685
683 686
684 685
684 686
685 686
685 687
685 688
686 687
686 688
687 688
687 689
687 690
688 689
688 690
689 690
689 691
689 692
690 691
690 692
691 692
691 693
691 694
692 693
692 694
693 694
695 696
695 697
695 698
696 697
696 698
697 698
699 700
701 702
703 704
703 705
703 706
703 819
703 820
704 705
704 706
704 819
704 820
705 706
707 708
709 710
709 779
709 780
709 781
709 782
710 779
710 780
710 781
710 782
711 712
711 915
711 916
712 915
712 916
713 714
713 717
713 718
713 719
713 720
713 721
713 722
713 723
713 724
714 717
714 718
714 719
714 720
714 721
714 722
714 723
714 724
715 716
717 718
717 719
717 720
717 721
717 722
717 723
717 724
718 719
718 720
718 721
718 722
718 723
718 724
718 787
719 720
719 721
719 722
719 723
719 724
720 721
720 722
720 723
720 724
720 787
721 722
721 723
721 724
721 788
722 723
722 724
723 724
723 788
725 726
725 727
725 728
726 727
726 728
727 728
729 730
729 731
729 732
730 731
730 732
731 732
733 734
735 736
735 737
735 738
736 737
736 738
737 738
739 740
741 742
741 773
741 774
742 773
742 774
743 744
743 747
743 748
743 763
743 764
744 747
744 748
744 763
744 764
745 746
745 767
746 767
746 768
747 748
747 765
747 766
747 767
747 768
748 765
748 766
749 750
751 752
751 753
751 754
751 755
751 756
752 753
752 754
752 755
752 756
753 754
755 756
757 758
757 759
757 760
758 759
758 760
759 760
761 762
763 764
765 766
765 767
767 768
767 785
767 786
767 790
767 791
767 792
767 793
767 794
767 795
767 799
767 800
767 802
768 785
768 788
768 789
768 790
768 792
768 793
768 798
768 799
768 800
768 802
769 770
769 827
769 912
771 772
771 783
771 784
772 783
772 784
773 774
775 776
775 913
775 914
776 913
776 914
777 778
779 780
779 781
779 782
780 781
780 782
781 782
783 784
785 786
787 788
787 789
787 790
788 789
788 790
789 790
789 791
789 792
790 791
790 792
791 792
791 793
791 794
792 793
792 794
793 794
793 795
793 796
794 795
794 796
795 796
795 797
795 798
796 797
796 798
797 798
797 799
797 800
798 799
798 800
799 800
799 801
799 802
800 801
800 802
801 802
803 804
803 805
803 806
804 805
804 806
805 806
805 807
805 808
806 807
806 808
807 808
807 809
807 810
807 811
807 812
808 809
808 810
808 811
808 812
809 810
809 811
809 812
810 811
810 812
811 812
811 813
811 814
812 813
812 814
813 814
813 815
813 816
814 815
814 816
815 816
815 817
815 818
816 817
816 818
817 818
819 820
819 821
819 822
820 821
820 822
821 822
821 823
821 824
822 823
822 824
823 824
823 859
823 860
823 865
823 866
824 859
824 860
824 865
824 866
825 826
825 829
825 830
826 829
826 830
827 828
827 911
827 912
828 911
828 912
829 830
831 832
833 834
835 836
835 837
835 838
835 879
835 880
836 837
836 838
836 879
836 880
837 838
837 895
837 896
838 895
838 896
839 840
839 841
839 842
839 845
839 846
839 869
839 870
840 841
840 842
840 844
840 845
840 846
840 869
840 870
841 842
841 843
841 844
841 869
841 870
842 843
842 844
842 869
842 870
843 844
843 845
843 846
843 847
843 848
843 849
843 850
843 869
843 870
844 845
844 846
844 847
844 848
844 849
844 850
844 869
844 870
845 846
845 847
845 848
845 849
845 850
845 869
845 870
846 847
846 848
846 849
846 850
846 869
846 870
847 848
847 849
847 850
847 869
847 870
848 849
848 850
848 869
848 870
849 850
849 869
849 870
850 869
850 870
851 852
851 853
851 854
852 853
852 854
852 856
853 854
853 855
853 856
853 857
853 858
854 855
854 856
854 857
854 858
855 856
855 857
855 858
856 857
856 858
857 858
859 860
859 865
859 866
859 905
860 865
860 866
861 862
861 899
861 900
861 901
861 902
862 899
862 900
862 901
862 902
863 864
863 883
863 884
864 883
864 884
865 866
867 868
867 877
867 878
867 881
867 882
867 893
867 894
868 877
868 878
868 881
868 882
868 893
868 894
869 870
871 872
871 897
871 898
871 899
871 900
872 897
872 898
872 899
872 900
873 874
875 876
875 877
875 878
875 879
875 880
875 903
875 904
876 877
876 878
876 879
876 880
876 903
876 904
877 878
877 881
877 882
878 881
878 882
879 880
879 903
879 904
880 903
880 904
881 882
883 884
883 901
883 902
884 901
884 902
885 886
885 887
885 888
885 897
885 898
886 887
886 888
886 897
886 898
887 888
887 897
887 898
888 897
888 898
889 890
889 891
889 892
889 893
889 894
890 891
890 892
890 893
890 894
891 892
891 893
891 894
892 893
892 894
893 894
895 896
897 898
897 899
897 900
898 899
898 900
899 900
899 901
899 902
900 901
900 902
901 902
903 904
905 906
907 908
909 910
911 912
913 914
915 916
