200 1235
1 2
1 4
1 62
1 63
1 64
1 91
1 92
1 119
1 120
1 155
1 156
1 179
1 180
2 3
2 61
2 64
2 91
2 92
2 119
2 120
2 155
2 156
2 179
2 180
3 4
3 61
3 62
3 63
3 64
3 91
3 92
3 119
3 120
3 155
3 156
3 179
3 180
4 61
4 62
4 64
4 91
4 92
4 119
4 120
4 155
4 156
4 179
4 180
5 6
5 7
5 8
7 8
7 9
7 10
8 9
8 10
8 149
8 186
8 200
9 10
9 53
10 54
11 12
11 13
11 14
11 129
11 130
11 173
11 174
11 177
11 178
12 13
12 14
12 129
12 130
12 173
12 174
12 177
12 181
13 14
13 129
13 130
13 173
13 174
13 177
13 178
14 129
14 130
14 173
14 174
14 177
14 178
14 181
15 16
15 17
15 18
15 23
15 24
15 131
15 132
15 134
16 17
16 18
16 23
16 24
16 131
16 132
17 18
17 24
17 131
18 23
18 132
18 134
18 157
19 20
19 22
19 43
19 44
19 45
19 46
19 47
19 48
19 49
19 50
19 51
19 52
19 71
19 72
19 73
19 74
19 159
19 160
19 161
19 162
19 163
19 164
19 165
19 166
19 168
19 184
20 21
20 43
20 44
20 45
20 46
20 47
20 48
20 49
20 50
20 51
20 52
20 71
20 72
20 73
20 74
20 159
20 160
20 161
20 162
20 163
20 164
20 165
20 166
20 167
21 22
21 43
21 44
21 45
21 46
21 47
21 48
21 49
21 50
21 51
21 52
21 71
21 72
21 73
21 74
21 159
21 160
21 161
21 162
21 163
21 164
21 165
21 166
21 168
21 184
22 43
22 44
22 45
22 46
22 47
22 48
22 49
22 50
22 51
22 52
22 71
22 72
22 73
22 74
22 159
22 160
22 161
22 162
22 163
22 164
22 165
22 166
22 167
23 24
23 132
23 134
24 131
24 132
24 157
25 26
25 27
25 28
25 75
25 76
25 95
25 96
25 99
25 100
25 111
25 112
25 135
25 136
25 197
25 198
26 27
26 28
26 75
26 76
26 95
26 96
26 99
26 100
26 111
26 112
26 135
26 136
26 197
26 198
27 28
27 77
27 78
28 77
28 78
29 30
29 57
29 58
29 59
29 60
29 75
29 76
29 85
29 86
30 57
30 58
30 59
30 60
30 75
30 76
30 85
30 86
31 32
31 79
31 80
32 79
32 80
32 124
33 34
33 65
33 66
33 67
33 68
33 169
33 170
33 175
33 176
34 65
34 66
34 67
34 68
34 169
34 170
34 175
34 176
35 36
35 37
35 38
35 93
35 94
35 123
35 124
35 147
35 148
36 37
36 38
36 93
36 94
36 106
36 123
36 124
36 147
36 148
37 38
37 93
37 94
37 123
37 124
37 147
37 148
38 93
38 94
38 106
38 123
38 124
38 147
38 148
39 40
39 42
39 43
39 44
39 45
39 46
39 48
39 55
39 56
39 89
39 90
39 103
39 104
39 128
39 139
39 140
39 160
39 161
39 162
39 163
39 164
39 183
40 41
40 43
40 44
40 45
40 46
40 47
40 55
40 56
40 89
40 90
40 103
40 104
40 128
40 139
40 140
40 159
40 161
40 162
40 163
40 164
41 42
41 43
41 44
41 45
41 46
41 48
41 55
41 56
41 89
41 90
41 103
41 104
41 128
41 139
41 140
41 160
41 161
41 162
41 163
41 164
41 183
42 43
42 44
42 45
42 46
42 47
42 55
42 56
42 89
42 90
42 103
42 104
42 128
42 139
42 140
42 159
42 161
42 162
42 163
42 164
43 44
43 46
43 47
43 48
43 89
43 90
43 103
43 104
43 127
43 159
43 160
43 162
43 163
43 164
43 165
43 166
43 167
43 168
44 45
44 47
44 48
44 89
44 90
44 103
44 104
44 127
44 128
44 159
44 160
44 161
44 163
44 164
44 165
44 166
44 167
44 168
44 183
45 46
45 47
45 48
45 89
45 90
45 103
45 104
45 127
45 159
45 160
45 162
45 163
45 164
45 165
45 166
45 167
45 168
46 47
46 48
46 89
46 90
46 103
46 104
46 127
46 128
46 159
46 160
46 161
46 163
46 164
46 165
46 166
46 167
46 168
46 183
47 48
47 49
47 50
47 51
47 52
47 71
47 72
47 73
47 74
47 89
47 90
47 103
47 104
47 160
47 161
47 162
47 163
47 164
47 165
47 166
47 167
47 168
48 49
48 50
48 51
48 52
48 71
48 72
48 73
48 74
48 89
48 90
48 103
48 104
48 127
48 159
48 161
48 162
48 163
48 164
48 165
48 166
48 167
48 168
49 50
49 52
49 71
49 73
49 159
49 160
49 165
49 166
49 167
49 168
50 51
50 72
50 74
50 159
50 160
50 165
50 166
50 167
50 168
51 52
51 71
51 72
51 73
51 74
51 159
51 160
51 165
51 166
51 167
51 168
52 71
52 72
52 73
52 74
52 104
52 159
52 160
52 165
52 166
52 167
52 168
53 54
53 55
53 56
53 186
54 55
54 56
54 179
54 180
55 56
55 139
55 140
56 139
56 140
57 58
57 59
57 60
57 85
57 86
57 134
58 59
58 60
58 85
58 86
59 60
59 85
59 86
59 134
60 85
60 86
61 62
61 63
61 64
61 91
61 92
61 114
61 119
61 120
61 141
61 155
61 156
61 179
61 180
62 64
62 91
62 92
62 119
62 120
62 155
62 156
62 179
62 180
63 64
63 91
63 92
63 114
63 119
63 120
63 141
63 155
63 156
63 179
63 180
64 91
64 92
64 119
64 120
64 155
64 156
64 179
64 180
65 66
65 67
65 68
65 169
65 170
65 175
65 176
66 67
66 68
66 169
66 170
66 175
66 176
67 68
67 169
67 170
67 175
67 176
68 169
68 170
68 175
68 176
69 70
69 77
69 78
69 111
69 112
69 143
69 144
70 77
70 78
70 98
70 111
70 112
70 121
70 143
70 144
70 145
71 72
71 74
71 159
71 160
71 165
71 166
71 167
71 168
72 73
72 159
72 160
72 165
72 166
72 167
72 168
73 74
73 159
73 160
73 165
73 166
73 167
73 168
74 159
74 160
74 165
74 166
74 167
74 168
75 76
75 85
75 86
75 95
75 96
75 99
75 111
75 112
75 136
75 197
75 198
76 85
76 86
76 95
76 96
76 100
76 111
76 112
76 135
76 197
76 198
77 78
77 111
77 112
77 143
77 144
78 111
78 112
78 143
78 144
79 80
79 81
79 82
79 83
79 84
80 81
80 82
80 83
80 84
81 82
81 83
81 84
82 83
82 84
83 84
85 86
87 88
87 117
87 118
88 117
88 118
89 90
89 103
89 104
89 127
89 128
89 159
89 160
89 161
89 162
89 163
89 164
89 183
89 184
90 103
90 104
90 127
90 128
90 159
90 160
90 161
90 162
90 163
90 164
90 183
90 184
91 92
91 113
91 114
91 117
91 118
91 119
91 120
91 129
91 130
91 155
91 156
91 179
91 180
91 181
91 182
92 113
92 114
92 117
92 118
92 119
92 120
92 129
92 130
92 155
92 156
92 179
92 180
92 182
93 94
93 97
93 98
93 121
93 122
93 123
93 124
93 145
93 146
94 97
94 98
94 121
94 122
94 123
94 124
94 145
94 146
95 96
95 99
95 100
95 111
95 112
95 125
95 126
95 135
95 136
95 197
95 198
96 99
96 100
96 111
96 112
96 125
96 126
96 135
96 136
96 197
96 198
97 98
97 105
97 106
97 107
97 108
97 121
97 122
97 145
97 146
97 171
97 172
97 179
97 180
98 105
98 106
98 107
98 108
98 121
98 122
98 145
98 146
98 147
98 171
98 172
99 100
99 111
99 112
99 135
99 197
99 198
100 111
100 112
100 136
100 197
101 102
101 135
101 136
101 137
101 138
101 196
102 135
102 136
102 137
102 138
103 104
103 127
103 128
103 159
103 160
103 161
103 162
103 163
103 164
104 127
104 128
104 159
104 160
104 161
104 162
104 163
104 164
105 106
105 107
105 108
105 171
105 172
106 107
106 108
106 171
106 179
106 180
107 108
107 171
107 172
107 179
108 171
108 172
109 110
109 115
109 116
109 133
109 134
110 115
110 116
110 133
111 112
111 135
111 136
111 143
111 144
111 179
111 197
111 198
112 135
112 136
112 143
112 144
112 197
112 198
113 114
113 117
113 118
113 129
113 130
113 141
113 142
113 155
113 156
113 179
113 181
113 182
114 117
114 118
114 129
114 130
114 141
114 142
114 155
114 156
114 179
114 180
114 181
114 182
115 116
115 121
115 122
115 133
115 134
116 121
116 122
116 133
116 134
117 118
117 129
117 130
117 155
117 156
117 179
117 180
117 181
117 182
118 129
118 130
118 155
118 156
118 180
118 181
118 182
119 120
119 155
119 156
119 171
119 172
119 179
119 180
120 155
120 156
120 171
120 172
120 179
120 180
121 122
121 145
121 146
122 145
122 146
123 124
125 126
127 128
127 160
127 161
127 162
127 163
127 164
127 183
127 184
128 162
128 164
128 183
128 184
129 130
129 155
129 156
129 173
129 174
129 177
129 178
129 180
129 181
129 182
130 155
130 156
130 173
130 174
130 177
130 178
130 179
130 180
130 181
130 182
131 132
131 133
131 134
131 157
132 133
132 134
132 157
133 134
134 157
135 136
135 137
135 138
135 197
135 198
136 137
136 138
136 197
136 198
137 138
139 140
139 141
139 142
139 180
140 141
140 142
140 180
141 142
141 179
141 180
142 179
143 144
143 145
143 146
143 179
144 145
144 146
144 179
145 146
146 179
147 148
147 151
147 152
148 151
148 152
149 150
151 152
153 154
153 169
153 173
153 174
154 169
154 170
154 173
154 174
155 156
155 179
155 180
155 182
156 179
156 180
156 181
157 158
159 160
159 161
159 162
159 163
159 164
159 165
159 166
159 167
159 168
160 161
160 162
160 163
160 164
160 165
160 166
160 167
160 168
161 162
161 163
161 164
161 165
161 166
161 167
161 168
162 163
162 164
162 165
162 166
162 167
162 168
162 183
163 164
163 165
163 166
163 167
163 168
164 165
164 166
164 167
164 168
164 183
165 166
165 167
165 168
165 184
166 167
166 168
167 168
167 184
169 170
169 173
169 174
169 175
169 176
170 173
170 174
170 175
170 176
171 172
171 179
172 179
172 180
173 174
173 177
173 178
173 179
173 180
174 177
174 178
175 176
177 178
177 179
179 180
179 181
179 182
179 186
179 187
179 188
179 189
179 190
179 191
179 195
179 196
179 198
180 181
180 184
180 185
180 186
180 188
180 189
180 194
180 195
180 196
180 198
181 182
183 184
183 185
183 186
184 185
184 186
185 186
185 187
185 188
186 187
186 188
187 188
187 189
187 190
188 189
188 190
189 190
189 191
189 192
190 191
190 192
191 192
191 193
191 194
192 193
192 194
193 194
193 195
193 196
194 195
194 196
195 196
195 197
195 198
196 197
196 198
197 198
199 200
