1074 5943
1 7
2 5
2 6
2 8
2 182
2 183
3 4
3 6
3 9
3 181
3 183
4 5
4 6
4 9
4 12
4 15
4 18
4 21
4 24
4 27
4 30
4 33
4 36
4 39
4 42
4 48
4 54
4 57
4 60
4 63
4 66
4 69
4 72
4 75
4 78
4 81
4 84
4 87
4 90
4 93
4 96
4 99
4 102
4 108
4 111
4 114
4 117
4 120
4 123
4 126
4 129
4 132
4 135
4 138
4 141
4 144
4 147
4 150
4 153
4 156
4 159
4 162
4 165
4 166
4 168
4 171
4 174
4 177
4 180
4 181
4 183
4 186
4 189
4 190
4 191
4 194
4 195
4 198
4 201
4 204
4 207
4 209
4 212
4 214
4 217
4 221
4 223
4 227
4 230
4 233
4 235
4 236
4 240
4 243
4 246
4 248
4 252
4 255
4 259
4 262
4 264
4 265
4 269
4 272
4 274
4 278
4 281
4 285
4 288
4 290
4 291
4 295
4 298
4 300
4 304
4 309
4 311
4 314
4 316
4 318
4 321
4 323
4 327
4 331
4 333
4 336
4 338
4 341
4 343
4 346
4 348
4 351
4 355
4 359
4 361
4 364
4 366
4 369
4 371
4 374
4 376
4 379
4 383
4 386
4 389
4 392
4 395
4 398
4 401
4 404
4 407
4 410
4 413
4 416
4 419
4 422
4 425
4 426
4 428
4 431
4 434
4 437
4 440
4 443
4 446
4 449
4 452
4 492
4 494
4 549
4 551
4 592
4 594
5 6
5 8
5 11
5 14
5 17
5 20
5 23
5 26
5 29
5 32
5 35
5 38
5 41
5 47
5 53
5 56
5 59
5 62
5 65
5 68
5 71
5 74
5 77
5 80
5 83
5 86
5 89
5 92
5 95
5 98
5 101
5 107
5 110
5 113
5 116
5 119
5 122
5 125
5 128
5 131
5 134
5 137
5 140
5 143
5 146
5 149
5 152
5 155
5 158
5 161
5 164
5 167
5 170
5 173
5 176
5 179
5 182
5 183
5 185
5 188
5 193
5 197
5 200
5 202
5 203
5 206
5 208
5 211
5 213
5 216
5 218
5 220
5 222
5 224
5 226
5 229
5 232
5 234
5 237
5 239
5 242
5 245
5 247
5 249
5 251
5 254
5 256
5 258
5 261
5 263
5 266
5 268
5 271
5 273
5 275
5 277
5 280
5 282
5 284
5 287
5 289
5 292
5 294
5 297
5 299
5 301
5 303
5 306
5 308
5 310
5 313
5 315
5 317
5 320
5 322
5 324
5 326
5 328
5 330
5 332
5 335
5 337
5 340
5 342
5 345
5 347
5 350
5 352
5 354
5 356
5 358
5 360
5 363
5 365
5 368
5 370
5 373
5 375
5 378
5 380
5 382
5 385
5 388
5 391
5 394
5 397
5 400
5 403
5 406
5 409
5 412
5 415
5 418
5 421
5 424
5 427
5 430
5 433
5 436
5 439
5 442
5 445
5 448
5 451
5 493
5 494
5 550
5 551
5 593
5 594
6 8
6 9
6 11
6 12
6 14
6 15
6 17
6 18
6 20
6 21
6 23
6 24
6 26
6 27
6 29
6 30
6 32
6 33
6 35
6 36
6 38
6 39
6 41
6 42
6 47
6 48
6 53
6 54
6 56
6 57
6 59
6 60
6 62
6 63
6 65
6 66
6 68
6 69
6 71
6 72
6 74
6 75
6 77
6 78
6 80
6 81
6 83
6 84
6 86
6 87
6 89
6 90
6 92
6 93
6 95
6 96
6 98
6 99
6 101
6 102
6 107
6 108
6 110
6 111
6 113
6 114
6 116
6 117
6 119
6 120
6 122
6 123
6 125
6 126
6 128
6 129
6 131
6 132
6 134
6 135
6 137
6 138
6 140
6 141
6 143
6 144
6 146
6 147
6 149
6 150
6 152
6 153
6 155
6 156
6 158
6 159
6 161
6 162
6 164
6 165
6 166
6 167
6 168
6 170
6 171
6 173
6 174
6 176
6 177
6 179
6 180
6 181
6 182
6 183
6 185
6 186
6 188
6 189
6 190
6 191
6 193
6 194
6 195
6 197
6 198
6 200
6 201
6 202
6 203
6 204
6 206
6 207
6 208
6 209
6 211
6 212
6 213
6 214
6 216
6 217
6 218
6 220
6 221
6 222
6 223
6 224
6 226
6 227
6 228
6 229
6 230
6 232
6 233
6 234
6 235
6 236
6 237
6 239
6 240
6 241
6 242
6 243
6 245
6 246
6 247
6 248
6 249
6 251
6 252
6 253
6 254
6 255
6 256
6 258
6 259
6 260
6 261
6 262
6 263
6 264
6 265
6 266
6 268
6 269
6 270
6 271
6 272
6 273
6 274
6 275
6 277
6 278
6 279
6 280
6 281
6 282
6 284
6 285
6 286
6 287
6 288
6 289
6 290
6 291
6 292
6 294
6 295
6 296
6 297
6 298
6 299
6 300
6 301
6 303
6 304
6 305
6 306
6 308
6 309
6 310
6 311
6 313
6 314
6 315
6 316
6 317
6 318
6 320
6 321
6 322
6 323
6 324
6 326
6 327
6 328
6 330
6 331
6 332
6 333
6 335
6 336
6 337
6 338
6 340
6 341
6 342
6 343
6 345
6 346
6 347
6 348
6 350
6 351
6 352
6 354
6 355
6 356
6 358
6 359
6 360
6 361
6 363
6 364
6 365
6 366
6 368
6 369
6 370
6 371
6 373
6 374
6 375
6 376
6 378
6 379
6 380
6 382
6 383
6 385
6 386
6 388
6 389
6 391
6 392
6 394
6 395
6 397
6 398
6 400
6 401
6 403
6 404
6 406
6 407
6 409
6 410
6 412
6 413
6 415
6 416
6 418
6 419
6 421
6 422
6 424
6 425
6 426
6 427
6 428
6 430
6 431
6 433
6 434
6 436
6 437
6 439
6 440
6 442
6 443
6 445
6 446
6 448
6 449
6 451
6 452
6 492
6 493
6 494
6 549
6 550
6 551
6 592
6 593
6 594
7 8
7 9
7 184
7 185
7 187
7 189
8 182
8 183
8 184
8 185
8 188
9 181
9 183
9 186
9 187
9 189
10 12
10 25
10 27
10 184
11 26
11 182
11 183
11 185
12 25
12 27
12 181
12 183
12 186
12 190
13 15
13 28
13 30
13 192
14 29
14 182
14 183
14 193
15 28
15 30
15 181
15 191
15 194
16 18
16 31
16 33
16 196
17 32
17 182
17 183
17 197
18 31
18 33
18 181
18 183
18 195
18 198
19 199
20 182
20 183
20 200
21 181
21 183
21 201
22 23
22 25
22 26
22 187
23 25
23 26
23 182
23 183
23 188
23 202
24 27
24 181
24 183
24 189
25 27
25 28
25 29
25 43
25 45
25 205
26 28
26 29
26 44
26 182
26 183
26 203
26 206
27 30
27 43
27 45
27 181
27 183
27 204
27 207
28 30
28 31
28 32
28 46
28 48
28 210
29 31
29 32
29 47
29 182
29 183
29 208
29 211
30 33
30 46
30 48
30 181
30 209
30 212
31 33
31 34
31 35
31 49
31 51
31 215
32 34
32 35
32 50
32 182
32 183
32 213
32 216
33 36
33 49
33 51
33 181
33 183
33 214
33 217
34 35
34 219
35 182
35 183
35 218
35 220
36 181
36 183
36 221
37 38
37 40
37 41
37 225
38 40
38 41
38 222
38 224
38 226
39 42
39 223
39 227
40 41
40 42
40 43
40 44
40 61
40 63
40 231
41 43
41 44
41 62
41 182
41 183
41 229
41 232
42 45
42 61
42 63
42 181
42 183
42 230
42 233
43 44
43 45
43 46
43 47
44 46
44 47
45 48
46 49
46 50
46 64
46 66
46 238
47 49
47 50
47 65
47 234
47 237
47 239
48 51
48 64
48 66
48 235
48 236
48 240
49 50
49 51
49 52
49 53
50 52
50 53
51 54
52 53
52 54
52 55
52 56
52 67
52 69
52 244
53 55
53 56
53 68
53 182
53 183
53 242
53 245
54 57
54 67
54 69
54 181
54 183
54 243
54 246
55 56
55 250
56 247
56 249
56 251
57 248
57 252
58 59
58 61
58 62
58 257
59 61
59 62
59 254
59 256
59 258
60 63
60 255
60 259
61 62
61 64
61 65
61 76
61 78
62 64
62 65
62 77
62 261
63 66
63 76
63 78
63 262
64 65
64 67
64 68
64 79
64 81
64 267
65 67
65 68
65 80
65 263
65 266
65 268
66 69
66 79
66 81
66 264
66 265
66 269
67 68
67 70
67 71
67 82
67 84
68 70
68 71
68 83
68 271
69 72
69 82
69 84
69 272
70 71
70 276
71 273
71 275
71 277
72 274
72 278
73 74
73 76
73 77
73 283
74 76
74 77
74 280
74 282
74 284
75 78
75 281
75 285
76 77
76 78
76 79
76 80
76 91
76 92
76 93
77 78
77 79
77 80
77 91
77 92
77 93
77 287
78 81
78 91
78 92
78 93
78 288
79 80
79 82
79 83
79 97
79 99
79 293
80 82
80 83
80 98
80 289
80 292
80 294
81 84
81 97
81 99
81 290
81 291
81 295
82 83
82 85
82 86
82 103
82 105
83 85
83 86
83 104
83 297
84 87
84 103
84 105
84 298
85 86
85 302
86 299
86 301
86 303
87 300
87 304
88 89
88 91
88 92
88 307
89 91
89 92
89 306
89 308
89 493
89 494
90 93
90 309
90 492
90 494
91 92
91 93
91 94
91 95
91 312
92 93
92 94
92 95
92 310
92 313
92 493
92 494
93 96
93 311
93 314
93 492
93 494
94 95
94 96
94 115
94 117
94 175
94 176
95 116
95 175
95 176
95 315
96 115
96 117
96 177
96 316
97 98
97 118
97 120
97 175
97 176
97 178
97 179
97 319
98 119
98 175
98 176
98 178
98 179
98 317
98 320
98 493
98 494
99 118
99 120
99 177
99 180
99 318
99 321
99 492
99 494
100 101
100 102
100 103
100 104
100 121
100 123
100 178
100 179
101 103
101 104
101 122
101 178
101 179
101 322
102 105
102 121
102 123
102 180
102 323
103 104
103 105
103 106
103 107
104 106
104 107
105 108
106 107
106 325
107 324
107 326
107 493
107 494
108 327
108 492
108 494
109 110
109 112
109 113
109 329
110 112
110 113
110 328
110 330
110 493
110 494
111 114
111 331
111 492
111 494
112 115
112 116
112 334
113 115
113 116
113 332
113 335
113 493
113 494
114 117
114 333
114 336
114 492
114 494
115 116
115 118
115 119
115 133
115 135
115 339
116 118
116 119
116 134
116 337
116 340
116 493
116 494
117 120
117 133
117 135
117 338
117 341
117 492
117 494
118 121
118 122
118 136
118 138
118 344
119 121
119 122
119 137
119 342
119 345
119 493
119 494
120 123
120 136
120 138
120 343
120 346
120 492
120 494
121 124
121 125
121 139
121 141
121 349
122 124
122 125
122 140
122 347
122 350
122 493
122 494
123 126
123 139
123 141
123 348
123 351
123 492
123 494
124 125
124 353
125 352
125 354
125 493
125 494
126 355
126 492
126 494
127 128
127 130
127 131
127 357
128 130
128 131
128 356
128 358
128 493
128 494
129 132
129 359
129 492
129 494
130 133
130 134
130 362
131 133
131 134
131 360
131 363
131 493
131 494
132 135
132 361
132 364
132 492
132 494
133 134
133 136
133 137
133 151
133 153
133 367
134 136
134 137
134 152
134 365
134 368
134 493
134 494
135 138
135 151
135 153
135 366
135 369
135 492
135 494
136 139
136 140
136 154
136 156
136 372
137 139
137 140
137 155
137 370
137 373
137 493
137 494
138 141
138 154
138 156
138 371
138 374
138 492
138 494
139 142
139 143
139 157
139 159
139 377
140 142
140 143
140 158
140 375
140 378
140 493
140 494
141 144
141 157
141 159
141 376
141 379
141 492
141 494
142 143
142 381
143 380
143 382
143 493
143 494
144 383
144 492
144 494
145 146
145 147
145 148
145 149
145 163
145 165
145 384
145 387
146 148
146 149
146 164
146 385
146 388
146 493
146 494
146 550
146 551
147 150
147 163
147 165
147 386
147 389
147 492
147 494
147 549
147 551
148 151
148 152
148 390
148 393
149 151
149 152
149 391
149 394
149 493
149 494
149 550
149 551
150 153
150 392
150 395
150 492
150 494
150 549
150 551
151 152
151 153
151 154
151 155
151 396
151 399
152 154
152 155
152 397
152 400
152 493
152 494
152 550
152 551
153 156
153 398
153 401
153 492
153 494
153 549
153 551
154 156
154 157
154 158
154 402
154 405
155 157
155 158
155 403
155 406
155 493
155 494
155 550
155 551
156 159
156 404
156 407
156 492
156 494
156 549
156 551
157 160
157 161
157 166
157 168
157 408
157 411
158 160
158 161
158 167
158 409
158 412
158 493
158 494
158 550
158 551
159 162
159 166
159 168
159 410
159 413
159 492
159 494
159 549
159 551
160 161
160 414
160 417
161 415
161 418
161 493
161 494
161 550
161 551
162 416
162 419
162 492
162 494
162 549
162 551
163 165
163 420
163 423
164 421
164 424
164 550
164 551
164 593
164 594
165 422
165 425
165 549
165 551
165 592
165 594
166 167
166 168
166 169
166 170
166 426
166 428
166 429
166 432
166 592
166 594
167 169
167 170
167 427
167 430
167 433
167 493
167 494
167 550
167 551
167 593
167 594
168 171
168 426
168 428
168 431
168 434
168 492
168 494
168 549
168 551
168 592
168 594
169 170
169 435
169 438
170 436
170 439
170 493
170 494
170 550
170 551
171 437
171 440
171 492
171 494
171 549
171 551
172 441
172 444
173 442
173 445
173 550
173 551
173 593
173 594
174 443
174 446
174 549
174 551
174 592
174 594
175 176
175 447
176 448
176 493
176 494
177 449
177 492
177 494
178 179
178 450
179 451
179 493
179 494
180 452
180 492
180 494
181 183
181 186
181 189
181 194
181 198
181 201
181 207
181 212
181 217
181 221
181 223
181 227
181 233
181 236
181 240
181 246
181 248
181 252
181 455
181 461
181 467
181 470
181 473
181 634
181 637
181 640
181 641
181 643
182 183
182 185
182 188
182 193
182 197
182 200
182 206
182 211
182 216
182 220
182 224
182 226
182 232
182 237
182 239
182 245
182 249
182 251
182 454
182 460
182 466
182 469
182 472
182 633
182 636
182 639
182 642
182 643
183 185
183 186
183 188
183 189
183 193
183 197
183 198
183 200
183 201
183 206
183 207
183 211
183 216
183 217
183 220
183 221
183 223
183 224
183 226
183 227
183 228
183 232
183 233
183 237
183 239
183 241
183 245
183 246
183 248
183 249
183 251
183 252
183 253
183 454
183 455
183 460
183 466
183 467
183 469
183 470
183 472
183 473
183 633
183 634
183 636
183 639
183 640
183 641
183 642
183 643
184 186
184 192
184 193
184 205
184 207
185 192
185 193
185 206
186 194
186 205
186 207
187 188
187 189
187 205
187 206
187 453
187 455
188 205
188 206
188 454
189 207
189 453
189 455
192 194
192 196
192 197
192 210
192 212
193 196
193 197
193 211
194 198
194 210
194 212
196 198
196 199
196 200
196 215
196 217
197 199
197 200
197 216
198 201
198 215
198 217
199 200
199 201
199 219
199 221
200 220
201 219
201 221
205 207
205 210
205 211
205 456
205 458
206 210
206 211
206 457
207 212
207 456
207 458
210 212
210 215
210 216
210 459
210 461
211 215
211 216
211 460
212 217
212 459
212 461
215 217
215 219
215 220
215 462
215 464
216 219
216 220
216 463
217 221
217 462
217 464
219 220
219 221
219 465
219 467
220 466
221 465
221 467
223 227
223 255
223 455
224 226
224 228
224 256
224 260
224 454
225 227
225 257
225 259
225 453
226 258
226 454
227 257
227 259
227 455
228 256
228 260
231 232
231 453
231 454
231 456
231 457
231 468
232 453
232 454
232 456
232 457
232 469
232 642
232 643
233 455
233 458
233 470
233 641
233 643
236 240
236 265
236 461
237 239
237 241
237 266
237 270
237 460
238 240
238 267
238 269
238 459
239 268
239 460
240 267
240 269
240 461
241 266
241 270
244 245
244 462
244 463
244 465
244 466
244 471
245 462
245 463
245 465
245 466
245 472
245 642
245 643
246 464
246 467
246 473
246 641
246 643
248 252
248 274
248 467
249 251
249 253
249 275
249 279
249 466
250 252
250 276
250 278
250 465
251 277
251 466
252 276
252 278
252 467
253 275
253 279
255 259
255 281
255 476
255 641
255 643
256 258
256 282
256 286
256 475
256 642
256 643
257 283
257 285
257 474
258 284
258 475
258 642
258 643
259 283
259 285
259 476
259 641
259 643
260 282
260 286
260 643
265 269
265 291
265 479
265 641
265 643
266 268
266 292
266 296
266 478
266 642
266 643
267 293
267 295
267 477
268 294
268 478
268 642
268 643
269 293
269 295
269 479
269 641
269 643
270 292
270 296
270 643
274 278
274 300
274 482
274 641
274 643
275 277
275 301
275 305
275 481
275 642
275 643
276 302
276 304
276 480
277 303
277 481
277 642
277 643
278 302
278 304
278 482
278 641
278 643
279 301
279 305
279 643
281 285
281 485
281 492
281 494
281 641
281 643
282 284
282 484
282 493
282 494
282 642
282 643
283 307
283 309
283 483
284 308
284 484
284 642
284 643
285 307
285 309
285 485
285 641
285 643
286 493
286 494
286 643
291 295
291 488
291 492
291 494
291 641
291 643
292 294
292 487
292 493
292 494
292 642
292 643
293 319
293 321
293 486
294 320
294 487
294 642
294 643
295 319
295 321
295 488
295 641
295 643
296 493
296 494
296 643
300 304
300 491
300 492
300 494
300 641
300 643
301 303
301 490
301 493
301 494
301 642
301 643
302 325
302 327
302 489
303 326
303 490
303 642
303 643
304 325
304 327
304 491
304 641
304 643
305 493
305 494
305 643
307 308
307 312
307 313
307 329
307 331
307 495
308 312
308 313
308 330
308 493
308 494
308 496
308 642
308 643
309 314
309 329
309 331
309 492
309 494
309 497
309 641
309 643
312 498
312 499
312 501
313 493
313 494
313 498
313 499
313 502
313 642
313 643
314 492
314 494
314 500
314 503
314 641
314 643
319 320
319 344
319 346
319 447
319 448
319 450
319 451
319 504
320 345
320 447
320 448
320 450
320 451
320 493
320 494
320 505
320 642
320 643
321 344
321 346
321 449
321 452
321 492
321 494
321 506
321 641
321 643
325 326
325 353
325 355
325 507
325 508
325 510
326 354
326 493
326 494
326 507
326 508
326 511
326 642
326 643
327 353
327 355
327 492
327 494
327 509
327 512
327 641
327 643
329 330
329 334
329 335
329 357
329 359
329 513
330 334
330 335
330 358
330 493
330 494
330 514
330 642
330 643
331 336
331 357
331 359
331 492
331 494
331 515
331 641
331 643
334 336
334 339
334 340
334 362
334 364
334 516
335 339
335 340
335 363
335 493
335 494
335 517
335 642
335 643
336 341
336 362
336 364
336 492
336 494
336 518
336 641
336 643
339 340
339 344
339 345
339 367
339 369
339 498
339 500
339 519
340 344
340 345
340 368
340 493
340 494
340 499
340 520
340 642
340 643
341 346
341 367
341 369
341 492
341 494
341 498
341 500
341 521
341 641
341 643
344 349
344 350
344 372
344 374
344 522
345 349
345 350
345 373
345 493
345 494
345 523
345 642
345 643
346 351
346 372
346 374
346 492
346 494
346 524
346 641
346 643
349 353
349 354
349 377
349 379
349 507
349 509
349 525
350 353
350 354
350 378
350 493
350 494
350 508
350 526
350 642
350 643
351 355
351 377
351 379
351 492
351 494
351 507
351 509
351 527
351 641
351 643
353 354
353 381
353 383
353 528
354 382
354 493
354 494
354 529
354 642
354 643
355 381
355 383
355 492
355 494
355 530
355 641
355 643
357 358
357 362
357 363
357 387
357 389
357 531
358 362
358 363
358 388
358 493
358 494
358 532
358 642
358 643
359 364
359 387
359 389
359 492
359 494
359 533
359 641
359 643
362 367
362 368
362 393
362 395
362 534
363 367
363 368
363 394
363 493
363 494
363 535
363 642
363 643
364 369
364 393
364 395
364 492
364 494
364 536
364 641
364 643
367 368
367 372
367 373
367 399
367 401
367 537
368 372
368 373
368 400
368 493
368 494
368 538
368 642
368 643
369 374
369 399
369 401
369 492
369 494
369 539
369 641
369 643
372 377
372 378
372 405
372 407
372 540
373 377
373 378
373 406
373 493
373 494
373 541
373 642
373 643
374 379
374 405
374 407
374 492
374 494
374 542
374 641
374 643
377 381
377 382
377 411
377 413
377 543
378 381
378 382
378 412
378 493
378 494
378 544
378 642
378 643
379 383
379 411
379 413
379 492
379 494
379 545
379 641
379 643
381 382
381 417
381 419
381 546
382 418
382 493
382 494
382 547
382 642
382 643
383 417
383 419
383 492
383 494
383 548
383 641
383 643
384 385
384 390
384 391
385 390
385 391
385 550
385 551
385 552
386 392
386 549
386 551
387 388
387 389
387 393
387 394
388 393
388 394
388 493
388 494
389 395
389 492
389 494
390 396
390 397
391 396
391 397
391 550
391 551
391 553
392 398
392 549
392 551
392 554
393 399
393 400
393 555
393 557
393 558
394 399
394 400
394 493
394 494
394 556
394 559
394 642
394 643
395 401
395 492
395 494
395 555
395 557
395 560
395 641
395 643
396 397
396 398
396 402
396 403
396 561
396 563
397 402
397 403
397 550
397 551
397 562
397 564
398 404
398 549
398 551
398 561
398 563
398 565
399 400
399 405
399 406
399 566
399 568
399 569
400 405
400 406
400 493
400 494
400 567
400 570
400 642
400 643
401 407
401 492
401 494
401 566
401 568
401 571
401 641
401 643
402 404
402 408
402 409
402 572
402 574
403 408
403 409
403 550
403 551
403 573
403 575
404 410
404 549
404 551
404 572
404 574
404 576
405 411
405 412
405 577
405 579
405 580
406 411
406 412
406 493
406 494
406 578
406 581
406 642
406 643
407 413
407 492
407 494
407 577
407 579
407 582
407 641
407 643
408 410
408 414
408 415
408 429
408 431
409 414
409 415
409 430
409 550
409 551
409 583
410 416
410 429
410 431
410 549
410 551
410 584
411 417
411 418
411 432
411 434
411 585
412 417
412 418
412 433
412 493
412 494
412 586
412 642
412 643
413 419
413 432
413 434
413 492
413 494
413 587
413 641
413 643
414 415
415 550
415 551
415 588
416 549
416 551
417 418
417 438
417 440
417 589
418 439
418 493
418 494
418 590
418 642
418 643
419 438
419 440
419 492
419 494
419 591
419 641
419 643
421 550
421 551
422 549
422 551
423 424
423 595
423 596
424 593
424 594
424 595
424 596
425 592
425 594
425 597
426 428
426 444
426 445
426 592
426 594
426 598
426 599
426 601
426 603
426 604
426 607
427 444
427 445
427 493
427 494
427 550
427 551
427 593
427 594
427 598
427 599
427 602
427 605
427 608
428 446
428 492
428 494
428 549
428 551
428 592
428 594
428 600
428 601
428 603
428 606
428 609
429 435
429 436
429 572
429 573
429 604
429 606
430 435
430 436
430 550
430 551
430 572
430 573
430 605
430 610
431 437
431 549
431 551
431 574
431 604
431 606
431 611
432 433
432 438
432 439
432 607
432 609
432 612
433 438
433 439
433 493
433 494
433 608
433 613
433 642
433 643
434 440
434 492
434 494
434 607
434 609
434 614
434 641
434 643
435 436
436 550
436 551
436 615
437 549
437 551
438 439
438 616
438 618
438 619
439 493
439 494
439 617
439 620
439 642
439 643
440 492
440 494
440 616
440 618
440 621
440 641
440 643
441 442
441 604
441 605
442 550
442 551
442 604
442 605
442 622
443 549
443 551
443 606
444 445
444 446
444 616
444 623
444 625
445 493
445 494
445 593
445 594
445 617
445 624
446 492
446 494
446 592
446 594
446 618
446 623
446 625
447 448
447 498
447 499
447 626
448 493
448 494
448 498
448 499
448 627
448 642
448 643
449 492
449 494
449 500
449 628
449 641
449 643
450 451
450 507
450 508
450 629
451 493
451 494
451 507
451 508
451 630
451 642
451 643
452 492
452 494
452 509
452 631
452 641
452 643
453 454
453 455
453 632
454 633
454 642
454 643
455 634
455 641
455 643
456 457
456 458
456 459
456 460
457 459
457 460
458 461
459 461
459 462
459 463
459 635
460 462
460 463
460 636
460 642
460 643
461 464
461 637
461 641
461 643
462 463
462 464
465 466
465 467
465 638
466 639
466 642
466 643
467 640
467 641
467 643
468 469
468 632
468 633
468 635
468 636
468 644
469 632
469 633
469 635
469 636
469 642
469 643
469 645
469 969
469 970
470 634
470 637
470 641
470 643
470 646
470 968
470 970
471 472
471 635
471 636
471 638
471 639
471 647
472 635
472 636
472 638
472 639
472 642
472 643
472 648
472 969
472 970
473 637
473 640
473 641
473 643
473 649
473 968
473 970
474 483
474 485
474 632
474 634
474 650
475 484
475 633
475 651
475 969
475 970
476 483
476 485
476 632
476 634
476 641
476 643
476 652
476 968
476 970
477 486
477 488
477 635
477 637
477 653
478 487
478 636
478 654
478 969
478 970
479 486
479 488
479 635
479 637
479 641
479 643
479 655
479 968
479 970
480 489
480 491
480 638
480 640
480 656
481 490
481 639
481 657
481 969
481 970
482 489
482 491
482 638
482 640
482 641
482 643
482 658
482 968
482 970
483 495
483 497
483 659
484 496
484 660
484 969
484 970
485 495
485 497
485 641
485 643
485 661
485 968
485 970
486 504
486 506
486 662
487 505
487 663
487 969
487 970
488 504
488 506
488 641
488 643
488 664
488 968
488 970
489 510
489 512
489 665
490 511
490 666
490 969
490 970
491 510
491 512
491 641
491 643
491 667
491 968
491 970
492 494
492 497
492 503
492 506
492 512
492 515
492 518
492 521
492 524
492 527
492 530
492 533
492 536
492 539
492 542
492 545
492 548
492 557
492 560
492 571
492 579
492 582
492 587
492 591
492 592
492 594
492 597
492 600
492 603
492 614
492 621
492 625
492 628
492 631
492 641
492 643
492 676
492 709
492 712
492 822
492 825
492 831
492 835
492 839
492 854
492 857
492 860
492 863
492 869
492 872
492 875
492 878
492 881
492 884
492 887
492 890
492 898
492 904
492 931
492 934
492 937
492 940
492 943
492 946
492 949
492 952
492 955
492 958
492 961
492 964
492 967
493 494
493 496
493 502
493 505
493 511
493 514
493 517
493 520
493 523
493 526
493 529
493 532
493 535
493 538
493 541
493 544
493 547
493 556
493 559
493 570
493 578
493 581
493 586
493 590
493 593
493 594
493 596
493 599
493 602
493 613
493 620
493 624
493 627
493 630
493 642
493 643
493 675
493 679
493 691
493 708
493 711
493 821
493 824
493 832
493 834
493 838
493 853
493 856
493 859
493 862
493 868
493 871
493 874
493 877
493 880
493 883
493 886
493 889
493 897
493 903
493 930
493 933
493 936
493 939
493 942
493 945
493 948
493 951
493 954
493 957
493 960
493 963
493 966
494 496
494 497
494 502
494 503
494 505
494 506
494 511
494 512
494 514
494 515
494 517
494 518
494 520
494 521
494 523
494 524
494 526
494 527
494 529
494 530
494 532
494 533
494 535
494 536
494 538
494 539
494 541
494 542
494 544
494 545
494 547
494 548
494 556
494 557
494 559
494 560
494 570
494 571
494 578
494 579
494 581
494 582
494 586
494 587
494 590
494 591
494 592
494 593
494 594
494 596
494 597
494 599
494 600
494 602
494 603
494 613
494 614
494 620
494 621
494 624
494 625
494 627
494 628
494 630
494 631
494 641
494 642
494 643
494 675
494 676
494 677
494 708
494 709
494 710
494 711
494 712
494 821
494 822
494 824
494 825
494 831
494 832
494 834
494 835
494 836
494 838
494 839
494 853
494 854
494 856
494 857
494 859
494 860
494 862
494 863
494 868
494 869
494 871
494 872
494 874
494 875
494 877
494 878
494 880
494 881
494 883
494 884
494 886
494 887
494 889
494 890
494 897
494 898
494 903
494 904
494 930
494 931
494 933
494 934
494 936
494 937
494 939
494 940
494 942
494 943
494 945
494 946
494 948
494 949
494 951
494 952
494 954
494 955
494 957
494 958
494 960
494 961
494 963
494 964
494 966
494 967
495 496
495 501
495 502
495 513
495 515
496 501
496 502
496 514
496 642
496 643
497 503
497 513
497 515
497 641
497 643
498 499
498 500
501 713
501 714
501 716
502 642
502 643
502 713
502 714
502 717
502 969
502 970
503 715
503 718
503 968
503 970
504 505
504 522
504 524
504 626
504 627
504 629
504 630
504 719
505 523
505 626
505 627
505 629
505 630
505 642
505 643
505 720
505 969
505 970
506 522
506 524
506 628
506 631
506 641
506 643
506 721
506 968
506 970
507 508
507 509
510 511
510 528
510 530
510 722
510 723
510 725
511 529
511 642
511 643
511 722
511 723
511 726
511 969
511 970
512 528
512 530
512 641
512 643
512 724
512 727
512 968
512 970
513 514
513 516
513 517
513 531
513 533
514 516
514 517
514 532
514 642
514 643
515 518
515 531
515 533
515 641
515 643
516 518
516 519
516 520
516 534
516 536
516 728
517 519
517 520
517 535
517 729
517 969
517 970
518 521
518 534
518 536
518 730
518 968
518 970
519 520
519 522
519 523
519 537
519 539
519 713
519 715
519 731
520 522
520 523
520 538
520 714
520 732
520 969
520 970
521 524
521 537
521 539
521 713
521 715
521 733
521 968
521 970
522 525
522 526
522 540
522 542
522 734
523 525
523 526
523 541
523 735
523 969
523 970
524 527
524 540
524 542
524 736
524 968
524 970
525 528
525 529
525 543
525 545
525 722
525 724
525 737
526 528
526 529
526 544
526 723
526 738
526 969
526 970
527 530
527 543
527 545
527 722
527 724
527 739
527 968
527 970
528 529
528 546
528 548
528 740
529 547
529 642
529 643
529 741
529 969
529 970
530 546
530 548
530 641
530 643
530 742
530 968
530 970
531 532
531 533
531 534
531 535
532 534
532 535
532 642
532 643
533 536
533 641
533 643
534 535
534 537
534 538
534 558
534 560
534 743
535 537
535 538
535 559
535 744
535 969
535 970
536 539
536 558
536 560
536 745
536 968
536 970
537 538
537 540
537 541
537 569
537 571
537 746
538 540
538 541
538 570
538 747
538 969
538 970
539 542
539 569
539 571
539 748
539 968
539 970
540 543
540 544
540 580
540 582
540 749
541 543
541 544
541 581
541 750
541 969
541 970
542 545
542 580
542 582
542 751
542 968
542 970
543 546
543 547
543 585
543 587
543 752
544 546
544 547
544 586
544 753
544 969
544 970
545 548
545 585
545 587
545 754
545 968
545 970
546 547
546 589
546 591
546 755
547 590
547 642
547 643
547 756
547 969
547 970
548 589
548 591
548 641
548 643
548 757
548 968
548 970
549 551
549 554
549 563
549 565
549 574
549 576
549 584
549 592
549 594
549 597
549 600
549 603
549 606
549 611
549 760
549 763
549 766
549 769
549 772
549 775
549 778
549 781
549 784
549 787
549 790
549 793
549 796
549 799
549 802
549 805
549 808
549 811
549 814
549 817
549 819
549 822
549 830
549 831
549 835
549 851
549 854
549 857
549 860
549 863
549 866
549 869
549 872
549 875
549 881
549 884
549 893
549 895
549 978
549 980
549 982
549 984
549 987
549 989
549 991
549 992
549 993
549 994
550 551
550 552
550 553
550 562
550 564
550 573
550 575
550 583
550 588
550 593
550 594
550 596
550 599
550 602
550 605
550 610
550 615
550 622
550 759
550 762
550 765
550 768
550 771
550 774
550 777
550 780
550 783
550 786
550 789
550 792
550 795
550 798
550 801
550 804
550 807
550 810
550 813
550 816
550 818
550 821
550 829
550 832
550 834
550 850
550 853
550 856
550 859
550 862
550 865
550 868
550 871
550 874
550 880
550 883
550 892
550 894
550 977
550 979
550 981
550 983
550 985
550 986
550 988
550 990
551 552
551 553
551 554
551 562
551 563
551 564
551 565
551 573
551 574
551 575
551 576
551 583
551 584
551 588
551 592
551 593
551 594
551 596
551 597
551 599
551 600
551 602
551 603
551 605
551 606
551 610
551 611
551 615
551 622
551 759
551 760
551 762
551 763
551 765
551 766
551 768
551 769
551 771
551 772
551 774
551 775
551 777
551 778
551 780
551 781
551 783
551 784
551 786
551 787
551 789
551 790
551 792
551 793
551 795
551 796
551 798
551 799
551 801
551 802
551 804
551 805
551 807
551 808
551 810
551 811
551 813
551 814
551 816
551 817
551 818
551 819
551 821
551 822
551 829
551 830
551 831
551 832
551 834
551 835
551 836
551 850
551 851
551 853
551 854
551 856
551 857
551 859
551 860
551 862
551 863
551 865
551 866
551 868
551 869
551 871
551 872
551 874
551 875
551 880
551 881
551 883
551 884
551 892
551 893
551 894
551 895
551 977
551 978
551 979
551 980
551 981
551 982
551 983
551 984
551 985
551 986
551 987
551 988
551 989
551 990
551 991
551 992
551 993
551 994
555 556
555 557
555 566
555 567
555 595
556 566
556 567
556 593
556 594
556 596
557 568
557 592
557 594
557 597
558 559
558 560
558 569
558 570
559 569
559 570
559 642
559 643
560 571
560 641
560 643
561 562
561 572
561 573
561 758
561 759
561 767
561 769
561 820
562 572
562 573
562 593
562 594
562 758
562 759
562 768
562 818
562 821
563 574
563 592
563 594
563 760
563 767
563 769
563 819
563 822
566 567
566 577
566 578
566 668
566 670
566 820
566 823
567 577
567 578
567 593
567 594
567 642
567 643
567 669
567 821
567 824
568 579
568 592
568 594
568 641
568 643
568 668
568 670
568 822
568 825
569 570
569 580
569 581
569 823
569 825
569 826
570 580
570 581
570 824
570 827
570 969
570 970
571 582
571 823
571 825
571 828
571 968
571 970
572 770
572 772
572 833
573 771
573 829
573 832
573 834
574 770
574 772
574 830
574 831
574 835
577 578
577 579
577 833
577 837
578 642
578 643
578 832
578 834
578 838
579 641
579 643
579 831
579 835
579 839
580 585
580 586
580 837
580 839
580 840
581 585
581 586
581 838
581 841
581 969
581 970
582 587
582 837
582 839
582 842
582 968
582 970
585 589
585 590
585 612
585 614
585 843
586 589
586 590
586 613
586 844
586 969
586 970
587 591
587 612
587 614
587 845
587 968
587 970
589 590
589 619
589 621
589 846
590 620
590 847
590 969
590 970
591 619
591 621
591 848
591 968
591 970
592 594
592 606
592 609
592 618
592 625
592 670
592 673
592 676
592 679
592 682
592 685
592 688
592 691
592 694
592 697
592 700
592 703
592 706
592 709
592 712
592 760
592 763
592 769
592 772
592 778
592 781
592 784
592 787
592 790
592 796
592 799
592 802
592 808
592 811
592 817
592 851
592 866
592 878
592 887
592 890
592 893
592 908
592 912
592 1001
592 1005
592 1007
592 1011
593 594
593 605
593 608
593 617
593 624
593 669
593 672
593 675
593 678
593 681
593 684
593 687
593 690
593 693
593 696
593 699
593 702
593 705
593 708
593 711
593 759
593 762
593 768
593 771
593 777
593 780
593 783
593 786
593 789
593 795
593 798
593 801
593 807
593 810
593 816
593 850
593 865
593 877
593 886
593 889
593 892
593 909
593 911
593 1002
593 1004
593 1008
593 1010
594 595
594 605
594 606
594 608
594 609
594 617
594 618
594 624
594 625
594 669
594 670
594 672
594 673
594 675
594 676
594 678
594 679
594 681
594 682
594 684
594 685
594 687
594 688
594 690
594 691
594 693
594 694
594 696
594 697
594 699
594 700
594 702
594 703
594 705
594 706
594 708
594 709
594 711
594 712
594 759
594 760
594 762
594 763
594 768
594 769
594 771
594 772
594 777
594 778
594 780
594 781
594 783
594 784
594 786
594 787
594 789
594 790
594 795
594 796
594 798
594 799
594 801
594 802
594 807
594 808
594 810
594 811
594 816
594 817
594 849
594 850
594 851
594 865
594 866
594 877
594 878
594 886
594 887
594 889
594 890
594 892
594 893
594 908
594 909
594 911
594 912
594 913
594 1001
594 1002
594 1004
594 1005
594 1006
594 1007
594 1008
594 1010
594 1011
594 1012
595 596
595 597
595 758
595 820
595 821
595 849
595 851
596 759
596 820
596 821
596 850
597 760
597 822
597 849
597 851
598 600
598 671
598 770
598 852
598 853
598 861
598 863
599 672
599 771
599 852
599 853
599 862
600 673
600 772
600 854
600 861
600 863
601 623
601 624
601 683
601 785
601 861
601 862
601 873
601 875
602 623
602 624
602 684
602 786
602 861
602 862
602 874
603 625
603 685
603 787
603 863
603 873
603 875
604 770
604 771
604 785
604 787
605 770
605 771
605 786
605 894
606 772
606 785
606 787
606 895
607 616
607 617
607 671
607 672
607 683
607 685
607 896
608 616
608 617
608 642
608 643
608 671
608 672
608 684
608 897
609 618
609 641
609 643
609 673
609 683
609 685
609 898
612 613
612 619
612 620
612 896
612 898
612 899
613 619
613 620
613 897
613 900
613 969
613 970
614 621
614 896
614 898
614 901
614 968
614 970
616 617
616 686
616 688
616 902
617 642
617 643
617 687
617 903
618 641
618 643
618 686
618 688
618 904
619 620
619 902
619 904
619 905
620 903
620 906
620 969
620 970
621 902
621 904
621 907
621 968
621 970
623 624
623 686
623 876
623 878
623 910
624 687
624 877
624 909
624 911
625 688
625 876
625 878
625 908
625 912
626 627
626 713
626 714
626 914
627 642
627 643
627 713
627 714
627 915
627 969
627 970
628 715
628 916
628 968
628 970
629 630
629 722
629 723
629 917
630 642
630 643
630 722
630 723
630 918
630 969
630 970
631 724
631 919
631 968
631 970
632 633
632 634
632 920
633 642
633 643
633 921
633 969
633 970
634 641
634 643
634 922
634 968
634 970
635 636
635 637
635 923
636 642
636 643
636 924
636 969
636 970
637 641
637 643
637 925
637 968
637 970
638 639
638 640
638 926
639 642
639 643
639 927
639 969
639 970
640 641
640 643
640 928
640 968
640 970
641 643
641 646
641 649
641 652
641 655
641 658
641 661
641 664
641 667
641 670
641 673
641 679
641 682
641 685
641 688
641 691
641 694
641 697
641 700
641 703
641 706
641 709
641 718
641 721
641 727
641 730
641 733
641 736
641 739
641 742
641 745
641 748
641 751
641 754
641 757
641 828
641 842
641 845
641 848
641 901
641 907
641 916
641 919
641 922
641 925
641 928
641 949
641 958
641 968
641 970
641 997
641 1000
641 1015
641 1018
641 1027
641 1030
641 1033
641 1036
641 1039
641 1042
641 1045
641 1048
641 1051
641 1054
641 1057
641 1060
642 643
642 645
642 648
642 651
642 654
642 657
642 660
642 663
642 666
642 669
642 672
642 678
642 681
642 684
642 687
642 690
642 693
642 696
642 699
642 702
642 705
642 708
642 717
642 720
642 726
642 729
642 732
642 735
642 738
642 741
642 744
642 747
642 750
642 753
642 756
642 827
642 841
642 844
642 847
642 900
642 906
642 915
642 918
642 921
642 924
642 927
642 948
642 957
642 969
642 970
642 996
642 999
642 1014
642 1017
642 1026
642 1029
642 1032
642 1035
642 1038
642 1041
642 1044
642 1047
642 1050
642 1053
642 1056
642 1059
643 645
643 646
643 648
643 649
643 651
643 652
643 654
643 655
643 657
643 658
643 660
643 661
643 663
643 664
643 666
643 667
643 669
643 670
643 672
643 673
643 678
643 679
643 681
643 682
643 684
643 685
643 687
643 688
643 690
643 691
643 693
643 694
643 696
643 697
643 699
643 700
643 702
643 703
643 705
643 706
643 708
643 709
643 717
643 718
643 720
643 721
643 726
643 727
643 729
643 730
643 732
643 733
643 735
643 736
643 738
643 739
643 741
643 742
643 744
643 745
643 747
643 748
643 750
643 751
643 753
643 754
643 756
643 757
643 827
643 828
643 841
643 842
643 844
643 845
643 847
643 848
643 900
643 901
643 906
643 907
643 915
643 916
643 918
643 919
643 921
643 922
643 924
643 925
643 927
643 928
643 948
643 949
643 957
643 958
643 968
643 969
643 970
643 996
643 997
643 999
643 1000
643 1014
643 1015
643 1017
643 1018
643 1026
643 1027
643 1029
643 1030
643 1032
643 1033
643 1035
643 1036
643 1038
643 1039
643 1041
643 1042
643 1044
643 1045
643 1047
643 1048
643 1050
643 1051
643 1053
643 1054
643 1056
643 1057
643 1059
643 1060
644 645
644 920
644 921
644 923
644 924
645 920
645 921
645 923
645 924
645 969
645 970
646 922
646 925
646 968
646 970
647 648
647 923
647 924
647 926
647 927
648 923
648 924
648 926
648 927
648 969
648 970
649 925
649 928
649 968
649 970
650 659
650 661
650 920
650 922
651 660
651 921
651 969
651 970
652 659
652 661
652 920
652 922
652 968
652 970
653 662
653 664
653 923
653 925
654 663
654 924
654 969
654 970
655 662
655 664
655 923
655 925
655 968
655 970
656 665
656 667
656 926
656 928
657 666
657 927
657 969
657 970
658 665
658 667
658 926
658 928
658 968
658 970
659 661
660 969
660 970
661 968
661 970
662 719
662 721
663 720
663 969
663 970
664 719
664 721
664 968
664 970
665 725
665 727
666 726
666 969
666 970
667 725
667 727
667 968
667 970
668 669
668 671
668 672
668 674
668 676
668 852
668 929
669 671
669 672
669 675
669 853
669 930
670 673
670 674
670 676
670 854
670 931
671 673
671 680
671 682
671 932
672 681
672 933
673 680
673 682
673 934
674 675
674 676
674 677
674 678
674 855
675 677
675 678
675 856
676 679
676 857
677 679
677 680
677 681
677 689
677 691
677 858
677 935
678 680
678 681
678 690
678 859
678 936
679 682
679 689
679 691
679 860
679 937
680 681
680 683
680 684
680 692
680 694
680 861
680 938
681 683
681 684
681 693
681 862
681 939
682 685
682 692
682 694
682 863
682 940
683 686
683 687
683 695
683 697
683 941
684 686
684 687
684 696
684 942
685 688
685 695
685 697
685 943
686 687
686 698
686 700
686 944
687 699
687 945
688 698
688 700
688 946
689 690
689 692
689 693
689 710
689 712
689 867
689 947
690 692
690 693
690 711
690 868
690 948
691 694
691 710
691 712
691 869
691 949
692 693
692 695
692 696
692 701
692 703
692 870
692 950
693 695
693 696
693 702
693 871
693 951
694 697
694 701
694 703
694 872
694 952
695 698
695 699
695 704
695 706
695 873
695 953
696 698
696 699
696 705
696 874
696 954
697 700
697 704
697 706
697 875
697 955
698 699
698 707
698 709
698 876
698 956
699 708
699 877
699 957
700 707
700 709
700 878
700 958
701 702
701 703
701 704
701 705
701 710
701 711
701 882
701 959
702 704
702 705
702 710
702 711
702 883
702 960
703 706
703 712
703 884
703 961
704 706
704 707
704 708
704 885
704 962
705 707
705 708
705 886
705 963
706 709
706 887
706 964
707 708
707 709
707 888
707 965
708 889
708 966
709 890
709 967
710 711
710 712
710 879
711 880
712 881
713 714
713 715
716 717
716 718
716 728
716 730
716 971
716 972
717 729
717 969
717 970
717 971
717 972
718 728
718 730
718 968
718 970
718 973
719 720
719 734
719 736
719 914
719 915
719 917
719 918
720 735
720 914
720 915
720 917
720 918
720 969
720 970
721 734
721 736
721 916
721 919
721 968
721 970
722 723
722 724
725 726
725 740
725 742
725 974
725 975
726 741
726 969
726 970
726 974
726 975
727 740
727 742
727 968
727 970
727 976
728 729
728 731
728 732
728 743
728 745
729 731
729 732
729 744
729 969
729 970
730 733
730 743
730 745
730 968
730 970
731 732
731 734
731 735
731 746
731 748
731 971
731 973
732 734
732 735
732 747
732 969
732 970
732 972
733 736
733 746
733 748
733 968
733 970
733 971
733 973
734 737
734 738
734 749
734 751
735 737
735 738
735 750
735 969
735 970
736 739
736 749
736 751
736 968
736 970
737 740
737 741
737 752
737 754
737 974
737 976
738 740
738 741
738 753
738 969
738 970
738 975
739 742
739 752
739 754
739 968
739 970
739 974
739 976
740 741
740 755
740 757
741 756
741 969
741 970
742 755
742 757
742 968
742 970
743 744
743 745
743 746
743 747
744 746
744 747
744 969
744 970
745 748
745 968
745 970
746 747
746 749
746 750
746 826
746 828
747 749
747 750
747 827
747 969
747 970
748 751
748 826
748 828
748 968
748 970
749 752
749 753
749 840
749 842
750 752
750 753
750 841
750 969
750 970
751 754
751 840
751 842
751 968
751 970
752 755
752 756
752 843
752 845
753 755
753 756
753 844
753 969
753 970
754 757
754 843
754 845
754 968
754 970
755 756
755 846
755 848
756 847
756 969
756 970
757 846
757 848
757 968
757 970
758 759
761 762
761 764
761 765
761 849
762 764
762 765
762 850
763 766
763 851
764 767
764 768
765 767
765 768
766 769
767 768
767 770
767 771
767 776
767 778
767 852
768 770
768 771
768 777
768 853
768 977
769 772
769 776
769 778
769 854
769 978
770 782
770 784
771 783
771 979
772 782
772 784
772 980
776 777
776 778
776 779
776 780
776 855
777 779
777 780
777 856
778 781
778 857
779 781
779 782
779 783
779 794
779 796
779 858
780 782
780 783
780 795
780 859
780 981
781 784
781 794
781 796
781 860
781 982
782 783
782 785
782 786
782 797
782 799
782 861
783 785
783 786
783 798
783 862
783 983
784 787
784 797
784 799
784 863
784 984
785 786
785 787
786 985
788 789
788 791
788 792
788 864
789 791
789 792
789 865
790 793
790 866
791 794
791 795
792 794
792 795
793 796
794 795
794 797
794 798
794 806
794 808
794 867
795 797
795 798
795 807
795 868
795 986
796 799
796 806
796 808
796 869
796 987
797 798
797 800
797 801
797 809
797 811
797 870
798 800
798 801
798 810
798 871
798 988
799 802
799 809
799 811
799 872
799 989
800 801
800 873
801 874
801 990
802 875
806 808
806 879
807 880
808 881
808 991
809 811
809 882
810 883
811 884
811 992
814 993
815 891
816 892
817 893
817 994
820 821
820 822
820 852
820 854
821 853
822 852
822 854
823 824
823 837
823 838
823 929
823 931
823 995
824 837
824 838
824 930
824 969
824 970
824 996
825 839
825 929
825 931
825 968
825 970
825 997
826 827
826 840
826 841
826 995
826 997
827 840
827 841
827 969
827 970
827 996
828 842
828 968
828 970
828 995
828 997
831 835
832 834
837 838
837 839
837 998
838 969
838 970
838 999
839 968
839 970
839 1000
840 843
840 844
840 998
840 1000
841 843
841 844
841 969
841 970
841 999
842 845
842 968
842 970
842 998
842 1000
843 846
843 847
843 899
843 901
844 846
844 847
844 900
844 969
844 970
845 848
845 899
845 901
845 968
845 970
846 847
846 905
846 907
847 906
847 969
847 970
848 905
848 907
848 968
848 970
849 850
849 851
849 852
849 853
850 852
850 853
851 854
852 853
852 855
852 857
853 856
854 855
854 857
855 856
855 858
855 859
855 864
855 866
856 858
856 859
856 865
857 860
857 864
857 866
858 860
858 861
858 862
858 867
858 869
859 861
859 862
859 868
860 863
860 867
860 869
861 862
861 870
861 872
862 871
863 870
863 872
864 865
864 866
864 867
864 868
865 867
865 868
866 869
867 870
867 871
867 879
867 881
868 870
868 871
868 880
869 872
869 879
869 881
870 871
870 873
870 874
870 882
870 884
871 873
871 874
871 883
872 875
872 882
872 884
873 876
873 877
873 885
873 887
874 876
874 877
874 886
875 878
875 885
875 887
876 877
876 888
876 890
876 1003
877 889
877 1002
877 1004
878 888
878 890
878 1001
878 1005
879 880
879 881
879 882
879 883
880 882
880 883
881 884
882 883
882 884
882 891
882 892
883 891
883 892
884 893
885 886
885 887
885 888
885 889
885 891
885 892
886 888
886 889
886 891
886 892
887 890
887 893
888 889
888 890
888 1009
889 1008
889 1010
890 1007
890 1011
891 892
896 902
896 903
896 932
896 933
896 941
896 943
896 1013
897 902
897 903
897 932
897 933
897 942
897 969
897 970
897 1014
898 904
898 934
898 941
898 943
898 968
898 970
898 1015
899 905
899 906
899 998
899 999
899 1013
899 1015
900 905
900 906
900 969
900 970
900 998
900 999
900 1014
901 907
901 968
901 970
901 1000
901 1013
901 1015
902 903
902 944
902 946
902 1016
903 945
903 969
903 970
903 1017
904 944
904 946
904 968
904 970
904 1018
905 906
905 1016
905 1018
906 969
906 970
906 1017
907 968
907 970
907 1016
907 1018
908 912
908 1019
908 1023
909 911
909 1020
909 1022
910 1021
911 1020
911 1022
912 1019
912 1023
913 1024
914 915
914 971
914 972
915 969
915 970
915 971
915 972
916 968
916 970
916 973
917 918
917 974
917 975
918 969
918 970
918 974
918 975
919 968
919 970
919 976
920 921
920 922
921 969
921 970
922 968
922 970
923 924
923 925
924 969
924 970
925 968
925 970
926 927
926 928
927 969
927 970
928 968
928 970
929 930
929 931
929 932
929 933
929 1025
930 932
930 933
930 969
930 970
930 1026
931 934
931 968
931 970
931 1027
932 934
932 938
932 940
932 1028
933 939
933 969
933 970
933 1029
934 938
934 940
934 968
934 970
934 1030
935 936
935 937
935 938
935 939
935 947
935 949
935 1031
936 938
936 939
936 948
936 969
936 970
936 1032
937 940
937 947
937 949
937 968
937 970
937 1033
938 939
938 941
938 942
938 950
938 952
938 1034
939 941
939 942
939 951
939 969
939 970
939 1035
940 943
940 950
940 952
940 968
940 970
940 1036
941 944
941 945
941 953
941 955
941 1037
942 944
942 945
942 954
942 969
942 970
942 1038
943 946
943 953
943 955
943 968
943 970
943 1039
944 945
944 956
944 958
944 1040
945 957
945 969
945 970
945 1041
946 956
946 958
946 968
946 970
946 1042
947 948
947 949
947 950
947 951
948 950
948 951
949 952
950 951
950 953
950 954
950 959
950 961
950 1043
951 953
951 954
951 960
951 969
951 970
951 1044
952 955
952 959
952 961
952 968
952 970
952 1045
953 956
953 957
953 962
953 964
953 1046
954 956
954 957
954 963
954 969
954 970
954 1047
955 958
955 962
955 964
955 968
955 970
955 1048
956 957
956 965
956 967
956 1049
957 966
957 969
957 970
957 1050
958 965
958 967
958 968
958 970
958 1051
959 960
959 961
959 962
959 963
959 1052
960 962
960 963
960 969
960 970
960 1053
961 964
961 968
961 970
961 1054
962 964
962 965
962 966
962 1055
963 965
963 966
963 969
963 970
963 1056
964 967
964 968
964 970
964 1057
965 966
965 967
965 1058
966 969
966 970
966 1059
967 968
967 970
967 1060
968 970
968 997
968 1000
968 1015
968 1018
968 1027
968 1030
968 1033
968 1036
968 1039
968 1042
968 1045
968 1048
968 1051
968 1054
968 1057
968 1060
969 970
969 996
969 999
969 1014
969 1017
969 1026
969 1029
969 1032
969 1035
969 1038
969 1041
969 1044
969 1047
969 1050
969 1053
969 1056
969 1059
970 996
970 997
970 999
970 1000
970 1014
970 1015
970 1017
970 1018
970 1026
970 1027
970 1029
970 1030
970 1032
970 1033
970 1035
970 1036
970 1038
970 1039
970 1041
970 1042
970 1044
970 1045
970 1047
970 1048
970 1050
970 1051
970 1053
970 1054
970 1056
970 1057
970 1059
970 1060
971 972
971 973
974 975
974 976
995 996
995 997
995 998
995 999
996 998
996 999
997 1000
998 1028
998 1030
999 1029
1000 1028
1000 1030
1001 1005
1001 1061
1001 1065
1002 1004
1002 1062
1002 1064
1003 1063
1004 1062
1004 1064
1005 1061
1005 1065
1006 1066
1007 1011
1007 1067
1007 1071
1008 1010
1008 1068
1008 1070
1009 1069
1010 1068
1010 1070
1011 1067
1011 1071
1012 1072
1013 1016
1013 1017
1013 1028
1013 1029
1013 1037
1013 1039
1014 1016
1014 1017
1014 1028
1014 1029
1014 1038
1015 1018
1015 1030
1015 1037
1015 1039
1016 1017
1016 1040
1016 1042
1017 1041
1018 1040
1018 1042
1019 1023
1020 1022
1020 1073
1022 1073
1025 1026
1025 1028
1025 1029
1026 1028
1026 1029
1027 1030
1028 1029
1028 1034
1028 1036
1029 1035
1030 1034
1030 1036
1031 1032
1031 1034
1031 1035
1032 1034
1032 1035
1033 1036
1034 1035
1034 1037
1034 1038
1034 1043
1034 1045
1035 1037
1035 1038
1035 1044
1036 1039
1036 1043
1036 1045
1037 1040
1037 1041
1037 1046
1037 1048
1038 1040
1038 1041
1038 1047
1039 1042
1039 1046
1039 1048
1040 1041
1040 1049
1040 1051
1041 1050
1042 1049
1042 1051
1043 1044
1043 1046
1043 1047
1043 1052
1043 1054
1044 1046
1044 1047
1044 1053
1045 1048
1045 1052
1045 1054
1046 1049
1046 1050
1046 1055
1046 1057
1047 1049
1047 1050
1047 1056
1048 1051
1048 1055
1048 1057
1049 1050
1049 1058
1049 1060
1050 1059
1051 1058
1051 1060
1052 1053
1052 1054
1052 1055
1052 1056
1053 1055
1053 1056
1054 1057
1055 1057
1055 1058
1055 1059
1056 1058
1056 1059
1057 1060
1058 1059
1058 1060
1061 1065
1062 1064
1062 1074
1064 1074
1067 1071
1068 1070
