916 4638
1 2
1 285
1 286
1 393
1 394
1 465
1 466
1 537
1 538
2 393
2 394
2 465
2 466
2 533
2 534
2 537
2 538
3 4
3 87
3 88
3 97
3 98
3 205
3 206
3 225
3 226
4 97
4 98
4 205
4 206
4 225
4 226
4 653
4 654
5 6
5 141
5 142
5 213
5 214
5 271
5 272
5 411
5 412
6 141
6 142
6 171
6 172
6 271
6 272
6 411
6 412
7 8
7 83
7 84
7 101
7 102
7 261
7 262
7 527
7 528
8 83
8 84
8 101
8 102
8 241
8 242
8 261
8 262
9 10
9 67
9 68
9 81
9 82
9 97
9 98
9 125
9 126
10 67
10 68
10 81
10 82
10 125
10 126
10 339
10 340
11 12
11 15
11 16
11 27
11 28
11 121
11 122
11 715
11 716
12 15
12 16
12 23
12 24
12 27
12 28
12 715
12 716
13 14
13 325
13 326
13 433
13 434
13 789
13 790
13 855
13 856
14 433
14 434
14 789
14 790
14 801
14 802
14 855
14 856
15 16
15 25
15 26
15 27
15 28
15 715
15 716
16 27
16 28
16 323
16 324
16 715
16 716
17 18
17 23
17 24
17 241
17 242
17 291
17 292
17 903
17 904
18 23
18 24
18 291
18 292
18 623
18 624
18 903
18 904
19 20
19 23
19 24
19 59
19 60
19 909
19 910
19 911
19 912
20 59
20 60
20 909
20 910
20 911
20 912
20 915
20 916
21 22
21 369
21 370
21 515
21 516
21 645
21 646
21 683
21 684
22 369
22 370
22 479
22 480
22 645
22 646
22 683
22 684
23 24
23 291
23 292
23 903
23 904
23 909
23 910
24 291
24 292
24 673
24 674
24 903
24 904
25 26
25 189
25 190
25 255
25 256
25 359
25 360
25 545
25 546
26 189
26 190
26 359
26 360
26 545
26 546
26 831
26 832
27 28
27 483
27 484
27 715
27 716
28 715
28 716
29 30
29 885
29 886
29 905
29 906
29 907
29 908
30 885
30 886
30 905
30 906
30 907
30 908
31 32
31 409
31 410
31 589
31 590
31 655
31 656
31 749
31 750
32 409
32 410
32 569
32 570
32 589
32 590
32 749
32 750
33 34
33 125
33 126
33 405
33 406
33 421
33 422
33 497
33 498
34 405
34 406
34 419
34 420
34 421
34 422
34 497
34 498
35 36
35 59
35 60
35 299
35 300
35 303
35 304
35 429
35 430
36 299
36 300
36 303
36 304
36 419
36 420
36 429
36 430
37 38
37 59
37 60
37 65
37 66
37 87
37 88
37 161
37 162
38 65
38 66
38 87
38 88
38 137
38 138
38 161
38 162
39 40
39 365
39 366
39 389
39 390
39 513
39 514
39 711
39 712
40 365
40 366
40 511
40 512
40 513
40 514
40 711
40 712
41 42
41 69
41 70
41 77
41 78
41 269
41 270
41 681
41 682
42 69
42 70
42 73
42 74
42 77
42 78
42 681
42 682
43 44
43 377
43 378
43 595
43 596
43 625
43 626
43 693
43 694
44 377
44 378
44 513
44 514
44 625
44 626
44 693
44 694
45 46
45 265
45 266
45 641
45 642
45 763
45 764
45 815
45 816
46 265
46 266
46 641
46 642
46 657
46 658
46 763
46 764
47 48
47 97
47 98
47 471
47 472
47 555
47 556
47 581
47 582
48 471
48 472
48 555
48 556
48 581
48 582
49 50
49 61
49 62
49 73
49 74
49 99
49 100
49 141
49 142
50 61
50 62
50 73
50 74
50 99
50 100
50 705
50 706
51 52
51 247
51 248
51 705
51 706
51 873
51 874
51 893
51 894
52 247
52 248
52 627
52 628
52 873
52 874
52 893
52 894
53 54
53 157
53 158
53 175
53 176
53 179
53 180
53 457
53 458
54 157
54 158
54 177
54 178
54 179
54 180
54 457
54 458
55 56
55 79
55 80
55 255
55 256
55 543
55 544
56 79
56 80
56 137
56 138
56 255
56 256
56 543
56 544
57 58
57 137
57 138
57 265
57 266
57 525
57 526
57 621
57 622
58 137
58 138
58 525
58 526
58 585
58 586
58 621
58 622
59 60
59 909
59 910
59 911
59 912
60 909
60 910
60 911
60 912
61 62
61 71
61 72
61 73
61 74
61 99
61 100
62 73
62 74
62 99
62 100
63 64
63 97
63 98
63 121
63 122
63 309
63 310
63 317
63 318
64 121
64 122
64 157
64 158
64 309
64 310
64 317
64 318
65 66
65 87
65 88
65 161
65 162
66 87
66 88
66 161
66 162
66 673
66 674
67 68
67 81
67 82
67 89
67 90
67 125
67 126
68 81
68 82
68 125
68 126
69 70
69 73
69 74
69 77
69 78
69 681
69 682
70 77
70 78
70 681
70 682
71 72
71 87
71 88
71 181
71 182
71 535
71 536
71 583
71 584
72 181
72 182
72 535
72 536
72 555
72 556
72 583
72 584
73 74
73 99
73 100
73 557
73 558
74 99
74 100
75 76
75 209
75 210
75 271
75 272
75 373
75 374
75 445
75 446
76 209
76 210
76 373
76 374
76 445
76 446
77 78
77 317
77 318
77 681
77 682
78 681
78 682
78 875
78 876
79 80
79 255
79 256
79 543
79 544
79 687
79 688
80 255
80 256
80 537
80 538
80 543
80 544
81 82
81 125
81 126
81 161
81 162
82 125
82 126
83 84
83 89
83 90
83 101
83 102
83 261
83 262
84 101
84 102
84 173
84 174
84 261
84 262
85 86
85 415
85 416
85 447
85 448
85 685
85 686
85 771
85 772
86 447
86 448
86 679
86 680
86 685
86 686
86 771
86 772
87 88
87 161
87 162
87 409
87 410
88 161
88 162
88 235
88 236
89 90
89 321
89 322
89 753
89 754
89 761
89 762
89 795
89 796
90 321
90 322
90 753
90 754
90 761
90 762
91 92
91 121
91 122
91 185
91 186
91 459
91 460
91 635
91 636
92 185
92 186
92 459
92 460
92 635
92 636
93 94
93 335
93 336
93 471
93 472
93 575
93 576
93 805
93 806
94 335
94 336
94 499
94 500
94 575
94 576
94 805
94 806
95 96
95 171
95 172
95 241
95 242
95 407
95 408
95 863
95 864
96 171
96 172
96 407
96 408
96 863
96 864
97 98
97 179
97 180
97 205
97 206
97 225
97 226
98 205
98 206
98 225
98 226
98 811
98 812
99 100
99 799
99 800
100 285
100 286
101 102
101 261
101 262
101 333
101 334
102 261
102 262
102 455
102 456
103 104
103 237
103 238
103 449
103 450
103 507
103 508
103 593
103 594
104 237
104 238
104 275
104 276
104 449
104 450
104 593
104 594
105 106
105 427
105 428
105 529
105 530
105 817
105 818
106 427
106 428
106 459
106 460
106 529
106 530
106 817
106 818
107 108
107 441
107 442
107 739
107 740
107 821
107 822
107 857
107 858
108 441
108 442
108 629
108 630
108 739
108 740
108 821
108 822
109 110
109 125
109 126
109 177
109 178
109 381
109 382
109 533
109 534
110 177
110 178
110 355
110 356
110 381
110 382
110 533
110 534
111 112
111 619
111 620
111 627
111 628
111 653
111 654
111 859
111 860
112 619
112 620
112 631
112 632
112 653
112 654
112 859
112 860
113 114
113 659
113 660
113 729
113 730
113 755
113 756
113 915
113 916
114 659
114 660
114 729
114 730
114 747
114 748
114 755
114 756
115 116
115 469
115 470
115 507
115 508
115 523
115 524
115 567
115 568
116 469
116 470
116 483
116 484
116 507
116 508
116 567
116 568
117 118
117 171
117 172
117 175
117 176
117 397
117 398
117 615
117 616
118 175
118 176
118 397
118 398
118 455
118 456
118 615
118 616
119 120
119 639
119 640
119 719
119 720
119 769
119 770
119 889
119 890
120 719
120 720
120 725
120 726
120 769
120 770
120 889
120 890
121 122
121 309
121 310
121 317
121 318
121 851
121 852
122 309
122 310
122 317
122 318
123 124
123 269
123 270
123 339
123 340
123 431
123 432
123 739
123 740
124 269
124 270
124 339
124 340
124 383
124 384
124 431
124 432
125 126
126 897
126 898
127 128
127 213
127 214
127 241
127 242
127 487
127 488
127 759
127 760
128 241
128 242
128 255
128 256
128 487
128 488
128 759
128 760
129 130
129 879
129 880
129 893
129 894
129 897
129 898
129 899
129 900
130 879
130 880
130 897
130 898
130 899
130 900
130 905
130 906
131 132
131 201
131 202
131 331
131 332
131 689
131 690
131 807
131 808
132 331
132 332
132 689
132 690
132 807
132 808
132 853
132 854
133 134
133 285
133 286
133 323
133 324
133 325
133 326
134 285
134 286
134 311
134 312
134 323
134 324
134 325
134 326
135 136
135 163
135 164
135 701
135 702
135 771
135 772
135 877
135 878
136 163
136 164
136 701
136 702
136 791
136 792
136 877
136 878
137 138
137 525
137 526
137 581
137 582
137 621
137 622
138 525
138 526
138 621
138 622
138 871
138 872
139 140
139 361
139 362
139 467
139 468
139 677
139 678
139 707
139 708
140 467
140 468
140 677
140 678
140 681
140 682
140 707
140 708
141 142
141 271
141 272
141 395
141 396
141 411
141 412
142 271
142 272
142 287
142 288
142 411
142 412
143 144
143 591
143 592
143 733
143 734
143 835
143 836
143 873
143 874
144 591
144 592
144 733
144 734
144 835
144 836
144 889
144 890
145 146
145 149
145 150
145 417
145 418
145 679
145 680
145 875
145 876
146 149
146 150
146 271
146 272
146 417
146 418
146 679
146 680
147 148
147 153
147 154
147 189
147 190
147 195
147 196
147 499
147 500
148 153
148 154
148 195
148 196
148 499
148 500
149 150
149 333
149 334
149 417
149 418
149 679
149 680
150 417
150 418
150 679
150 680
150 735
150 736
151 152
151 213
151 214
151 521
151 522
151 695
151 696
152 213
152 214
152 521
152 522
152 687
152 688
152 695
152 696
153 154
153 183
153 184
153 195
153 196
153 499
153 500
154 195
154 196
154 497
154 498
154 499
154 500
155 156
155 351
155 352
155 485
155 486
155 563
155 564
155 639
155 640
156 485
156 486
156 563
156 564
156 573
156 574
156 639
156 640
157 158
157 179
157 180
157 457
157 458
157 851
157 852
158 179
158 180
158 395
158 396
158 457
158 458
159 160
159 193
159 194
159 201
159 202
159 845
159 846
160 193
160 194
160 195
160 196
160 201
160 202
160 845
160 846
161 162
161 765
161 766
162 569
162 570
163 164
163 355
163 356
163 701
163 702
163 877
163 878
164 701
164 702
164 795
164 796
164 877
164 878
165 166
165 275
165 276
165 441
165 442
165 629
165 630
165 811
165 812
166 275
166 276
166 525
166 526
166 629
166 630
166 811
166 812
167 168
167 177
167 178
167 233
167 234
167 511
167 512
167 781
167 782
168 233
168 234
168 511
168 512
168 781
168 782
168 877
168 878
169 170
169 225
169 226
169 327
169 328
169 351
169 352
169 489
169 490
170 327
170 328
170 351
170 352
170 489
170 490
170 547
170 548
171 172
171 407
171 408
171 863
171 864
171 887
171 888
172 407
172 408
172 575
172 576
172 863
172 864
173 174
173 305
173 306
173 319
173 320
173 819
173 820
173 853
173 854
174 305
174 306
174 319
174 320
174 819
174 820
174 889
174 890
175 176
175 397
175 398
175 615
175 616
175 741
175 742
176 397
176 398
176 497
176 498
176 615
176 616
177 178
177 381
177 382
177 411
177 412
177 533
177 534
178 381
178 382
178 533
178 534
178 773
178 774
179 180
179 457
179 458
180 457
180 458
180 851
180 852
181 182
181 535
181 536
181 541
181 542
181 583
181 584
182 535
182 536
182 581
182 582
182 583
182 584
183 184
183 311
183 312
183 871
183 872
183 879
183 880
183 895
183 896
184 311
184 312
184 369
184 370
184 871
184 872
184 895
184 896
185 186
185 221
185 222
185 459
185 460
185 635
185 636
186 459
186 460
186 635
186 636
186 835
186 836
187 188
187 609
187 610
187 765
187 766
187 803
187 804
187 809
187 810
188 609
188 610
188 765
188 766
188 809
188 810
188 823
188 824
189 190
189 359
189 360
189 545
189 546
190 359
190 360
190 545
190 546
190 761
190 762
191 192
191 247
191 248
191 329
191 330
191 367
191 368
191 389
191 390
192 329
192 330
192 367
192 368
192 373
192 374
192 389
192 390
193 194
193 201
193 202
193 845
193 846
193 857
193 858
194 201
194 202
194 507
194 508
194 845
194 846
195 196
195 453
195 454
195 499
195 500
196 499
196 500
196 659
196 660
197 198
197 229
197 230
197 509
197 510
197 553
197 554
198 229
198 230
198 255
198 256
198 509
198 510
198 553
198 554
199 200
199 291
199 292
199 293
199 294
199 559
199 560
199 737
199 738
200 293
200 294
200 545
200 546
200 559
200 560
200 737
200 738
201 202
201 845
201 846
201 883
201 884
202 845
202 846
202 859
202 860
203 204
203 549
203 550
203 643
203 644
203 853
203 854
203 869
203 870
204 643
204 644
204 853
204 854
204 869
204 870
205 206
205 225
205 226
205 831
205 832
206 225
206 226
207 208
207 375
207 376
207 427
207 428
207 687
207 688
207 825
207 826
208 375
208 376
208 687
208 688
208 737
208 738
208 825
208 826
209 210
209 373
209 374
209 445
209 446
210 373
210 374
210 379
210 380
210 445
210 446
211 212
211 437
211 438
211 631
211 632
211 833
211 834
212 437
212 438
212 613
212 614
212 631
212 632
212 833
212 834
213 214
213 521
213 522
213 695
213 696
213 843
213 844
214 521
214 522
214 695
214 696
215 216
215 229
215 230
215 743
215 744
215 857
215 858
215 881
215 882
216 743
216 744
216 857
216 858
216 881
216 882
216 901
216 902
217 218
217 419
217 420
217 513
217 514
217 669
217 670
217 767
217 768
218 419
218 420
218 669
218 670
218 695
218 696
218 767
218 768
219 220
219 381
219 382
219 539
219 540
219 697
219 698
219 703
219 704
220 539
220 540
220 653
220 654
220 697
220 698
220 703
220 704
221 222
221 295
221 296
221 405
221 406
221 451
221 452
221 861
221 862
222 295
222 296
222 405
222 406
222 451
222 452
222 861
222 862
223 224
223 475
223 476
223 487
223 488
223 501
223 502
223 751
223 752
224 475
224 476
224 481
224 482
224 501
224 502
224 751
224 752
225 226
226 839
226 840
227 228
227 271
227 272
227 579
227 580
227 611
227 612
227 637
227 638
228 579
228 580
228 611
228 612
228 621
228 622
228 637
228 638
229 230
229 333
229 334
229 509
229 510
229 553
229 554
230 509
230 510
230 553
230 554
231 232
231 437
231 438
231 495
231 496
231 597
231 598
231 723
231 724
232 495
232 496
232 591
232 592
232 597
232 598
232 723
232 724
233 234
233 511
233 512
233 593
233 594
233 781
233 782
234 511
234 512
234 781
234 782
234 859
234 860
235 236
235 479
235 480
235 481
235 482
235 517
235 518
235 595
235 596
236 479
236 480
236 505
236 506
236 517
236 518
236 595
236 596
237 238
237 449
237 450
237 507
237 508
237 593
237 594
238 449
238 450
238 571
238 572
238 593
238 594
239 240
239 633
239 634
239 805
239 806
239 867
239 868
239 883
239 884
240 633
240 634
240 739
240 740
240 867
240 868
240 883
240 884
241 242
241 487
241 488
241 759
241 760
241 831
241 832
242 487
242 488
242 759
242 760
242 771
242 772
243 244
243 465
243 466
243 829
243 830
243 891
243 892
243 901
243 902
244 829
244 830
244 863
244 864
244 891
244 892
244 901
244 902
245 246
245 569
245 570
245 731
245 732
245 735
245 736
245 747
245 748
246 569
246 570
246 691
246 692
246 731
246 732
246 747
246 748
247 248
247 763
247 764
247 873
247 874
247 893
247 894
248 873
248 874
248 887
248 888
248 893
248 894
249 250
249 255
249 256
249 257
249 258
249 307
249 308
249 355
249 356
250 257
250 258
250 307
250 308
250 339
250 340
250 355
250 356
251 252
251 613
251 614
251 757
251 758
251 765
251 766
251 791
251 792
252 613
252 614
252 757
252 758
252 791
252 792
252 871
252 872
253 254
253 415
253 416
253 523
253 524
253 623
253 624
253 721
253 722
254 415
254 416
254 541
254 542
254 623
254 624
254 721
254 722
255 256
255 341
255 342
255 543
255 544
256 543
256 544
256 845
256 846
257 258
257 271
257 272
257 307
257 308
257 355
257 356
258 307
258 308
258 355
258 356
259 260
259 295
259 296
259 671
259 672
259 793
259 794
259 841
259 842
260 671
260 672
260 793
260 794
260 819
260 820
260 841
260 842
261 262
262 641
262 642
263 264
263 267
263 268
263 531
263 532
263 611
263 612
263 661
263 662
264 267
264 268
264 393
264 394
264 531
264 532
264 661
264 662
265 266
265 641
265 642
265 763
265 764
265 857
265 858
266 641
266 642
266 763
266 764
266 835
266 836
267 268
267 531
267 532
267 661
267 662
267 909
267 910
268 531
268 532
268 661
268 662
269 270
269 333
269 334
269 339
269 340
269 431
269 432
270 339
270 340
270 431
270 432
270 531
270 532
271 272
271 411
271 412
272 411
272 412
273 274
273 523
273 524
273 627
273 628
273 745
273 746
273 773
273 774
274 523
274 524
274 745
274 746
274 773
274 774
274 781
274 782
275 276
275 359
275 360
275 629
275 630
275 811
275 812
276 629
276 630
276 687
276 688
276 811
276 812
277 278
277 777
277 778
277 847
277 848
277 849
277 850
277 879
277 880
278 777
278 778
278 805
278 806
278 847
278 848
278 849
278 850
279 280
279 443
279 444
279 775
279 776
279 875
279 876
280 443
280 444
280 527
280 528
280 775
280 776
280 875
280 876
281 282
281 549
281 550
281 595
281 596
281 667
281 668
281 787
281 788
282 549
282 550
282 563
282 564
282 667
282 668
282 787
282 788
283 284
283 357
283 358
283 485
283 486
283 547
283 548
283 601
283 602
284 357
284 358
284 547
284 548
284 563
284 564
284 601
284 602
285 286
285 323
285 324
285 325
285 326
286 323
286 324
286 325
286 326
286 481
286 482
287 288
287 665
287 666
287 711
287 712
287 727
287 728
287 831
287 832
288 665
288 666
288 727
288 728
288 831
288 832
289 290
289 383
289 384
289 407
289 408
289 413
289 414
289 587
289 588
290 383
290 384
290 405
290 406
290 413
290 414
290 587
290 588
291 292
291 903
291 904
291 911
291 912
292 903
292 904
293 294
293 313
293 314
293 559
293 560
293 737
293 738
294 559
294 560
294 603
294 604
294 737
294 738
295 296
295 303
295 304
295 451
295 452
295 861
295 862
296 451
296 452
296 861
296 862
297 298
297 493
297 494
297 709
297 710
297 779
297 780
298 493
298 494
298 709
298 710
298 779
298 780
299 300
299 301
299 302
299 303
299 304
299 429
299 430
300 303
300 304
300 429
300 430
301 302
301 553
301 554
301 799
301 800
301 823
301 824
301 837
301 838
302 799
302 800
302 823
302 824
302 837
302 838
303 304
303 313
303 314
303 429
303 430
304 429
304 430
304 475
304 476
305 306
305 319
305 320
305 481
305 482
305 819
305 820
306 319
306 320
306 819
306 820
306 895
306 896
307 308
307 317
307 318
307 355
307 356
308 355
308 356
308 479
308 480
309 310
309 311
309 312
309 317
309 318
310 317
310 318
311 312
311 871
311 872
311 895
311 896
311 907
311 908
312 871
312 872
312 895
312 896
313 314
313 577
313 578
313 699
313 700
313 735
313 736
313 753
313 754
314 577
314 578
314 611
314 612
314 699
314 700
314 735
314 736
315 316
315 341
315 342
315 363
315 364
315 385
315 386
315 387
315 388
316 341
316 342
316 363
316 364
316 387
316 388
317 318
318 485
318 486
319 320
319 581
319 582
319 819
319 820
320 819
320 820
321 322
321 489
321 490
321 753
321 754
321 761
321 762
322 753
322 754
322 755
322 756
322 761
322 762
323 324
323 325
323 326
323 489
323 490
324 325
324 326
324 469
324 470
325 326
325 731
325 732
326 455
326 456
327 328
327 333
327 334
327 351
327 352
327 489
327 490
328 351
328 352
328 445
328 446
328 489
328 490
329 330
329 353
329 354
329 367
329 368
329 389
329 390
330 367
330 368
330 379
330 380
330 389
330 390
331 332
331 521
331 522
331 689
331 690
331 807
331 808
332 689
332 690
332 807
332 808
333 334
333 339
333 340
333 385
333 386
333 649
333 650
333 675
333 676
334 385
334 386
334 649
334 650
334 671
334 672
334 675
334 676
335 336
335 575
335 576
335 805
335 806
335 849
335 850
336 575
336 576
336 695
336 696
336 805
336 806
337 338
337 495
337 496
337 573
337 574
337 607
337 608
337 627
337 628
338 573
338 574
338 607
338 608
338 627
338 628
338 865
338 866
339 340
339 415
339 416
339 431
339 432
340 431
340 432
340 893
340 894
341 342
341 345
341 346
341 363
341 364
341 387
341 388
342 363
342 364
342 387
342 388
343 344
343 801
343 802
343 847
343 848
343 865
343 866
343 887
343 888
344 801
344 802
344 865
344 866
344 887
344 888
345 346
345 437
345 438
345 561
345 562
345 663
345 664
345 691
345 692
346 561
346 562
346 611
346 612
346 663
346 664
346 691
346 692
347 348
347 483
347 484
347 785
347 786
347 795
347 796
347 851
347 852
348 483
348 484
348 743
348 744
348 795
348 796
348 851
348 852
349 350
349 361
349 362
349 415
349 416
349 527
349 528
349 815
349 816
350 361
350 362
350 497
350 498
350 527
350 528
350 815
350 816
351 352
351 489
351 490
352 489
352 490
352 565
352 566
353 354
353 585
353 586
353 733
353 734
353 783
353 784
353 803
353 804
354 585
354 586
354 783
354 784
354 785
354 786
354 803
354 804
355 356
356 701
356 702
357 358
357 547
357 548
357 575
357 576
357 601
357 602
358 547
358 548
358 601
358 602
358 803
358 804
359 360
359 365
359 366
359 545
359 546
360 545
360 546
361 362
361 507
361 508
361 527
361 528
361 815
361 816
362 527
362 528
362 553
362 554
362 815
362 816
363 364
363 387
363 388
363 599
363 600
364 387
364 388
365 366
365 417
365 418
365 513
365 514
365 711
365 712
366 513
366 514
366 595
366 596
366 711
366 712
367 368
367 389
367 390
368 389
368 390
369 370
369 411
369 412
369 645
369 646
369 683
369 684
370 645
370 646
370 683
370 684
371 372
371 455
371 456
371 537
371 538
371 571
371 572
371 599
371 600
372 455
372 456
372 571
372 572
372 599
372 600
372 805
372 806
373 374
373 445
373 446
373 901
373 902
374 445
374 446
374 833
374 834
375 376
375 487
375 488
375 687
375 688
375 825
375 826
376 687
376 688
376 825
376 826
376 855
376 856
377 378
377 529
377 530
377 625
377 626
377 693
377 694
378 625
378 626
378 693
378 694
379 380
379 491
379 492
379 605
379 606
379 717
379 718
379 783
379 784
380 491
380 492
380 605
380 606
380 629
380 630
380 717
380 718
381 382
381 533
381 534
382 533
382 534
382 833
382 834
383 384
383 413
383 414
383 421
383 422
383 587
383 588
384 413
384 414
384 587
384 588
384 781
384 782
385 386
385 553
385 554
385 649
385 650
385 675
385 676
386 649
386 650
386 655
386 656
386 675
386 676
387 388
387 423
387 424
388 433
388 434
389 390
390 865
390 866
391 392
391 557
391 558
391 647
391 648
391 681
391 682
391 741
391 742
392 557
392 558
392 647
392 648
392 689
392 690
392 741
392 742
393 394
393 417
393 418
393 465
393 466
393 537
393 538
394 465
394 466
394 537
394 538
394 731
394 732
395 396
395 447
395 448
395 477
395 478
395 651
395 652
395 785
395 786
396 477
396 478
396 617
396 618
396 651
396 652
396 785
396 786
397 398
397 615
397 616
398 615
398 616
398 881
398 882
399 400
399 505
399 506
399 657
399 658
399 827
399 828
399 857
399 858
400 505
400 506
400 527
400 528
400 657
400 658
400 827
400 828
401 402
401 495
401 496
401 551
401 552
401 603
401 604
401 797
401 798
402 551
402 552
402 579
402 580
402 603
402 604
402 797
402 798
403 404
403 617
403 618
403 725
403 726
403 765
403 766
403 813
403 814
404 617
404 618
404 691
404 692
404 725
404 726
404 813
404 814
405 406
405 421
405 422
405 473
405 474
405 497
405 498
406 421
406 422
406 473
406 474
406 497
406 498
407 408
407 863
407 864
408 863
408 864
408 869
408 870
409 410
409 589
409 590
409 749
409 750
409 887
409 888
410 589
410 590
410 661
410 662
410 749
410 750
411 412
412 451
412 452
413 414
413 587
413 588
414 587
414 588
415 416
415 623
415 624
415 655
415 656
415 721
415 722
416 623
416 624
416 721
416 722
416 853
416 854
417 418
417 679
417 680
417 703
417 704
418 679
418 680
419 420
419 439
419 440
419 669
419 670
419 767
419 768
420 669
420 670
420 767
420 768
420 773
420 774
421 422
421 497
421 498
422 497
422 498
422 875
422 876
423 424
423 497
423 498
423 519
423 520
423 673
423 674
423 713
423 714
424 519
424 520
424 673
424 674
424 689
424 690
424 713
424 714
425 426
425 455
425 456
425 461
425 462
425 473
425 474
425 565
425 566
426 461
426 462
426 473
426 474
426 481
426 482
426 565
426 566
427 428
427 529
427 530
427 817
427 818
427 837
427 838
428 529
428 530
428 631
428 632
428 817
428 818
429 430
429 753
429 754
430 697
430 698
431 432
431 643
431 644
432 775
432 776
433 434
433 543
433 544
433 789
433 790
433 855
433 856
434 789
434 790
434 811
434 812
434 855
434 856
435 436
435 459
435 460
435 463
435 464
435 481
435 482
435 541
435 542
436 463
436 464
436 471
436 472
436 481
436 482
436 541
436 542
437 438
437 631
437 632
437 833
437 834
437 863
437 864
438 631
438 632
438 833
438 834
438 861
438 862
439 440
439 461
439 462
439 503
439 504
439 839
439 840
439 843
439 844
440 503
440 504
440 839
440 840
440 843
440 844
440 877
440 878
441 442
441 457
441 458
441 739
441 740
441 821
441 822
442 739
442 740
442 821
442 822
443 444
443 775
443 776
443 875
443 876
443 887
443 888
444 775
444 776
444 875
444 876
445 446
445 649
445 650
446 475
446 476
447 448
447 685
447 686
447 761
447 762
447 771
447 772
448 685
448 686
448 747
448 748
448 771
448 772
449 450
449 495
449 496
449 593
449 594
450 593
450 594
451 452
451 861
451 862
452 861
452 862
453 454
453 475
453 476
453 515
453 516
453 655
453 656
453 705
453 706
454 515
454 516
454 655
454 656
454 701
454 702
454 705
454 706
455 456
455 555
455 556
455 571
455 572
455 599
455 600
456 571
456 572
456 581
456 582
456 599
456 600
457 458
457 521
457 522
458 719
458 720
459 460
459 467
459 468
459 635
459 636
460 635
460 636
461 462
461 473
461 474
461 565
461 566
462 473
462 474
462 565
462 566
463 464
463 473
463 474
463 481
463 482
463 541
463 542
464 481
464 482
464 541
464 542
465 466
465 537
465 538
466 537
466 538
466 759
466 760
467 468
467 677
467 678
467 707
467 708
467 759
467 760
468 677
468 678
468 707
468 708
468 883
468 884
469 470
469 481
469 482
469 507
469 508
469 567
469 568
470 507
470 508
470 567
470 568
470 593
470 594
471 472
471 555
471 556
471 581
471 582
471 899
471 900
472 555
472 556
472 571
472 572
472 581
472 582
473 474
473 565
473 566
473 855
473 856
474 565
474 566
474 633
474 634
475 476
475 501
475 502
475 531
475 532
475 751
475 752
476 501
476 502
476 751
476 752
477 478
477 597
477 598
477 651
477 652
477 785
477 786
478 651
478 652
478 717
478 718
478 785
478 786
479 480
479 517
479 518
479 595
479 596
480 517
480 518
480 595
480 596
481 482
481 541
481 542
481 703
481 704
482 541
482 542
482 735
482 736
483 484
483 543
483 544
483 795
483 796
483 851
483 852
484 795
484 796
484 851
484 852
485 486
485 563
485 564
485 639
485 640
486 563
486 564
486 597
486 598
486 639
486 640
487 488
487 759
487 760
487 821
487 822
488 759
488 760
488 825
488 826
489 490
490 607
490 608
491 492
491 541
491 542
491 605
491 606
491 717
491 718
492 605
492 606
492 717
492 718
492 773
492 774
493 494
493 499
493 500
493 709
493 710
493 779
493 780
494 709
494 710
494 779
494 780
494 881
494 882
495 496
495 589
495 590
495 597
495 598
495 723
495 724
496 597
496 598
496 645
496 646
496 723
496 724
497 498
498 765
498 766
499 500
500 719
500 720
501 502
501 751
501 752
501 767
501 768
502 751
502 752
503 504
503 823
503 824
503 839
503 840
503 843
503 844
504 839
504 840
504 843
504 844
504 847
504 848
505 506
505 657
505 658
505 827
505 828
506 657
506 658
506 803
506 804
506 827
506 828
507 508
507 567
507 568
507 627
507 628
508 567
508 568
508 735
508 736
509 510
509 553
509 554
509 719
509 720
510 553
510 554
511 512
511 781
511 782
511 883
511 884
512 781
512 782
512 785
512 786
513 514
513 537
513 538
513 711
513 712
514 711
514 712
514 771
514 772
515 516
515 655
515 656
515 705
515 706
516 655
516 656
516 657
516 658
516 705
516 706
517 518
517 533
517 534
517 595
517 596
518 595
518 596
519 520
519 673
519 674
519 713
519 714
520 673
520 674
520 713
520 714
520 833
520 834
521 522
521 557
521 558
521 695
521 696
522 695
522 696
523 524
523 745
523 746
523 747
523 748
523 773
523 774
524 745
524 746
524 773
524 774
525 526
525 583
525 584
525 621
525 622
526 621
526 622
526 637
526 638
527 528
527 749
527 750
527 815
527 816
528 815
528 816
528 883
528 884
529 530
529 817
529 818
529 875
529 876
530 817
530 818
531 532
531 659
531 660
531 661
531 662
532 661
532 662
532 785
532 786
533 534
533 823
533 824
534 629
534 630
535 536
535 583
535 584
535 761
535 762
536 583
536 584
536 665
536 666
537 538
537 905
537 906
538 719
538 720
539 540
539 607
539 608
539 697
539 698
539 703
539 704
540 697
540 698
540 701
540 702
540 703
540 704
541 542
542 857
542 858
543 544
543 731
543 732
544 671
544 672
545 546
545 897
545 898
546 783
546 784
547 548
547 577
547 578
547 601
547 602
548 601
548 602
549 550
549 553
549 554
549 667
549 668
549 787
549 788
550 667
550 668
550 787
550 788
550 869
550 870
551 552
551 559
551 560
551 603
551 604
551 797
551 798
552 603
552 604
552 797
552 798
552 809
552 810
553 554
553 645
553 646
554 585
554 586
555 556
555 581
555 582
556 581
556 582
556 861
556 862
557 558
557 647
557 648
557 741
557 742
557 841
557 842
558 647
558 648
558 741
558 742
559 560
559 695
559 696
559 737
559 738
560 737
560 738
560 881
560 882
561 562
561 663
561 664
561 679
561 680
561 691
561 692
562 663
562 664
562 691
562 692
562 819
562 820
563 564
563 639
563 640
564 639
564 640
565 566
566 799
566 800
567 568
568 719
568 720
569 570
569 691
569 692
569 731
569 732
569 747
569 748
570 731
570 732
570 747
570 748
571 572
571 577
571 578
571 599
571 600
572 599
572 600
573 574
573 607
573 608
573 627
573 628
573 703
573 704
574 607
574 608
574 627
574 628
575 576
575 791
575 792
575 805
575 806
576 805
576 806
576 893
576 894
577 578
577 699
577 700
577 713
577 714
577 735
577 736
578 699
578 700
578 717
578 718
578 735
578 736
579 580
579 611
579 612
579 637
579 638
580 611
580 612
580 629
580 630
580 637
580 638
581 582
581 823
581 824
582 641
582 642
583 584
583 865
583 866
584 823
584 824
585 586
585 783
585 784
585 785
585 786
585 803
585 804
586 783
586 784
586 797
586 798
586 803
586 804
587 588
588 697
588 698
589 590
589 749
589 750
589 791
589 792
590 749
590 750
591 592
591 733
591 734
591 835
591 836
591 895
591 896
592 733
592 734
592 835
592 836
592 881
592 882
593 594
594 623
594 624
595 596
596 725
596 726
597 598
597 723
597 724
598 723
598 724
598 805
598 806
599 600
599 659
599 660
600 633
600 634
601 602
601 757
601 758
602 823
602 824
603 604
603 659
603 660
603 797
603 798
604 797
604 798
604 807
604 808
605 606
605 717
605 718
606 717
606 718
606 785
606 786
607 608
607 627
607 628
607 741
607 742
608 627
608 628
608 883
608 884
609 610
609 765
609 766
609 771
609 772
609 809
609 810
610 765
610 766
610 771
610 772
610 809
610 810
611 612
611 637
611 638
612 637
612 638
612 737
612 738
613 614
613 757
613 758
613 791
613 792
613 807
613 808
614 757
614 758
614 781
614 782
614 791
614 792
615 616
616 619
616 620
617 618
617 639
617 640
617 725
617 726
617 813
617 814
618 725
618 726
618 757
618 758
618 813
618 814
619 620
619 647
619 648
619 653
619 654
619 859
619 860
620 653
620 654
620 859
620 860
621 622
621 769
621 770
622 847
622 848
623 624
623 721
623 722
623 797
623 798
624 721
624 722
625 626
625 693
625 694
625 703
625 704
626 693
626 694
626 737
626 738
627 628
627 669
627 670
628 897
628 898
629 630
629 811
629 812
629 825
629 826
630 811
630 812
631 632
631 833
631 834
631 869
631 870
632 833
632 834
632 859
632 860
633 634
633 725
633 726
633 867
633 868
633 883
633 884
634 867
634 868
634 875
634 876
634 883
634 884
635 636
635 677
635 678
636 757
636 758
637 638
637 897
637 898
638 753
638 754
639 640
639 641
639 642
640 897
640 898
641 642
641 763
641 764
642 763
642 764
643 644
643 741
643 742
643 853
643 854
643 869
643 870
644 853
644 854
644 869
644 870
645 646
645 659
645 660
645 683
645 684
646 683
646 684
647 648
647 691
647 692
647 741
647 742
648 741
648 742
648 797
648 798
649 650
649 671
649 672
649 675
649 676
650 675
650 676
651 652
651 785
651 786
651 907
651 908
652 785
652 786
652 907
652 908
653 654
653 809
653 810
653 859
653 860
654 859
654 860
654 911
654 912
655 656
655 691
655 692
655 705
655 706
656 705
656 706
657 658
657 721
657 722
657 827
657 828
658 827
658 828
658 885
658 886
659 660
659 711
659 712
659 729
659 730
659 755
659 756
660 729
660 730
660 755
660 756
660 831
660 832
661 662
661 865
661 866
662 823
662 824
663 664
663 691
663 692
664 691
664 692
664 899
664 900
665 666
665 701
665 702
665 727
665 728
665 831
665 832
666 727
666 728
666 831
666 832
667 668
667 695
667 696
667 787
667 788
668 787
668 788
668 805
668 806
669 670
669 767
669 768
670 767
670 768
670 875
670 876
671 672
671 707
671 708
671 793
671 794
671 841
671 842
672 793
672 794
672 803
672 804
672 841
672 842
673 674
673 691
673 692
673 713
673 714
674 713
674 714
674 799
674 800
675 676
675 853
675 854
676 765
676 766
677 678
677 707
677 708
678 707
678 708
678 711
678 712
679 680
680 879
680 880
681 682
682 757
682 758
683 684
683 909
683 910
684 789
684 790
685 686
685 771
685 772
685 811
685 812
686 771
686 772
686 899
686 900
687 688
687 705
687 706
687 825
687 826
688 825
688 826
689 690
689 735
689 736
689 807
689 808
690 807
690 808
690 863
690 864
691 692
691 853
691 854
692 823
692 824
693 694
694 905
694 906
695 696
695 909
695 910
696 765
696 766
697 698
697 703
697 704
698 703
698 704
698 741
698 742
699 700
699 735
699 736
700 735
700 736
700 771
700 772
701 702
701 877
701 878
702 877
702 878
702 885
702 886
703 704
703 793
703 794
704 823
704 824
705 706
705 823
705 824
706 865
706 866
707 708
707 857
707 858
708 757
708 758
709 710
709 779
709 780
709 869
709 870
710 779
710 780
711 712
711 725
711 726
712 775
712 776
713 714
714 897
714 898
715 716
715 891
715 892
716 913
716 914
717 718
718 765
718 766
719 720
719 769
719 770
719 849
719 850
719 889
719 890
720 769
720 770
720 889
720 890
721 722
721 801
721 802
722 879
722 880
723 724
723 865
723 866
724 891
724 892
725 726
725 813
725 814
725 875
725 876
726 813
726 814
726 883
726 884
727 728
727 831
727 832
727 859
727 860
728 831
728 832
728 903
728 904
729 730
729 737
729 738
729 755
729 756
730 755
730 756
731 732
731 747
731 748
732 747
732 748
733 734
733 835
733 836
733 841
733 842
734 835
734 836
734 881
734 882
735 736
735 909
735 910
736 829
736 830
737 738
738 909
738 910
739 740
739 821
739 822
739 849
739 850
740 821
740 822
741 742
741 823
741 824
742 839
742 840
743 744
743 847
743 848
743 857
743 858
743 881
743 882
744 857
744 858
744 881
744 882
745 746
745 773
745 774
745 797
745 798
746 773
746 774
747 748
747 823
747 824
748 789
748 790
749 750
749 823
749 824
750 865
750 866
751 752
752 885
752 886
753 754
753 759
753 760
753 761
753 762
754 761
754 762
755 756
755 897
755 898
756 909
756 910
757 758
757 791
757 792
757 899
757 900
758 791
758 792
759 760
759 853
759 854
760 847
760 848
761 762
762 789
762 790
763 764
763 897
763 898
764 783
764 784
765 766
765 809
765 810
765 833
765 834
766 809
766 810
766 849
766 850
767 768
767 783
767 784
768 823
768 824
769 770
769 889
769 890
769 899
769 900
770 889
770 890
771 772
772 897
772 898
773 774
773 905
773 906
774 775
774 776
775 776
775 859
775 860
775 875
775 876
776 875
776 876
776 893
776 894
777 778
777 831
777 832
777 847
777 848
777 849
777 850
778 847
778 848
778 849
778 850
778 861
778 862
779 780
780 789
780 790
781 782
782 871
782 872
783 784
783 803
783 804
784 803
784 804
784 837
784 838
785 786
785 891
785 892
786 897
786 898
787 788
788 905
788 906
789 790
789 807
789 808
789 855
789 856
790 855
790 856
791 792
792 879
792 880
793 794
793 841
793 842
793 849
793 850
794 841
794 842
795 796
795 851
795 852
795 859
795 860
796 851
796 852
797 798
798 857
798 858
799 800
799 803
799 804
799 823
799 824
799 837
799 838
800 823
800 824
800 833
800 834
800 837
800 838
801 802
801 841
801 842
801 865
801 866
801 887
801 888
802 865
802 866
802 887
802 888
803 804
804 865
804 866
805 806
806 913
806 914
807 808
807 873
807 874
808 865
808 866
809 810
809 839
809 840
810 829
810 830
811 812
811 905
811 906
812 909
812 910
813 814
813 823
813 824
814 885
814 886
815 816
816 879
816 880
817 818
817 867
817 868
818 897
818 898
819 820
820 847
820 848
821 822
821 879
821 880
822 905
822 906
823 824
823 837
823 838
824 837
824 838
825 826
826 891
826 892
827 828
827 839
827 840
828 897
828 898
829 830
829 833
829 834
829 891
829 892
829 901
829 902
830 891
830 892
830 901
830 902
830 907
830 908
831 832
831 885
831 886
832 885
832 886
833 834
833 867
833 868
834 847
834 848
835 836
835 897
835 898
836 891
836 892
837 838
837 909
837 910
838 885
838 886
839 840
839 843
839 844
839 845
839 846
840 843
840 844
841 842
842 913
842 914
843 844
843 865
843 866
844 891
844 892
845 846
845 913
845 914
846 879
846 880
847 848
847 849
847 850
847 885
847 886
848 849
848 850
849 850
850 885
850 886
851 852
851 865
851 866
852 905
852 906
853 854
853 869
853 870
853 911
853 912
854 869
854 870
854 901
854 902
855 856
855 905
855 906
856 879
856 880
857 858
857 881
857 882
858 881
858 882
859 860
859 879
859 880
860 891
860 892
861 862
862 905
862 906
863 864
863 897
863 898
864 905
864 906
865 866
865 881
865 882
865 887
865 888
866 887
866 888
866 901
866 902
867 868
867 869
867 870
867 883
867 884
868 883
868 884
868 901
868 902
869 870
870 891
870 892
871 872
871 895
871 896
871 899
871 900
872 895
872 896
873 874
873 879
873 880
873 893
873 894
874 893
874 894
874 911
874 912
875 876
875 897
875 898
876 885
876 886
877 878
878 913
878 914
879 880
879 895
879 896
879 897
879 898
879 899
879 900
880 897
880 898
880 899
880 900
881 882
881 885
881 886
882 913
882 914
883 884
883 913
883 914
884 891
884 892
885 886
885 893
885 894
885 905
885 906
885 907
885 908
886 905
886 906
886 907
886 908
887 888
887 909
887 910
888 905
888 906
889 890
889 905
889 906
890 905
890 906
891 892
891 893
891 894
891 901
891 902
892 901
892 902
892 911
892 912
893 894
894 897
894 898
895 896
895 905
895 906
896 909
896 910
897 898
897 899
897 900
898 899
898 900
899 900
899 913
899 914
900 905
900 906
901 902
901 913
901 914
902 905
902 906
903 904
903 913
903 914
904 909
904 910
905 906
905 907
905 908
905 911
905 912
906 907
906 908
906 911
906 912
907 908
907 909
907 910
908 913
908 914
909 910
909 911
909 912
910 911
910 912
911 912
912 913
912 914
913 914
913 915
913 916
914 915
914 916
915 916
