200 1134
1 2
1 38
1 41
1 46
1 113
1 198
1 199
1 200
2 37
2 41
2 43
2 44
2 46
2 73
2 74
3 4
3 6
3 7
3 9
3 10
3 31
3 36
3 69
4 8
4 13
4 14
4 31
4 35
4 36
4 61
4 69
4 70
5 6
5 8
5 25
5 26
6 7
6 8
6 32
6 62
6 119
6 120
7 8
7 25
7 26
7 35
7 69
7 70
8 36
8 69
8 70
9 10
9 22
9 27
9 28
9 86
9 178
10 63
10 86
10 113
10 114
10 177
10 187
11 12
11 23
11 24
11 25
11 26
11 27
11 28
11 75
11 76
11 121
11 122
11 127
11 128
11 147
11 148
11 175
11 176
12 23
12 24
12 25
12 26
12 27
12 28
12 75
12 76
12 121
12 122
12 123
12 124
12 127
12 128
12 147
12 148
12 175
12 176
13 14
13 15
13 16
13 31
13 62
14 55
14 56
14 69
14 70
14 84
15 16
15 33
15 34
15 38
15 46
15 74
15 80
15 113
16 38
16 41
16 42
16 79
16 199
16 200
17 18
17 21
17 22
17 49
17 81
17 94
17 123
17 125
17 195
17 196
18 33
18 34
18 82
18 126
18 137
19 20
19 43
19 44
19 67
19 68
19 91
19 92
19 97
19 98
19 101
19 102
19 105
19 106
19 149
19 150
19 159
19 160
19 189
19 190
20 43
20 44
20 49
20 50
20 67
20 68
20 91
20 92
20 97
20 98
20 101
20 102
20 105
20 106
20 149
20 150
20 159
20 160
21 22
21 55
21 56
21 63
21 85
21 120
21 146
21 190
22 121
22 122
22 145
22 146
22 187
22 188
23 24
23 25
23 26
23 27
23 28
23 75
23 76
23 121
23 122
23 127
23 128
23 145
23 146
23 147
23 148
23 175
23 176
24 25
24 26
24 27
24 28
24 75
24 76
24 121
24 122
24 127
24 128
24 147
24 148
24 175
24 176
25 26
25 27
25 28
25 75
25 76
25 121
25 122
25 127
25 128
25 145
25 146
25 147
25 148
25 175
25 176
26 27
26 28
26 57
26 58
26 75
26 76
26 121
26 122
26 127
26 128
26 147
26 148
26 175
26 176
27 28
27 75
27 76
27 121
27 122
27 127
27 128
27 147
27 148
27 175
27 176
28 75
28 76
28 121
28 122
28 127
28 128
28 147
28 148
28 175
28 176
29 30
29 81
29 83
29 84
29 125
29 137
30 91
30 92
30 138
30 196
31 32
31 61
32 61
32 77
32 78
33 34
33 72
33 91
33 92
33 141
33 142
33 154
33 172
34 51
34 52
34 103
34 108
34 141
34 154
35 36
35 195
35 196
36 62
36 83
37 38
37 41
37 57
37 58
37 80
37 114
38 41
38 42
38 114
38 197
39 40
39 61
39 62
39 104
39 107
39 108
39 172
40 103
40 107
40 112
40 171
41 42
41 113
42 45
42 74
42 79
43 44
43 67
43 68
43 91
43 92
43 97
43 98
43 101
43 102
43 103
43 104
43 105
43 106
43 149
43 150
43 159
43 160
44 67
44 68
44 91
44 92
44 93
44 94
44 97
44 98
44 101
44 102
44 105
44 106
44 149
44 150
44 159
44 160
45 46
45 79
45 85
45 86
46 73
46 101
46 102
47 48
47 51
47 66
47 89
47 100
47 179
48 51
48 65
48 90
48 100
48 157
48 158
49 50
49 93
49 123
49 126
49 133
49 134
49 196
50 115
50 116
50 195
50 196
51 52
51 54
51 65
51 155
51 193
51 194
52 66
52 117
52 180
53 54
53 66
53 100
53 157
53 158
53 180
54 65
54 90
54 97
54 98
54 99
54 117
54 118
54 180
55 56
55 59
55 60
55 87
55 88
55 135
55 136
55 145
55 146
55 151
55 152
55 165
55 166
55 167
55 168
55 183
55 184
55 191
55 192
56 59
56 60
56 87
56 88
56 135
56 136
56 147
56 148
56 151
56 152
56 165
56 166
56 167
56 168
56 183
56 184
56 191
56 192
57 58
57 110
57 129
57 143
57 157
57 167
57 168
57 173
58 129
58 130
58 139
58 143
58 151
58 152
58 163
59 60
59 87
59 88
59 135
59 136
59 151
59 152
59 161
59 162
59 165
59 166
59 167
59 168
59 183
59 184
59 191
59 192
60 87
60 88
60 135
60 136
60 145
60 146
60 151
60 152
60 165
60 166
60 167
60 168
60 183
60 184
60 191
60 192
61 62
61 75
61 76
63 64
63 65
63 66
63 85
63 86
63 119
65 66
65 67
65 68
65 89
65 180
66 183
66 184
67 68
67 91
67 92
67 97
67 98
67 99
67 100
67 101
67 102
67 105
67 106
67 149
67 150
67 159
67 160
68 91
68 92
68 97
68 98
68 101
68 102
68 105
68 106
68 149
68 150
68 159
68 160
69 70
69 83
71 72
71 107
71 111
71 142
71 153
71 157
71 158
71 171
72 111
72 141
72 171
72 187
72 188
73 74
73 79
74 95
74 96
75 76
75 121
75 122
75 127
75 128
75 147
75 148
75 163
75 164
75 175
75 176
76 121
76 122
76 127
76 128
76 147
76 148
76 175
76 176
77 78
77 95
77 96
77 115
77 116
77 119
77 120
77 133
77 134
77 161
77 162
77 169
77 170
77 181
77 182
77 185
77 186
77 193
77 194
78 95
78 96
78 115
78 116
78 133
78 134
78 161
78 162
78 169
78 170
78 181
78 182
78 183
78 184
78 185
78 186
78 193
78 194
79 80
79 197
79 199
79 200
80 197
80 198
81 82
81 135
81 136
81 196
82 93
83 84
84 185
84 186
85 86
85 119
85 120
85 157
85 158
85 187
85 190
86 145
86 151
86 152
86 188
87 88
87 135
87 136
87 151
87 152
87 165
87 166
87 167
87 168
87 183
87 184
87 191
87 192
88 135
88 136
88 151
88 152
88 159
88 160
88 165
88 166
88 167
88 168
88 183
88 184
88 191
88 192
89 90
89 100
89 180
90 117
90 118
91 92
91 97
91 98
91 101
91 102
91 105
91 106
91 149
91 150
91 159
91 160
92 97
92 98
92 101
92 102
92 105
92 106
92 149
92 150
92 159
92 160
93 94
93 137
93 196
94 123
95 96
95 109
95 110
95 115
95 116
95 133
95 134
95 161
95 162
95 169
95 170
95 181
95 182
95 185
95 186
95 193
95 194
96 115
96 116
96 133
96 134
96 161
96 162
96 169
96 170
96 181
96 182
96 185
96 186
96 187
96 188
96 193
96 194
97 98
97 101
97 102
97 105
97 106
97 149
97 150
97 159
97 160
98 101
98 102
98 105
98 106
98 149
98 150
98 159
98 160
99 100
99 118
99 155
99 156
99 179
99 180
100 155
100 193
100 194
101 102
101 105
101 106
101 149
101 150
101 159
101 160
102 105
102 106
102 149
102 150
102 159
102 160
102 169
102 170
103 104
103 145
103 146
103 153
103 172
104 107
104 111
104 143
104 144
105 106
105 149
105 150
105 159
105 160
106 149
106 150
106 159
106 160
107 108
107 112
107 145
107 146
107 172
108 111
108 112
108 142
109 110
109 144
109 183
109 184
110 132
110 143
111 112
111 141
111 153
111 171
112 142
113 114
115 116
115 133
115 134
115 161
115 162
115 163
115 164
115 169
115 170
115 181
115 182
115 185
115 186
115 193
115 194
116 133
116 134
116 145
116 146
116 161
116 162
116 169
116 170
116 181
116 182
116 185
116 186
116 193
116 194
117 118
117 156
117 180
119 120
119 177
119 187
119 190
120 145
121 122
121 125
121 126
121 127
121 128
121 147
121 148
121 175
121 176
122 127
122 128
122 147
122 148
122 175
122 176
123 124
123 137
123 138
123 196
124 133
124 134
124 137
124 195
125 126
125 195
126 137
127 128
127 133
127 134
127 147
127 148
127 175
127 176
128 147
128 148
128 175
128 176
129 130
129 131
129 132
129 144
129 157
130 132
130 140
130 143
130 144
130 145
130 146
130 164
131 132
131 140
132 165
132 166
133 134
133 161
133 162
133 163
133 164
133 169
133 170
133 181
133 182
133 185
133 186
133 193
133 194
134 161
134 162
134 169
134 170
134 181
134 182
134 185
134 186
134 193
134 194
135 136
135 151
135 152
135 157
135 158
135 165
135 166
135 167
135 168
135 183
135 184
135 191
135 192
136 151
136 152
136 165
136 166
136 167
136 168
136 183
136 184
136 191
136 192
137 138
138 197
138 198
139 140
140 143
140 158
140 174
141 142
141 153
142 171
142 172
143 144
143 159
143 160
143 163
144 173
145 146
145 188
145 189
146 187
146 190
147 148
147 161
147 162
147 175
147 176
148 175
148 176
149 150
149 159
149 160
150 159
150 160
151 152
151 165
151 166
151 167
151 168
151 183
151 184
151 191
151 192
151 197
151 198
152 165
152 166
152 167
152 168
152 173
152 174
152 183
152 184
152 191
152 192
153 154
154 175
154 176
155 156
156 180
156 181
156 182
157 158
158 173
158 191
158 192
159 160
159 169
159 170
160 163
160 164
161 162
161 167
161 168
161 169
161 170
161 181
161 182
161 185
161 186
161 193
161 194
162 169
162 170
162 173
162 174
162 181
162 182
162 185
162 186
162 193
162 194
163 164
164 174
164 183
164 184
165 166
165 167
165 168
165 183
165 184
165 191
165 192
166 167
166 168
166 183
166 184
166 191
166 192
167 168
167 183
167 184
167 191
167 192
168 183
168 184
168 191
168 192
169 170
169 181
169 182
169 185
169 186
169 193
169 194
170 181
170 182
170 185
170 186
170 191
170 192
170 193
170 194
171 172
172 175
172 176
173 174
174 179
174 180
175 176
176 195
176 196
177 178
178 189
179 180
180 187
180 188
181 182
181 183
181 184
181 185
181 186
181 193
181 194
182 185
182 186
182 187
182 188
182 193
182 194
183 184
183 191
183 192
184 191
184 192
185 186
185 193
185 194
186 193
186 194
186 195
186 196
187 188
189 190
190 195
190 196
191 192
192 195
192 196
193 194
194 197
194 198
195 196
196 197
196 198
197 198
199 200
