916 5246
1 2
1 71
1 72
1 461
1 462
2 91
2 92
2 181
2 182
2 236
2 241
2 242
2 383
2 384
3 4
3 35
3 36
3 65
3 66
3 427
3 429
3 446
3 508
3 573
4 65
4 66
4 281
4 445
4 463
4 508
4 573
5 6
5 201
5 202
5 206
5 329
5 469
5 611
5 612
6 276
6 329
6 383
6 384
6 469
6 470
6 612
7 8
7 76
7 293
8 60
8 76
8 109
8 189
8 190
8 294
8 549
8 550
9 10
9 305
9 306
10 85
10 146
10 152
10 234
11 12
11 215
11 216
11 623
11 624
11 723
11 724
12 187
12 216
12 291
12 292
12 353
12 484
13 14
13 100
13 113
13 114
13 245
13 280
13 440
13 489
13 544
14 143
14 144
14 440
14 545
14 763
15 16
15 105
15 106
15 373
15 374
15 417
15 418
15 523
15 524
15 615
15 616
15 657
15 658
15 741
15 742
15 767
15 768
15 795
15 796
16 105
16 106
16 373
16 374
16 417
16 418
16 523
16 524
16 615
16 616
16 741
16 742
16 767
16 768
16 795
16 796
16 911
16 912
17 18
17 25
17 26
17 45
17 46
17 55
17 56
17 63
17 64
17 73
17 74
17 913
17 914
17 915
17 916
18 25
18 26
18 45
18 46
18 55
18 56
18 63
18 64
18 73
18 74
18 913
18 914
18 915
18 916
19 20
19 210
19 287
19 421
19 422
20 209
20 288
20 377
20 577
20 605
20 606
20 652
21 22
21 71
21 89
21 90
21 95
21 156
22 49
22 88
22 96
22 135
22 136
22 156
23 24
23 93
23 94
23 317
23 318
23 351
23 352
23 379
23 380
23 499
23 500
23 539
23 540
23 607
23 608
23 719
23 720
23 759
23 760
24 93
24 94
24 317
24 318
24 367
24 368
24 379
24 380
24 499
24 500
24 539
24 540
24 607
24 608
24 719
24 720
24 759
24 760
25 26
25 45
25 46
25 55
25 56
25 63
25 64
25 73
25 74
25 913
25 914
25 915
25 916
26 45
26 46
26 55
26 56
26 63
26 64
26 73
26 74
26 913
26 914
26 915
26 916
27 28
27 52
27 177
27 178
27 240
27 310
27 911
27 912
28 52
28 65
28 66
28 224
28 271
29 30
29 459
29 543
29 544
29 585
30 119
30 120
30 159
30 585
30 645
31 32
31 98
31 335
31 570
32 137
32 138
32 336
32 570
32 637
33 34
33 324
33 399
33 400
33 649
34 249
34 324
34 617
34 650
34 701
34 702
35 36
35 55
35 56
35 159
35 432
35 460
35 586
36 308
36 375
36 376
36 431
36 586
37 38
37 203
37 204
37 273
37 274
37 347
37 348
37 559
37 560
37 583
37 584
37 631
37 632
37 689
37 690
37 805
37 806
37 823
37 824
38 273
38 274
38 347
38 348
38 559
38 560
38 563
38 564
38 583
38 584
38 631
38 632
38 689
38 690
38 805
38 806
38 823
38 824
39 40
39 67
39 68
39 86
39 113
39 195
40 113
40 127
40 128
40 152
40 195
41 42
41 68
41 84
41 261
41 367
41 368
41 453
42 53
42 79
42 80
42 261
42 262
42 453
42 467
42 477
42 625
43 44
43 319
43 451
43 452
43 651
43 652
43 661
43 662
44 425
44 452
44 676
44 765
44 766
45 46
45 55
45 56
45 63
45 64
45 73
45 74
45 913
45 914
45 915
45 916
46 55
46 56
46 63
46 64
46 73
46 74
46 913
46 914
46 915
46 916
47 48
47 104
47 297
47 373
47 374
47 396
47 480
48 57
48 105
48 106
48 108
48 395
48 479
49 50
49 67
49 68
49 87
49 88
49 90
50 265
50 266
51 52
51 223
51 271
51 310
52 82
52 147
52 148
52 223
52 239
52 271
52 272
53 54
53 335
53 336
54 68
54 83
54 262
54 305
54 306
54 467
55 56
55 63
55 64
55 73
55 74
55 913
55 914
55 915
55 916
56 63
56 64
56 73
56 74
56 913
56 914
56 915
56 916
57 58
57 395
57 412
57 459
57 460
58 297
58 298
59 60
59 75
59 79
59 121
59 123
59 124
59 131
60 76
60 109
60 110
60 117
60 118
60 189
61 62
61 157
61 158
61 213
61 214
61 389
61 390
61 495
61 496
61 541
61 542
61 567
61 568
61 665
61 666
61 757
61 758
62 157
62 158
62 213
62 214
62 389
62 390
62 495
62 496
62 541
62 542
62 567
62 568
62 611
62 612
62 665
62 666
62 757
62 758
63 64
63 73
63 74
63 913
63 914
63 915
63 916
64 73
64 74
64 913
64 914
64 915
64 916
65 66
65 235
65 236
65 281
65 429
65 430
65 446
65 573
66 428
66 429
66 445
66 561
66 562
67 68
67 477
68 459
68 460
69 70
69 126
69 137
69 303
70 126
70 138
70 163
70 247
70 261
70 262
70 520
71 72
71 88
72 95
72 96
72 136
73 74
73 913
73 914
73 915
73 916
74 913
74 914
74 915
74 916
75 76
75 131
75 155
75 156
75 189
75 190
75 293
76 79
76 105
76 106
76 109
76 121
76 122
77 78
77 359
77 360
77 481
77 482
77 579
78 551
78 552
78 597
78 598
78 691
79 80
79 213
79 214
79 294
80 131
80 241
80 242
81 82
81 287
81 288
81 911
82 148
82 223
82 235
82 236
82 240
82 271
82 309
82 912
83 84
83 127
83 128
83 262
83 625
83 626
84 261
84 454
84 625
85 86
86 113
86 135
86 136
86 151
86 195
86 306
87 88
87 93
87 94
87 156
87 295
88 93
88 94
88 96
89 90
89 136
89 296
90 136
90 139
90 140
90 295
91 92
91 144
91 233
91 234
91 235
91 236
91 384
92 143
92 144
92 182
92 235
92 462
93 94
93 115
93 116
93 317
93 318
93 379
93 380
93 499
93 500
93 539
93 540
93 607
93 608
93 719
93 720
93 759
93 760
94 317
94 318
94 379
94 380
94 499
94 500
94 539
94 540
94 587
94 588
94 607
94 608
94 719
94 720
94 759
94 760
95 96
95 136
95 156
95 225
95 226
95 296
96 295
96 296
97 98
97 103
97 104
97 336
97 471
97 637
97 638
98 283
98 336
98 427
98 428
98 472
99 100
99 246
99 279
99 440
99 487
99 488
99 543
99 544
99 545
99 546
100 279
100 439
100 440
100 546
100 763
101 102
101 211
101 212
101 276
102 205
102 469
102 811
102 812
103 104
103 412
103 480
104 298
105 106
105 373
105 374
105 389
105 390
105 417
105 418
105 523
105 524
105 615
105 616
105 741
105 742
105 767
105 768
105 795
105 796
106 373
106 374
106 417
106 418
106 523
106 524
106 615
106 616
106 673
106 674
106 741
106 742
106 767
106 768
106 795
106 796
107 108
107 165
107 166
107 396
107 479
107 480
108 297
108 411
108 412
109 110
109 133
109 134
109 189
110 122
110 293
111 112
111 217
111 337
111 358
111 644
111 670
111 731
111 732
111 788
111 854
112 337
112 531
112 644
112 669
113 114
113 117
113 118
113 146
113 234
113 305
113 306
114 145
114 203
114 204
114 233
114 234
114 306
115 116
115 222
115 285
115 337
115 338
115 369
115 370
115 509
115 677
116 221
116 323
116 324
116 369
116 370
116 509
116 510
116 678
117 118
117 325
117 326
117 491
117 492
117 655
117 656
117 661
117 662
117 681
117 682
117 739
117 740
117 777
117 778
117 845
117 846
117 881
117 882
118 325
118 326
118 491
118 492
118 655
118 656
118 681
118 682
118 739
118 740
118 777
118 778
118 845
118 846
118 881
118 882
118 885
118 886
119 120
119 283
119 335
119 851
120 335
120 852
121 122
121 563
121 564
122 190
122 255
122 256
123 124
123 161
123 162
123 503
123 505
123 506
123 717
123 718
124 487
124 488
124 504
124 659
124 820
125 126
125 163
125 304
125 517
125 519
126 204
126 303
126 517
126 520
126 873
126 874
127 128
127 230
127 400
127 449
127 482
127 565
127 591
127 592
127 707
127 708
128 228
128 361
128 362
128 400
128 481
129 130
129 349
129 516
129 695
129 696
129 732
129 888
130 350
130 516
130 610
130 655
130 656
130 888
131 132
131 189
131 259
131 260
133 134
133 197
133 281
133 282
133 367
133 639
133 640
134 171
134 172
134 175
134 265
134 366
134 401
134 402
135 136
135 295
135 783
135 784
136 296
137 138
137 161
137 162
137 518
137 520
138 217
138 218
138 248
138 520
139 140
139 448
139 473
139 474
139 493
139 494
139 538
139 897
140 537
140 538
140 898
141 142
141 177
141 178
141 191
141 192
141 343
141 344
141 493
141 494
141 511
141 512
141 667
141 668
141 769
141 770
141 835
141 836
142 177
142 178
142 191
142 192
142 343
142 344
142 493
142 494
142 503
142 504
142 511
142 512
142 667
142 668
142 769
142 770
142 835
142 836
143 144
143 226
143 383
143 384
143 833
143 834
144 182
144 236
144 300
144 383
144 384
144 461
144 529
144 530
145 146
145 255
145 256
145 306
146 165
146 166
146 196
147 148
147 223
147 272
149 150
149 409
149 410
149 619
149 620
149 721
149 722
149 751
149 752
149 765
149 766
149 775
149 776
149 791
149 792
149 821
149 822
149 833
149 834
150 409
150 410
150 619
150 620
150 721
150 722
150 751
150 752
150 765
150 766
150 779
150 780
150 791
150 792
150 821
150 822
150 833
150 834
151 152
151 234
152 195
153 154
153 270
153 415
153 416
153 572
153 711
153 802
153 892
154 269
154 438
154 647
154 648
154 712
154 892
155 156
156 295
157 158
157 167
157 168
157 213
157 214
157 389
157 390
157 495
157 496
157 541
157 542
157 567
157 568
157 665
157 666
157 757
157 758
158 213
158 214
158 389
158 390
158 405
158 406
158 495
158 496
158 541
158 542
158 567
158 568
158 665
158 666
158 757
158 758
159 160
159 432
159 445
159 446
160 308
160 429
160 430
161 162
161 455
161 503
161 504
161 718
161 819
162 526
162 718
162 897
162 898
163 164
163 248
163 518
164 247
164 303
164 383
164 384
164 518
165 166
165 407
165 408
165 501
165 502
165 539
165 540
165 557
165 558
165 685
165 686
165 785
165 786
165 797
165 798
165 803
165 804
165 817
165 818
166 407
166 408
166 501
166 502
166 507
166 508
166 557
166 558
166 685
166 686
166 785
166 786
166 797
166 798
166 803
166 804
166 817
166 818
167 168
167 277
167 398
167 488
167 665
167 666
168 253
168 254
168 382
168 398
168 433
169 170
169 393
169 424
169 457
169 688
169 733
169 734
169 883
170 394
170 424
170 458
170 601
170 602
170 721
170 722
170 733
170 883
171 172
171 173
171 174
171 365
171 366
171 368
171 401
171 640
172 266
172 339
172 340
172 367
172 368
172 640
173 174
173 362
173 365
173 366
173 413
173 555
173 702
173 860
174 361
174 414
174 555
174 556
174 893
174 894
175 176
175 266
175 289
175 290
175 401
176 265
176 367
177 178
177 189
177 190
177 191
177 192
177 343
177 344
177 493
177 494
177 511
177 512
177 667
177 668
177 769
177 770
177 835
177 836
178 191
178 192
178 343
178 344
178 493
178 494
178 511
178 512
178 667
178 668
178 769
178 770
178 835
178 836
179 180
179 435
179 436
179 605
179 674
179 901
179 902
180 292
180 621
180 622
180 844
180 903
181 182
181 226
181 273
181 274
181 383
181 384
181 461
182 384
182 461
183 184
183 609
183 671
183 672
183 732
183 888
184 610
184 731
185 186
185 241
185 657
185 658
185 713
186 827
187 188
187 624
187 724
187 905
187 906
188 354
188 451
188 452
188 724
188 905
188 906
189 190
189 405
189 406
191 192
191 343
191 344
191 493
191 494
191 511
191 512
191 667
191 668
191 769
191 770
191 835
191 836
192 343
192 344
192 493
192 494
192 505
192 506
192 511
192 512
192 667
192 668
192 769
192 770
192 835
192 836
193 194
193 458
193 559
193 560
193 601
193 687
193 884
194 393
194 423
194 443
194 444
194 458
194 734
195 196
195 397
195 398
196 233
197 198
197 266
197 402
197 639
198 265
198 266
198 368
198 639
199 200
199 421
199 422
199 485
199 486
199 581
199 582
199 663
199 664
199 781
199 782
199 805
199 806
199 837
199 838
199 847
199 848
199 861
199 862
200 421
200 422
200 485
200 486
200 581
200 582
200 663
200 664
200 781
200 782
200 837
200 838
200 847
200 848
200 861
200 862
201 202
201 275
201 276
201 355
201 356
201 538
202 256
202 321
202 322
202 447
202 633
202 634
203 204
203 248
203 279
203 280
203 303
203 304
203 518
203 519
204 301
204 302
204 517
204 519
204 520
205 206
205 330
205 340
205 611
205 612
206 469
206 470
207 208
207 387
207 388
207 613
207 614
207 707
207 708
207 747
207 748
207 749
207 750
207 809
207 810
207 863
207 864
207 889
207 890
207 911
207 912
208 387
208 388
208 613
208 614
208 707
208 708
208 747
208 748
208 749
208 750
208 809
208 810
208 863
208 864
208 889
208 890
208 893
208 894
209 210
209 211
209 233
209 234
209 287
209 321
209 378
210 305
210 306
210 321
210 465
210 577
211 212
211 287
211 288
211 377
211 551
211 552
211 651
212 319
212 320
212 322
212 466
212 578
213 214
213 389
213 390
213 495
213 496
213 541
213 542
213 567
213 568
213 631
213 632
213 665
213 666
213 757
213 758
214 389
214 390
214 495
214 496
214 541
214 542
214 567
214 568
214 641
214 642
214 665
214 666
214 757
214 758
215 216
215 353
215 445
215 446
215 483
215 724
215 905
216 354
216 481
216 482
216 723
216 905
217 218
217 339
217 340
217 643
217 787
217 854
218 358
218 531
218 643
218 788
219 220
219 396
219 479
220 480
221 222
221 289
221 290
221 369
221 678
222 363
222 364
222 371
223 224
223 239
223 310
224 239
224 911
224 913
224 914
225 226
226 235
226 236
226 299
226 300
227 228
227 229
227 257
227 399
227 449
228 230
228 513
228 514
229 230
229 258
229 399
229 449
229 592
229 765
229 766
230 263
230 264
230 449
231 232
231 277
231 278
231 405
231 406
231 488
231 521
231 700
232 278
232 405
232 406
232 487
232 488
232 521
233 234
233 301
233 302
233 305
233 306
234 305
235 236
235 462
237 238
237 259
237 260
237 313
237 314
237 316
237 406
237 527
237 528
237 679
237 856
238 528
238 855
238 856
238 909
239 240
239 249
239 250
239 310
239 911
240 912
241 242
241 415
241 895
242 415
242 416
242 497
242 671
243 244
243 420
243 575
243 576
243 588
243 761
244 581
244 582
244 725
244 762
245 246
245 275
245 276
245 489
245 545
246 439
246 440
246 489
246 490
246 499
246 500
246 543
246 545
246 546
247 248
247 518
247 707
247 708
248 520
249 250
249 254
249 535
249 649
249 705
249 706
249 829
250 323
250 650
250 829
250 877
250 878
251 252
251 361
251 413
251 701
251 707
251 708
252 361
252 509
252 510
252 556
252 702
253 254
254 324
254 823
254 824
254 830
255 256
255 634
255 733
255 734
256 356
256 537
256 831
256 832
257 258
257 449
257 482
257 537
257 538
257 566
258 400
258 481
258 566
258 591
259 260
259 276
259 293
259 294
259 470
259 612
260 289
260 290
260 339
260 340
261 262
261 453
261 454
261 468
261 625
262 467
262 468
262 478
262 571
262 572
263 264
263 359
263 579
263 735
264 360
264 445
264 446
265 266
265 368
266 366
266 367
266 401
266 503
266 504
267 268
267 563
267 564
267 603
267 604
267 697
267 698
267 729
267 730
267 737
267 738
267 813
267 814
267 841
267 842
267 877
267 878
267 891
267 892
268 563
268 564
268 577
268 578
268 603
268 604
268 697
268 698
268 729
268 730
268 737
268 738
268 813
268 814
268 841
268 842
268 877
268 878
269 270
269 572
269 635
269 801
269 891
269 892
270 437
270 572
270 635
270 641
270 642
271 272
272 912
272 915
272 916
273 274
273 347
273 348
273 545
273 546
273 559
273 560
273 583
273 584
273 631
273 632
273 689
273 690
273 805
273 806
273 823
273 824
274 347
274 348
274 371
274 372
274 559
274 560
274 583
274 584
274 631
274 632
274 689
274 690
274 805
274 806
274 823
274 824
275 276
275 329
275 330
275 339
275 340
275 611
275 637
275 638
276 329
276 330
276 340
276 611
276 612
277 278
277 382
277 395
277 396
277 398
277 522
278 381
278 382
278 395
278 396
278 522
278 699
279 280
279 440
279 489
279 544
279 763
280 440
280 479
280 480
280 490
280 545
280 764
281 282
281 445
281 463
281 464
281 507
282 555
282 556
282 573
282 574
283 284
283 331
283 332
283 472
283 638
284 335
284 471
284 570
284 637
285 286
285 370
285 371
285 510
285 677
286 341
287 288
287 321
287 447
287 448
287 466
287 578
287 652
288 322
288 377
289 290
289 311
289 312
289 331
289 332
289 345
289 346
289 365
289 366
289 375
289 376
289 553
289 554
289 683
289 684
289 727
289 728
289 793
289 794
290 311
290 312
290 331
290 332
290 345
290 346
290 375
290 376
290 553
290 554
290 683
290 684
290 727
290 728
290 755
290 756
290 793
290 794
291 292
291 605
292 436
292 467
292 468
292 673
292 874
293 294
293 359
293 360
294 627
294 628
295 296
295 459
295 460
296 727
296 728
297 298
297 399
297 400
298 395
298 407
298 408
298 479
298 480
299 300
299 373
299 374
299 461
300 461
300 462
301 302
301 303
301 304
301 351
301 352
301 391
301 392
301 599
301 600
301 709
301 710
301 779
301 780
301 839
301 840
301 867
301 868
301 875
301 876
302 351
302 352
302 391
302 392
302 599
302 600
302 709
302 710
302 779
302 780
302 819
302 820
302 839
302 840
302 867
302 868
302 875
302 876
303 304
303 517
303 519
303 520
303 715
303 716
305 306
305 657
305 658
306 549
306 550
307 308
307 586
307 645
308 460
308 645
309 310
309 912
310 911
311 312
311 331
311 332
311 345
311 346
311 349
311 350
311 375
311 376
311 553
311 554
311 683
311 684
311 727
311 728
311 793
311 794
312 331
312 332
312 345
312 346
312 375
312 376
312 553
312 554
312 683
312 684
312 727
312 728
312 793
312 794
313 314
313 315
313 849
313 850
313 855
313 909
314 405
314 901
314 902
314 910
315 316
315 443
315 444
315 528
315 679
315 901
315 909
316 527
316 528
316 641
316 642
317 318
317 379
317 380
317 499
317 500
317 539
317 540
317 607
317 608
317 719
317 720
317 759
317 760
318 379
318 380
318 499
318 500
318 539
318 540
318 607
318 608
318 719
318 720
318 759
318 760
319 320
319 451
319 565
319 566
319 661
319 675
319 754
320 425
320 452
320 589
320 661
320 733
320 734
320 872
321 322
321 591
321 592
322 465
322 577
322 643
322 644
323 324
323 617
323 693
324 641
324 642
325 326
325 491
325 492
325 581
325 582
325 655
325 656
325 681
325 682
325 739
325 740
325 777
325 778
325 845
325 846
325 881
325 882
326 491
326 492
326 655
326 656
326 681
326 682
326 691
326 692
326 739
326 740
326 777
326 778
326 845
326 846
326 881
326 882
327 328
327 505
327 506
327 657
327 658
327 715
327 716
327 743
327 744
327 799
327 800
327 811
327 812
327 849
327 850
327 869
327 870
327 893
327 894
328 505
328 506
328 657
328 658
328 743
328 744
328 799
328 800
328 811
328 812
328 849
328 850
328 865
328 866
328 869
328 870
328 893
328 894
329 330
329 339
330 339
330 612
331 332
331 339
331 340
331 345
331 346
331 375
331 376
331 553
331 554
331 683
331 684
331 727
331 728
331 793
331 794
332 345
332 346
332 375
332 376
332 553
332 554
332 661
332 662
332 683
332 684
332 727
332 728
332 793
332 794
333 334
333 403
333 404
333 533
333 534
333 647
333 648
333 677
333 678
333 695
333 696
333 771
333 772
333 789
333 790
333 825
333 826
333 885
333 886
334 403
334 404
334 533
334 534
334 647
334 648
334 695
334 696
334 771
334 772
334 789
334 790
334 825
334 826
334 885
334 886
334 903
334 904
335 336
336 472
336 557
336 558
336 569
336 637
337 338
337 358
337 643
338 531
338 644
338 670
338 853
339 340
339 469
339 612
339 665
339 666
340 469
341 342
341 510
342 369
342 509
342 677
342 907
343 344
343 493
343 494
343 501
343 502
343 511
343 512
343 667
343 668
343 769
343 770
343 835
343 836
344 493
344 494
344 511
344 512
344 667
344 668
344 733
344 734
344 769
344 770
344 835
344 836
345 346
345 365
345 366
345 375
345 376
345 553
345 554
345 683
345 684
345 727
345 728
345 793
345 794
346 375
346 376
346 517
346 518
346 553
346 554
346 683
346 684
346 727
346 728
346 793
346 794
347 348
347 559
347 560
347 583
347 584
347 631
347 632
347 635
347 636
347 689
347 690
347 805
347 806
347 823
347 824
348 559
348 560
348 565
348 566
348 583
348 584
348 631
348 632
348 689
348 690
348 805
348 806
348 823
348 824
349 350
349 516
349 609
349 731
349 737
349 738
349 888
350 515
350 755
350 888
351 352
351 377
351 378
351 391
351 392
351 599
351 600
351 709
351 710
351 779
351 780
351 839
351 840
351 867
351 868
351 875
351 876
352 391
352 392
352 599
352 600
352 709
352 710
352 779
352 780
352 839
352 840
352 867
352 868
352 875
352 876
353 354
353 479
353 480
353 624
353 905
354 484
354 905
354 906
355 356
355 453
355 454
355 537
356 473
356 537
356 634
357 358
357 532
357 670
357 853
357 854
358 670
358 853
358 854
359 360
359 551
360 551
360 553
360 554
360 561
360 562
360 692
360 736
361 362
361 413
361 505
361 506
361 859
362 859
362 860
363 364
363 441
363 442
363 549
363 550
363 575
363 576
363 715
363 716
363 745
363 746
363 815
363 816
363 865
363 866
363 879
363 880
364 441
364 442
364 549
364 550
364 575
364 576
364 715
364 716
364 745
364 746
364 815
364 816
364 865
364 866
364 879
364 880
365 366
365 367
365 368
365 369
365 370
365 401
365 640
366 402
366 640
367 368
367 401
367 409
367 410
367 640
368 402
369 370
369 510
370 509
370 510
370 678
370 908
371 372
371 677
371 908
372 907
372 908
373 374
373 387
373 388
373 417
373 418
373 523
373 524
373 615
373 616
373 741
373 742
373 767
373 768
373 795
373 796
374 417
374 418
374 523
374 524
374 615
374 616
374 741
374 742
374 747
374 748
374 767
374 768
374 795
374 796
375 376
375 553
375 554
375 607
375 608
375 683
375 684
375 727
375 728
375 793
375 794
376 553
376 554
376 669
376 670
376 683
376 684
376 727
376 728
376 793
376 794
377 378
377 466
379 380
379 499
379 500
379 539
379 540
379 607
379 608
379 719
379 720
379 757
379 758
379 759
379 760
380 499
380 500
380 539
380 540
380 607
380 608
380 719
380 720
380 759
380 760
380 813
380 814
381 382
381 397
381 434
381 463
381 464
381 487
382 434
382 521
383 384
383 457
383 458
384 461
384 462
385 386
385 593
385 594
385 595
385 596
385 597
385 598
385 621
385 622
385 641
385 642
385 703
385 704
385 705
385 706
385 773
385 774
385 775
385 776
386 593
386 594
386 595
386 596
386 597
386 598
386 621
386 622
386 641
386 642
386 703
386 704
386 705
386 706
386 773
386 774
386 775
386 776
387 388
387 613
387 614
387 707
387 708
387 747
387 748
387 749
387 750
387 809
387 810
387 863
387 864
387 889
387 890
387 891
387 892
388 613
388 614
388 707
388 708
388 741
388 742
388 747
388 748
388 749
388 750
388 809
388 810
388 863
388 864
388 889
388 890
389 390
389 495
389 496
389 541
389 542
389 561
389 562
389 567
389 568
389 665
389 666
389 757
389 758
390 495
390 496
390 541
390 542
390 551
390 552
390 567
390 568
390 665
390 666
390 757
390 758
391 392
391 599
391 600
391 709
391 710
391 779
391 780
391 797
391 798
391 839
391 840
391 867
391 868
391 875
391 876
392 599
392 600
392 709
392 710
392 779
392 780
392 839
392 840
392 857
392 858
392 867
392 868
392 875
392 876
393 394
393 423
393 447
393 448
393 602
393 688
393 883
393 884
395 396
395 403
395 404
395 412
397 398
397 488
397 521
397 699
399 400
399 449
399 482
399 497
399 498
400 459
400 460
400 565
400 592
401 402
401 640
402 639
403 404
403 531
403 532
403 533
403 534
403 647
403 648
403 695
403 696
403 771
403 772
403 789
403 790
403 825
403 826
403 885
403 886
404 533
404 534
404 647
404 648
404 695
404 696
404 719
404 720
404 771
404 772
404 789
404 790
404 825
404 826
404 885
404 886
405 406
405 528
405 856
405 901
405 911
405 912
406 679
406 821
406 822
406 901
406 909
406 910
407 408
407 417
407 418
407 501
407 502
407 557
407 558
407 685
407 686
407 785
407 786
407 797
407 798
407 803
407 804
407 817
407 818
408 501
408 502
408 557
408 558
408 685
408 686
408 785
408 786
408 797
408 798
408 803
408 804
408 817
408 818
409 410
409 619
409 620
409 721
409 722
409 751
409 752
409 765
409 766
409 791
409 792
409 821
409 822
409 833
409 834
410 619
410 620
410 721
410 722
410 751
410 752
410 765
410 766
410 791
410 792
410 821
410 822
410 833
410 834
411 412
411 449
411 450
411 479
412 479
412 653
412 654
413 414
413 443
413 783
413 784
413 860
413 901
413 902
414 702
414 783
414 784
414 863
414 864
415 416
415 531
415 532
415 713
415 828
415 895
416 641
416 642
416 672
416 713
416 828
417 418
417 523
417 524
417 615
417 616
417 741
417 742
417 767
417 768
417 791
417 792
417 795
417 796
418 523
418 524
418 615
418 616
418 699
418 700
418 741
418 742
418 767
418 768
418 795
418 796
419 420
419 591
419 592
419 807
420 548
420 587
420 629
421 422
421 485
421 486
421 581
421 582
421 663
421 664
421 781
421 782
421 787
421 788
421 837
421 838
421 847
421 848
421 861
421 862
422 485
422 486
422 581
422 582
422 663
422 664
422 781
422 782
422 837
422 838
422 845
422 846
422 847
422 848
422 861
422 862
423 424
423 458
423 687
423 733
423 901
423 902
424 688
424 703
424 704
424 883
425 426
425 451
425 495
425 496
425 589
425 753
426 493
426 494
426 590
427 428
427 501
427 502
427 507
427 574
428 430
428 445
428 461
428 462
428 463
428 464
428 507
428 574
429 430
430 445
430 529
430 530
431 432
432 585
433 434
433 485
433 486
433 488
433 522
433 700
434 487
434 699
434 700
435 436
435 605
435 873
435 899
436 843
436 849
436 850
436 899
437 438
437 571
437 572
437 636
437 827
437 828
437 892
438 605
438 606
438 654
438 802
438 891
438 892
439 440
439 459
439 460
440 545
440 763
440 785
440 786
441 442
441 549
441 550
441 575
441 576
441 715
441 716
441 745
441 746
441 815
441 816
441 825
441 826
441 865
441 866
441 879
441 880
442 549
442 550
442 575
442 576
442 715
442 716
442 745
442 746
442 815
442 816
442 865
442 866
442 879
442 880
443 444
443 555
443 567
443 568
443 701
444 705
444 706
444 859
445 446
445 463
445 517
445 518
445 574
446 464
446 475
446 476
446 508
447 448
447 473
447 474
447 898
448 474
448 537
448 633
449 450
449 479
449 480
450 481
450 891
450 892
451 452
451 535
451 536
451 590
451 871
452 676
452 753
452 883
452 884
453 454
453 465
453 466
453 467
454 626
455 456
455 717
455 733
455 734
456 507
456 508
456 513
456 526
457 458
457 537
457 538
457 688
457 734
457 883
459 460
459 591
459 592
459 595
460 596
460 619
460 620
461 462
462 641
462 642
463 464
463 508
463 697
463 698
465 466
465 577
465 651
466 578
466 651
467 468
468 478
469 470
470 612
471 472
471 570
471 603
471 604
471 637
472 570
472 629
472 630
472 852
473 474
473 634
473 898
474 634
474 901
474 902
475 476
475 483
475 624
475 906
476 624
476 724
477 478
478 626
479 480
480 653
480 654
481 482
481 561
481 562
481 565
482 566
482 575
482 576
483 484
483 593
483 594
485 486
485 581
485 582
485 663
485 664
485 781
485 782
485 837
485 838
485 845
485 846
485 847
485 848
485 861
485 862
486 581
486 582
486 663
486 664
486 781
486 782
486 837
486 838
486 847
486 848
486 861
486 862
487 488
488 521
488 522
489 490
489 543
489 764
489 817
489 818
490 764
491 492
491 655
491 656
491 681
491 682
491 687
491 688
491 739
491 740
491 777
491 778
491 845
491 846
491 881
491 882
492 655
492 656
492 681
492 682
492 739
492 740
492 777
492 778
492 843
492 844
492 845
492 846
492 881
492 882
493 494
493 501
493 502
493 511
493 512
493 667
493 668
493 769
493 770
493 835
493 836
494 511
494 512
494 577
494 578
494 667
494 668
494 769
494 770
494 835
494 836
495 496
495 541
495 542
495 567
495 568
495 665
495 666
495 757
495 758
496 541
496 542
496 567
496 568
496 665
496 666
496 757
496 758
497 498
497 628
497 714
497 865
497 866
498 671
498 711
498 712
498 828
499 500
499 539
499 540
499 607
499 608
499 665
499 666
499 719
499 720
499 759
499 760
500 539
500 540
500 607
500 608
500 719
500 720
500 759
500 760
501 502
501 557
501 558
501 685
501 686
501 785
501 786
501 797
501 798
501 803
501 804
501 817
501 818
502 557
502 558
502 685
502 686
502 785
502 786
502 797
502 798
502 803
502 804
502 817
502 818
503 504
503 718
504 615
504 616
504 659
504 660
504 820
505 506
505 657
505 658
505 743
505 744
505 781
505 782
505 799
505 800
505 811
505 812
505 849
505 850
505 869
505 870
505 893
505 894
506 657
506 658
506 743
506 744
506 799
506 800
506 811
506 812
506 849
506 850
506 869
506 870
506 893
506 894
506 899
506 900
507 508
507 755
507 756
508 573
508 574
509 510
509 677
509 678
509 911
509 912
510 677
510 907
510 915
510 916
511 512
511 667
511 668
511 769
511 770
511 835
511 836
512 667
512 668
512 763
512 764
512 769
512 770
512 835
512 836
513 514
513 517
513 518
513 820
514 659
514 718
515 516
515 803
515 804
515 888
516 610
516 858
516 865
516 866
516 888
517 518
517 520
519 520
520 713
520 714
521 522
521 700
523 524
523 579
523 580
523 615
523 616
523 741
523 742
523 767
523 768
523 795
523 796
524 615
524 616
524 741
524 742
524 767
524 768
524 795
524 796
525 526
525 660
525 718
526 717
526 819
526 820
526 869
526 870
527 528
527 851
527 852
527 856
527 901
527 910
528 680
528 855
528 903
528 904
528 910
529 530
529 552
529 561
529 573
529 574
529 735
530 580
531 532
531 670
531 877
531 878
532 669
532 788
532 791
532 792
532 854
533 534
533 647
533 648
533 695
533 696
533 771
533 772
533 789
533 790
533 825
533 826
533 885
533 886
533 913
533 914
534 647
534 648
534 695
534 696
534 771
534 772
534 789
534 790
534 813
534 814
534 825
534 826
534 885
534 886
535 536
535 694
536 650
536 693
536 829
537 538
537 634
537 685
537 686
537 897
538 634
538 807
538 808
538 897
539 540
539 607
539 608
539 719
539 720
539 759
539 760
540 607
540 608
540 719
540 720
540 753
540 754
540 759
540 760
541 542
541 567
541 568
541 665
541 666
541 675
541 676
541 757
541 758
542 567
542 568
542 637
542 638
542 665
542 666
542 757
542 758
543 544
543 546
543 735
543 736
543 764
545 546
546 764
547 548
547 588
547 629
547 630
547 683
547 684
547 725
547 832
548 749
548 750
548 832
549 550
549 575
549 576
549 715
549 716
549 745
549 746
549 815
549 816
549 865
549 866
549 879
549 880
550 575
550 576
550 715
550 716
550 729
550 730
550 745
550 746
550 815
550 816
550 865
550 866
550 879
550 880
551 552
551 573
551 574
551 580
551 692
551 735
551 736
552 579
552 691
552 692
553 554
553 683
553 684
553 727
553 728
553 793
553 794
554 683
554 684
554 705
554 706
554 727
554 728
554 793
554 794
555 556
556 701
556 783
556 784
556 859
556 860
556 901
556 902
557 558
557 685
557 686
557 785
557 786
557 797
557 798
557 803
557 804
557 817
557 818
558 685
558 686
558 785
558 786
558 797
558 798
558 803
558 804
558 807
558 808
558 817
558 818
559 560
559 583
559 584
559 631
559 632
559 689
559 690
559 805
559 806
559 823
559 824
560 583
560 584
560 631
560 632
560 689
560 690
560 805
560 806
560 823
560 824
561 562
561 580
562 729
562 730
563 564
563 603
563 604
563 697
563 698
563 725
563 726
563 729
563 730
563 737
563 738
563 813
563 814
563 841
563 842
563 877
563 878
564 603
564 604
564 697
564 698
564 705
564 706
564 729
564 730
564 737
564 738
564 813
564 814
564 841
564 842
564 877
564 878
565 566
565 592
566 795
566 796
567 568
567 665
567 666
567 757
567 758
568 665
568 666
568 757
568 758
568 779
568 780
569 570
569 637
570 851
571 572
571 593
571 594
571 711
571 712
571 891
572 636
572 801
572 802
573 574
574 657
574 658
575 576
575 715
575 716
575 745
575 746
575 815
575 816
575 865
575 866
575 879
575 880
576 715
576 716
576 745
576 746
576 815
576 816
576 865
576 866
576 879
576 880
577 578
578 652
579 580
579 692
579 735
579 736
580 692
580 793
580 794
581 582
581 583
581 584
581 663
581 664
581 781
581 782
581 837
581 838
581 847
581 848
581 861
581 862
582 663
582 664
582 781
582 782
582 837
582 838
582 847
582 848
582 861
582 862
583 584
583 631
583 632
583 689
583 690
583 805
583 806
583 823
583 824
584 631
584 632
584 689
584 690
584 805
584 806
584 823
584 824
585 586
585 587
585 588
585 646
586 596
586 646
587 588
587 617
587 618
587 629
587 630
587 725
587 761
588 761
589 590
589 662
589 675
589 754
589 871
591 592
592 597
592 598
593 594
593 597
593 598
593 621
593 622
593 641
593 642
593 703
593 704
593 705
593 706
593 713
593 714
593 773
593 774
593 775
593 776
594 597
594 598
594 621
594 622
594 641
594 642
594 703
594 704
594 705
594 706
594 773
594 774
594 775
594 776
595 596
595 645
596 735
596 736
597 598
597 621
597 622
597 623
597 624
597 641
597 642
597 703
597 704
597 705
597 706
597 773
597 774
597 775
597 776
598 621
598 622
598 641
598 642
598 703
598 704
598 705
598 706
598 773
598 774
598 775
598 776
599 600
599 709
599 710
599 779
599 780
599 839
599 840
599 867
599 868
599 875
599 876
600 709
600 710
600 779
600 780
600 839
600 840
600 867
600 868
600 875
600 876
601 602
602 883
602 911
602 912
603 604
603 697
603 698
603 729
603 730
603 737
603 738
603 747
603 748
603 813
603 814
603 841
603 842
603 877
603 878
604 697
604 698
604 729
604 730
604 737
604 738
604 813
604 814
604 841
604 842
604 877
604 878
605 606
605 617
605 618
605 673
605 674
605 843
605 844
605 873
605 899
606 674
606 841
606 842
607 608
607 707
607 708
607 719
607 720
607 759
607 760
608 719
608 720
608 759
608 760
609 610
609 671
609 672
609 731
609 755
609 857
609 858
610 857
610 858
610 871
610 872
611 612
611 737
611 738
612 665
612 666
613 614
613 707
613 708
613 747
613 748
613 749
613 750
613 809
613 810
613 863
613 864
613 889
613 890
614 707
614 708
614 717
614 718
614 747
614 748
614 749
614 750
614 809
614 810
614 863
614 864
614 889
614 890
615 616
615 741
615 742
615 767
615 768
615 795
615 796
616 741
616 742
616 767
616 768
616 795
616 796
617 618
617 649
617 650
619 620
619 721
619 722
619 751
619 752
619 763
619 764
619 765
619 766
619 791
619 792
619 821
619 822
619 833
619 834
620 721
620 722
620 751
620 752
620 765
620 766
620 791
620 792
620 821
620 822
620 827
620 828
620 833
620 834
621 622
621 641
621 642
621 651
621 652
621 703
621 704
621 705
621 706
621 773
621 774
621 775
621 776
622 641
622 642
622 703
622 704
622 705
622 706
622 733
622 734
622 773
622 774
622 775
622 776
623 624
623 633
623 634
623 906
624 821
624 822
625 626
625 693
625 694
626 751
626 752
627 628
627 671
627 672
627 828
627 895
627 896
628 714
628 896
629 630
629 726
629 808
630 727
630 728
630 761
630 808
630 832
631 632
631 689
631 690
631 805
631 806
631 823
631 824
631 845
631 846
632 689
632 690
632 805
632 806
632 823
632 824
633 634
633 898
635 636
635 712
636 712
636 801
637 638
638 851
638 852
639 640
640 745
640 746
641 642
641 703
641 704
641 705
641 706
641 773
641 774
641 775
641 776
641 817
641 818
642 703
642 704
642 705
642 706
642 773
642 774
642 775
642 776
643 644
643 669
643 751
643 752
643 854
645 646
646 777
646 778
647 648
647 695
647 696
647 771
647 772
647 789
647 790
647 813
647 814
647 825
647 826
647 885
647 886
648 695
648 696
648 771
648 772
648 779
648 780
648 789
648 790
648 825
648 826
648 885
648 886
649 650
650 731
650 732
650 829
651 652
652 717
652 718
653 654
653 711
653 802
654 802
654 879
654 880
655 656
655 681
655 682
655 739
655 740
655 777
655 778
655 845
655 846
655 849
655 850
655 881
655 882
656 681
656 682
656 739
656 740
656 777
656 778
656 845
656 846
656 881
656 882
657 658
657 743
657 744
657 799
657 800
657 811
657 812
657 849
657 850
657 869
657 870
657 893
657 894
658 743
658 744
658 799
658 800
658 809
658 810
658 811
658 812
658 849
658 850
658 869
658 870
658 893
658 894
659 660
659 717
659 718
659 819
660 717
660 718
661 662
661 676
661 753
662 872
663 664
663 781
663 782
663 793
663 794
663 837
663 838
663 847
663 848
663 861
663 862
664 781
664 782
664 837
664 838
664 847
664 848
664 855
664 856
664 861
664 862
665 666
665 757
665 758
666 757
666 758
667 668
667 769
667 770
667 835
667 836
668 769
668 770
668 835
668 836
669 670
669 863
669 864
671 672
671 897
671 898
672 713
672 714
672 827
672 828
672 829
672 830
672 896
673 674
674 844
674 874
674 899
674 901
674 902
674 904
675 676
676 754
676 872
677 678
677 908
679 680
679 701
679 702
679 856
680 905
680 906
681 682
681 739
681 740
681 777
681 778
681 795
681 796
681 845
681 846
681 881
681 882
682 739
682 740
682 743
682 744
682 777
682 778
682 845
682 846
682 881
682 882
683 684
683 727
683 728
683 793
683 794
684 727
684 728
684 793
684 794
685 686
685 785
685 786
685 797
685 798
685 803
685 804
685 807
685 808
685 817
685 818
686 785
686 786
686 797
686 798
686 803
686 804
686 809
686 810
686 817
686 818
687 688
687 884
687 911
687 912
688 734
688 883
688 889
688 890
689 690
689 805
689 806
689 823
689 824
690 805
690 806
690 823
690 824
691 692
691 735
692 735
693 694
693 777
693 778
693 829
693 830
694 830
695 696
695 759
695 760
695 771
695 772
695 789
695 790
695 825
695 826
695 885
695 886
696 771
696 772
696 789
696 790
696 793
696 794
696 825
696 826
696 885
696 886
697 698
697 729
697 730
697 737
697 738
697 813
697 814
697 841
697 842
697 855
697 856
697 877
697 878
698 729
698 730
698 737
698 738
698 813
698 814
698 841
698 842
698 877
698 878
699 700
700 825
700 826
701 702
701 783
701 859
701 903
701 904
702 783
703 704
703 705
703 706
703 773
703 774
703 775
703 776
704 705
704 706
704 753
704 754
704 773
704 774
704 775
704 776
705 706
705 773
705 774
705 775
705 776
706 773
706 774
706 775
706 776
707 708
707 747
707 748
707 749
707 750
707 809
707 810
707 863
707 864
707 877
707 878
707 889
707 890
708 747
708 748
708 749
708 750
708 809
708 810
708 863
708 864
708 889
708 890
709 710
709 779
709 780
709 839
709 840
709 867
709 868
709 875
709 876
710 779
710 780
710 839
710 840
710 867
710 868
710 875
710 876
710 895
710 896
711 712
711 801
711 802
711 892
711 911
711 912
713 714
713 896
713 905
713 906
714 827
714 907
714 908
715 716
715 745
715 746
715 815
715 816
715 835
715 836
715 865
715 866
715 879
715 880
716 745
716 746
716 815
716 816
716 865
716 866
716 879
716 880
717 718
717 820
718 889
718 890
719 720
719 759
719 760
720 759
720 760
721 722
721 749
721 750
721 751
721 752
721 765
721 766
721 791
721 792
721 821
721 822
721 833
721 834
722 751
722 752
722 765
722 766
722 791
722 792
722 821
722 822
722 833
722 834
723 724
723 751
723 752
725 726
725 761
725 832
725 881
725 882
726 817
726 818
726 831
727 728
727 793
727 794
728 793
728 794
728 799
728 800
729 730
729 735
729 736
729 737
729 738
729 813
729 814
729 841
729 842
729 877
729 878
730 737
730 738
730 813
730 814
730 819
730 820
730 841
730 842
730 877
730 878
731 732
731 756
732 888
733 734
733 849
733 850
733 884
735 736
736 773
736 774
737 738
737 813
737 814
737 841
737 842
737 877
737 878
738 813
738 814
738 841
738 842
738 877
738 878
739 740
739 777
739 778
739 845
739 846
739 881
739 882
740 777
740 778
740 845
740 846
740 881
740 882
740 905
740 906
741 742
741 767
741 768
741 795
741 796
742 767
742 768
742 795
742 796
743 744
743 799
743 800
743 811
743 812
743 829
743 830
743 849
743 850
743 869
743 870
743 893
743 894
744 799
744 800
744 807
744 808
744 811
744 812
744 849
744 850
744 869
744 870
744 893
744 894
745 746
745 815
745 816
745 865
745 866
745 879
745 880
746 815
746 816
746 865
746 866
746 879
746 880
746 911
746 912
747 748
747 749
747 750
747 789
747 790
747 809
747 810
747 863
747 864
747 889
747 890
748 749
748 750
748 809
748 810
748 831
748 832
748 863
748 864
748 889
748 890
749 750
749 809
749 810
749 863
749 864
749 889
749 890
750 809
750 810
750 845
750 846
750 863
750 864
750 889
750 890
751 752
751 765
751 766
751 791
751 792
751 821
751 822
751 833
751 834
752 765
752 766
752 791
752 792
752 819
752 820
752 821
752 822
752 833
752 834
753 754
753 849
753 850
755 756
755 877
755 878
755 887
755 888
756 857
756 869
756 870
756 887
756 888
757 758
757 809
757 810
758 913
758 914
759 760
760 837
760 838
761 762
761 832
763 764
764 821
764 822
765 766
765 773
765 774
765 791
765 792
765 821
765 822
765 833
765 834
766 791
766 792
766 793
766 794
766 821
766 822
766 833
766 834
767 768
767 795
767 796
767 837
767 838
768 795
768 796
769 770
769 835
769 836
770 835
770 836
771 772
771 789
771 790
771 825
771 826
771 885
771 886
772 789
772 790
772 825
772 826
772 885
772 886
773 774
773 775
773 776
774 775
774 776
775 776
776 899
776 900
777 778
777 845
777 846
777 881
777 882
778 845
778 846
778 881
778 882
779 780
779 839
779 840
779 867
779 868
779 875
779 876
780 839
780 840
780 867
780 868
780 875
780 876
781 782
781 837
781 838
781 847
781 848
781 861
781 862
781 869
781 870
782 837
782 838
782 847
782 848
782 861
782 862
783 784
783 859
783 860
784 860
785 786
785 797
785 798
785 803
785 804
785 817
785 818
786 797
786 798
786 803
786 804
786 809
786 810
786 817
786 818
787 788
787 853
788 853
788 854
789 790
789 819
789 820
789 825
789 826
789 885
789 886
790 825
790 826
790 885
790 886
791 792
791 821
791 822
791 833
791 834
792 821
792 822
792 829
792 830
792 833
792 834
793 794
793 803
793 804
794 855
794 856
795 796
796 863
796 864
797 798
797 799
797 800
797 803
797 804
797 817
797 818
798 803
798 804
798 817
798 818
799 800
799 801
799 802
799 811
799 812
799 849
799 850
799 869
799 870
799 893
799 894
800 811
800 812
800 825
800 826
800 849
800 850
800 869
800 870
800 893
800 894
801 802
802 893
802 894
803 804
803 817
803 818
803 909
803 910
804 817
804 818
805 806
805 823
805 824
806 823
806 824
807 808
808 831
809 810
809 863
809 864
809 889
809 890
809 911
809 912
810 863
810 864
810 889
810 890
810 895
810 896
811 812
811 849
811 850
811 869
811 870
811 893
811 894
812 849
812 850
812 869
812 870
812 893
812 894
812 909
812 910
813 814
813 841
813 842
813 877
813 878
814 841
814 842
814 875
814 876
814 877
814 878
815 816
815 865
815 866
815 879
815 880
816 865
816 866
816 879
816 880
817 818
818 863
818 864
819 820
820 913
820 914
821 822
821 833
821 834
822 833
822 834
823 824
824 845
824 846
825 826
825 885
825 886
826 885
826 886
827 828
829 830
830 863
830 864
831 832
832 855
832 856
833 834
833 913
833 914
834 863
834 864
835 836
836 899
836 900
837 838
837 847
837 848
837 861
837 862
838 847
838 848
838 861
838 862
839 840
839 867
839 868
839 875
839 876
840 867
840 868
840 875
840 876
841 842
841 877
841 878
841 887
841 888
842 877
842 878
843 844
843 899
843 900
843 901
843 902
844 874
844 901
844 902
844 904
845 846
845 881
845 882
846 881
846 882
846 911
846 912
847 848
847 861
847 862
848 861
848 862
849 850
849 869
849 870
849 893
849 894
850 869
850 870
850 893
850 894
851 852
852 867
852 868
853 854
853 899
853 900
854 913
854 914
855 856
855 901
855 909
855 910
855 915
855 916
856 901
857 858
859 860
860 913
860 914
861 862
862 899
862 900
863 864
863 889
863 890
864 889
864 890
865 866
865 879
865 880
866 879
866 880
867 868
867 875
867 876
868 875
868 876
868 877
868 878
869 870
869 893
869 894
870 893
870 894
870 909
870 910
871 872
872 899
872 900
873 874
874 900
874 901
874 902
875 876
876 899
876 900
877 878
878 899
878 900
879 880
880 913
880 914
881 882
882 899
882 900
883 884
884 913
884 914
885 886
885 913
885 914
886 899
886 900
887 888
888 913
888 914
889 890
890 913
890 914
891 892
891 901
891 902
892 913
892 914
893 894
893 913
893 914
894 913
894 914
895 896
896 913
896 914
897 898
898 913
898 914
899 900
901 902
901 909
901 911
901 912
903 904
904 913
904 914
905 906
906 913
906 914
907 908
908 913
908 914
909 910
910 913
910 914
911 912
912 913
912 914
913 914
913 915
913 916
914 915
914 916
915 916
