200 1134
1 2
1 5
1 6
1 19
1 20
1 199
1 200
2 5
2 6
2 19
2 20
2 199
2 200
3 4
3 45
3 47
3 48
3 51
3 52
3 63
3 64
3 184
4 45
4 46
4 47
4 48
4 51
4 52
4 63
4 64
4 84
4 183
4 184
5 6
5 19
5 20
5 199
5 200
6 19
6 20
6 199
6 200
7 8
7 33
7 34
7 37
7 38
7 41
7 42
7 97
7 98
7 105
7 106
7 197
7 198
8 33
8 42
8 97
8 98
8 105
8 106
8 197
8 198
9 10
9 13
9 14
9 57
9 58
9 89
9 90
9 191
9 192
9 195
9 196
10 13
10 14
10 57
10 58
10 89
10 90
10 111
10 112
10 192
10 195
11 12
11 13
11 14
11 23
11 24
11 27
11 28
11 29
11 30
11 79
11 80
11 127
11 128
12 23
12 24
12 27
12 28
12 29
12 30
12 31
12 32
12 79
12 80
12 127
12 128
13 14
13 57
13 58
13 69
13 70
13 89
13 191
13 192
13 195
14 57
14 79
14 80
14 89
14 90
14 192
14 195
14 196
15 16
15 70
15 73
15 77
15 85
15 86
15 117
15 118
15 133
15 134
16 69
16 70
16 73
16 77
16 78
16 85
16 86
16 127
16 128
16 133
17 18
17 35
17 36
17 39
17 40
17 47
17 48
17 91
17 187
17 188
18 47
18 48
18 91
18 92
18 152
18 157
18 158
18 187
18 188
19 20
19 199
19 200
20 199
20 200
21 22
21 29
21 30
21 31
21 32
21 141
21 142
21 193
21 194
22 31
22 32
22 81
22 117
22 118
22 141
22 142
22 193
22 194
23 24
23 27
23 28
23 29
23 30
23 79
23 80
23 119
23 120
23 127
23 128
24 27
24 28
24 29
24 30
24 49
24 50
24 79
24 80
24 127
24 128
25 26
25 53
25 54
25 61
25 62
25 65
25 66
25 93
25 94
25 119
25 120
25 153
25 154
26 53
26 54
26 65
26 66
26 93
26 94
26 119
26 120
26 153
26 154
26 163
26 164
27 28
27 29
27 30
27 69
27 70
27 79
27 80
27 127
27 128
28 29
28 30
28 79
28 80
28 127
28 128
28 197
28 198
29 30
29 33
29 34
29 79
29 80
29 127
29 128
30 79
30 80
30 85
30 86
30 127
30 128
31 32
31 81
31 82
31 141
31 193
31 194
32 81
32 82
32 117
32 127
32 128
32 141
32 142
33 34
33 35
33 36
33 41
33 42
33 98
33 106
33 197
34 42
34 71
34 72
34 97
34 98
34 197
34 198
35 36
35 39
35 40
35 47
35 48
35 92
35 151
35 152
35 187
35 188
36 47
36 48
36 92
36 151
36 152
36 187
36 188
37 38
37 67
37 121
37 122
37 135
37 167
37 168
37 187
37 188
37 189
38 68
38 121
38 122
38 167
38 190
38 195
38 196
39 40
39 95
39 96
39 99
39 100
39 115
39 116
39 117
39 118
39 139
39 140
39 145
40 95
40 100
40 115
40 116
40 139
40 140
40 145
41 42
41 47
41 48
41 97
41 98
41 105
41 197
41 198
42 97
42 98
42 197
42 198
43 44
43 108
43 123
43 124
43 129
43 130
43 161
43 162
43 167
43 168
43 185
43 186
44 107
44 123
44 124
44 127
44 128
44 130
44 161
44 162
44 185
45 46
45 51
45 52
45 64
45 83
45 167
45 168
45 183
45 184
46 51
46 52
46 61
46 62
46 64
46 83
46 84
46 184
47 48
47 51
47 52
47 91
47 92
47 151
47 152
47 187
47 188
48 91
48 137
48 138
48 152
48 188
49 50
49 55
49 59
49 60
49 102
49 115
49 116
49 131
49 132
49 155
49 156
50 55
50 56
50 59
50 101
50 102
50 131
50 132
50 155
50 156
51 52
51 59
51 60
51 64
51 83
51 183
52 63
52 64
52 83
52 84
52 127
52 128
52 183
53 54
53 65
53 66
53 93
53 94
53 119
53 120
53 153
53 154
54 65
54 66
54 85
54 86
54 93
54 94
54 119
54 120
54 153
54 154
55 56
55 59
55 102
55 131
55 132
55 155
55 171
55 172
56 59
56 101
56 102
56 131
56 145
56 146
56 155
56 156
57 58
57 89
57 90
57 145
57 146
57 191
57 195
58 90
58 135
58 136
58 192
58 195
58 196
59 60
59 101
59 102
59 156
59 173
59 174
60 101
60 131
60 132
60 139
60 140
60 155
61 62
61 125
61 126
61 141
61 142
61 149
61 150
61 157
61 158
61 173
61 174
61 175
61 176
62 125
62 126
62 149
62 150
62 157
62 158
62 173
62 174
62 175
62 176
63 64
63 83
63 84
63 183
63 185
63 186
64 84
65 66
65 73
65 74
65 93
65 94
65 119
65 120
65 153
65 154
66 93
66 94
66 119
66 120
66 153
66 154
67 68
67 121
67 122
67 135
67 136
67 167
67 168
67 190
68 121
68 122
68 131
68 132
68 135
68 136
68 167
68 168
68 190
69 70
69 73
69 74
69 75
69 76
69 78
69 134
70 73
70 74
70 77
70 78
70 86
70 134
71 72
71 113
71 114
71 137
71 138
71 159
71 165
71 166
71 169
71 170
71 172
72 113
72 114
72 137
72 138
72 159
72 165
72 171
72 172
73 74
73 77
73 78
73 83
73 84
73 86
73 133
73 134
74 77
74 78
74 85
74 86
74 133
75 76
75 83
75 84
75 103
75 104
75 111
75 112
75 147
75 148
75 169
75 170
75 181
75 182
76 103
76 104
76 107
76 108
76 111
76 112
76 147
76 148
76 169
76 170
76 181
76 182
77 78
77 79
77 80
77 85
77 134
78 85
78 133
78 134
79 80
79 127
79 128
80 127
80 128
80 143
80 144
81 82
81 117
81 118
81 141
81 142
81 193
81 194
81 195
81 196
82 193
82 194
82 195
82 196
83 84
83 185
83 186
84 184
85 86
85 93
85 94
85 133
85 134
86 133
86 134
87 88
87 109
87 110
87 143
87 144
87 163
87 164
87 177
87 178
87 179
87 180
88 109
88 110
88 143
88 144
88 163
88 164
88 177
88 178
88 179
88 180
89 90
89 191
89 192
89 196
90 191
90 192
90 195
90 196
91 92
91 127
91 128
91 151
91 152
91 187
91 188
92 152
92 185
92 186
92 187
92 188
93 94
93 119
93 120
93 121
93 122
93 153
93 154
94 119
94 120
94 121
94 122
94 153
94 154
95 96
95 100
95 105
95 106
95 139
95 140
95 145
96 99
96 100
96 115
96 139
96 140
96 145
96 146
97 98
97 105
97 106
97 129
97 130
98 105
98 106
98 197
99 100
99 115
99 116
99 139
99 140
99 145
99 146
100 115
100 139
100 140
100 145
100 197
100 198
101 102
101 131
101 155
102 131
102 155
102 156
103 104
103 111
103 112
103 119
103 120
103 147
103 148
103 169
103 170
103 181
103 182
104 111
104 112
104 147
104 148
104 169
104 170
104 181
104 182
105 106
105 171
105 172
105 197
105 198
106 197
106 198
107 108
107 117
107 118
107 123
107 129
107 130
107 161
107 162
107 185
107 186
108 129
108 155
108 156
108 161
108 162
108 185
109 110
109 143
109 144
109 163
109 164
109 177
109 178
109 179
109 180
110 143
110 144
110 163
110 164
110 177
110 178
110 179
110 180
111 112
111 147
111 148
111 155
111 156
111 169
111 170
111 181
111 182
112 147
112 148
112 163
112 164
112 169
112 170
112 181
112 182
113 114
113 125
113 126
113 138
113 159
113 160
113 165
113 172
114 137
114 138
114 139
114 140
114 159
114 160
114 166
114 172
115 116
115 139
115 140
115 145
115 146
116 139
116 140
116 145
116 146
117 118
117 141
117 142
117 194
118 141
118 193
119 120
119 153
119 154
120 153
120 154
121 122
121 135
121 136
121 167
121 168
121 177
121 178
121 189
121 190
122 135
122 136
122 168
122 189
123 124
123 129
123 161
123 185
123 186
124 129
124 130
124 149
124 150
124 161
124 185
125 126
125 149
125 150
125 157
125 158
125 173
125 174
125 175
125 176
126 149
126 150
126 157
126 158
126 163
126 164
126 173
126 174
126 175
126 176
127 128
128 197
128 198
129 130
129 149
129 150
129 161
129 162
129 185
129 186
130 161
130 162
130 186
131 132
131 137
131 138
131 156
132 155
132 156
133 134
134 145
134 146
135 136
135 167
135 168
135 190
136 167
136 168
136 189
136 195
136 196
137 138
137 159
137 165
137 166
137 171
137 172
137 183
137 184
138 159
138 160
138 165
138 166
138 172
139 140
139 146
140 145
141 142
141 193
141 194
142 193
142 194
143 144
143 163
143 164
143 177
143 178
143 179
143 180
144 163
144 164
144 177
144 178
144 179
144 180
145 146
146 183
146 184
147 148
147 169
147 170
147 181
147 182
148 169
148 170
148 181
148 182
149 150
149 157
149 158
149 173
149 174
149 175
149 176
150 157
150 158
150 173
150 174
150 175
150 176
151 152
151 169
151 170
151 187
151 188
152 187
152 188
153 154
153 173
153 174
154 177
154 178
155 156
156 177
156 178
157 158
157 173
157 174
157 175
157 176
158 173
158 174
158 175
158 176
159 160
159 165
159 166
159 171
159 172
160 166
160 171
161 162
161 169
161 170
161 185
161 186
162 185
162 186
163 164
163 177
163 178
163 179
163 180
163 197
163 198
164 177
164 178
164 179
164 180
165 166
165 169
165 170
165 171
165 172
167 168
167 169
167 170
167 189
167 190
168 189
168 197
168 198
169 170
169 173
169 174
169 181
169 182
170 181
170 182
171 172
172 185
172 186
173 174
173 175
173 176
174 175
174 176
175 176
176 197
176 198
177 178
177 179
177 180
178 179
178 180
179 180
180 195
180 196
181 182
182 183
182 184
183 184
184 193
184 194
185 186
186 193
186 194
187 188
188 189
188 190
189 190
189 197
189 198
190 191
190 192
191 192
191 193
191 194
191 196
192 195
192 196
193 194
194 195
194 196
195 196
196 197
196 198
197 198
198 199
198 200
199 200
