150 1100
1 4
1 44
1 74
1 76
1 90
1 94
1 110
1 111
1 124
1 129
1 144
1 146
2 11
2 12
2 17
2 22
2 27
2 42
2 47
2 60
2 69
2 70
2 81
2 101
2 111
2 116
2 123
2 127
2 135
2 137
3 12
3 16
3 22
3 26
3 30
3 35
3 37
3 43
3 61
3 69
3 75
3 78
3 83
3 101
3 104
3 136
3 143
3 144
4 33
4 38
4 74
4 75
4 77
4 90
4 118
4 142
5 7
5 11
5 66
5 82
5 104
5 122
5 130
5 131
5 137
5 140
6 16
6 45
6 47
6 67
6 68
6 70
6 71
6 74
6 81
6 82
6 108
6 109
6 133
6 143
6 145
6 148
6 150
7 15
7 27
7 52
7 60
7 67
7 81
7 88
7 89
7 98
7 145
8 31
8 45
8 48
8 53
8 68
8 89
8 134
9 17
9 20
9 34
9 35
9 42
9 54
9 56
9 62
9 64
9 68
9 73
9 75
9 84
9 104
9 106
9 112
9 124
9 133
9 143
9 148
9 149
10 13
10 41
10 47
10 49
10 57
10 69
10 75
10 76
10 87
10 92
10 99
10 103
10 110
10 120
10 138
10 148
10 149
11 18
11 41
11 42
11 45
11 59
11 88
11 92
11 97
11 131
11 140
11 148
12 40
12 55
12 64
12 65
12 87
12 99
12 100
12 102
12 110
12 132
12 133
12 143
12 145
13 14
13 29
13 30
13 39
13 40
13 45
13 55
13 70
13 81
13 92
13 107
13 109
13 113
13 114
13 116
13 123
13 129
13 131
13 137
13 149
14 18
14 19
14 39
14 56
14 65
14 71
14 115
14 123
14 143
14 144
15 45
15 64
15 75
15 85
15 87
15 90
15 105
15 139
15 142
16 20
16 32
16 33
16 50
16 61
16 69
16 71
16 81
16 94
16 102
16 111
16 123
17 19
17 28
17 30
17 47
17 59
17 70
17 82
17 112
17 130
18 23
18 27
18 37
18 57
18 60
18 66
18 79
18 80
18 88
18 92
19 36
19 42
19 59
19 61
19 62
19 63
19 69
19 80
19 83
19 91
19 94
19 101
19 105
19 113
19 115
19 125
19 149
19 150
20 36
20 45
20 60
20 62
20 64
20 79
20 112
20 127
20 145
20 146
20 148
20 149
21 33
21 37
21 55
21 59
21 68
21 70
21 74
21 75
21 82
21 88
21 97
21 98
21 111
21 128
21 129
21 137
21 140
21 141
22 33
22 34
22 37
22 46
22 54
22 58
22 64
22 75
22 77
22 81
22 83
22 108
22 114
22 147
23 32
23 33
23 41
23 53
23 54
23 59
23 75
23 82
23 88
23 89
23 93
23 102
23 118
23 124
23 125
23 133
23 148
24 29
24 38
24 45
24 48
24 52
24 56
24 66
24 67
24 73
24 84
24 104
24 110
24 122
24 140
25 26
25 31
25 35
25 46
25 52
25 94
25 116
25 127
25 145
26 49
26 64
26 98
26 104
26 108
26 132
26 133
26 140
26 146
26 147
27 38
27 58
27 62
27 75
27 102
27 107
27 137
27 138
28 39
28 83
28 85
28 102
28 115
28 136
28 138
28 145
29 40
29 42
29 43
29 77
29 81
29 82
29 83
29 88
29 97
29 103
29 108
29 113
29 115
29 119
29 125
29 128
29 137
29 138
30 36
30 37
30 39
30 48
30 53
30 57
30 71
30 77
30 103
30 109
30 119
30 144
31 35
31 37
31 48
31 54
31 59
31 62
31 65
31 66
31 97
31 107
31 110
31 111
31 129
31 134
32 40
32 59
32 61
32 76
32 78
32 86
32 117
32 131
33 40
33 54
33 57
33 66
33 76
33 82
33 85
33 101
33 104
33 125
33 132
33 137
33 144
34 56
34 63
34 67
34 78
34 81
34 85
34 90
34 95
34 110
34 127
34 129
34 141
34 143
34 149
35 57
35 78
35 81
35 94
35 114
35 115
35 134
35 135
36 42
36 44
36 58
36 71
36 106
36 108
36 117
36 123
36 125
36 134
37 67
37 75
37 76
37 100
37 125
37 135
37 145
38 40
38 50
38 52
38 59
38 61
38 62
38 64
38 68
38 77
38 79
38 84
38 87
38 88
38 90
38 93
38 97
38 104
38 110
38 112
38 114
38 116
39 58
39 61
39 64
39 71
39 80
39 87
39 126
39 135
39 138
40 59
40 76
40 78
40 85
40 91
40 101
40 133
41 59
41 62
41 70
41 71
41 74
41 105
41 115
41 132
41 133
41 141
42 44
42 47
42 76
42 82
42 91
42 117
42 125
42 133
42 137
42 146
42 148
43 46
43 50
43 52
43 69
43 70
43 71
43 113
43 134
43 136
43 139
43 146
43 150
44 51
44 59
44 77
44 90
44 94
44 100
44 102
44 103
44 104
44 107
44 113
44 131
44 136
44 137
45 46
45 53
45 67
45 76
45 90
45 91
45 103
45 112
45 117
45 127
45 129
45 145
46 49
46 57
46 109
46 115
46 129
46 133
47 58
47 68
47 71
47 74
47 79
47 93
47 108
47 109
47 117
47 132
47 138
47 145
47 146
47 148
48 56
48 60
48 62
48 68
48 81
48 89
48 105
48 110
48 114
48 135
49 60
49 67
49 84
49 89
49 95
49 104
49 110
49 111
49 130
49 146
49 150
50 64
50 87
50 98
50 100
50 101
50 112
50 118
50 126
50 135
50 138
51 55
51 72
51 73
51 86
51 99
51 132
51 138
52 64
52 66
52 121
52 131
52 132
52 144
52 149
53 78
53 89
53 93
53 115
53 129
54 61
54 66
54 75
54 87
54 106
54 114
54 130
54 131
55 56
55 57
55 76
55 81
55 87
55 88
55 95
55 97
55 98
55 123
55 124
55 127
55 136
55 137
55 141
55 150
56 76
56 83
56 95
56 99
56 104
56 105
56 108
57 76
57 91
57 107
57 110
57 111
57 113
57 117
57 121
58 60
58 73
58 74
58 79
58 80
58 83
58 109
58 115
58 122
58 131
59 60
59 84
59 92
59 94
59 103
59 111
59 112
59 114
59 122
59 133
59 140
60 66
60 71
60 73
60 74
60 77
60 80
60 89
60 92
60 99
60 101
60 107
60 110
60 115
60 117
60 143
60 147
60 150
61 72
61 93
61 110
61 112
61 114
61 118
61 128
61 132
61 133
61 135
61 144
61 146
61 147
61 148
62 72
62 88
62 95
62 129
62 134
62 136
62 144
62 147
62 150
63 102
63 104
63 109
63 125
63 128
63 139
63 144
64 71
64 74
64 76
64 77
64 78
64 91
64 93
64 94
64 96
64 111
64 122
64 126
64 128
64 131
64 136
64 139
64 143
64 148
65 73
65 108
65 113
65 115
65 121
65 122
65 124
65 135
65 141
65 146
66 67
66 82
66 83
66 88
66 98
66 123
66 132
67 80
67 84
67 93
67 98
67 100
67 101
67 133
67 137
67 144
67 147
68 77
68 82
68 92
68 98
68 114
68 119
68 121
68 123
68 129
68 133
68 137
68 138
68 145
69 72
69 82
69 89
69 100
69 103
69 117
69 126
69 139
70 80
70 94
70 112
70 121
70 133
70 139
70 142
71 101
71 102
71 112
71 115
71 117
71 123
71 125
71 132
71 136
71 139
72 76
72 89
72 97
72 98
72 104
72 115
72 123
72 144
72 148
73 77
73 80
73 84
73 88
73 89
73 127
73 148
74 88
74 106
74 112
74 141
75 80
75 86
75 126
75 138
76 77
76 86
76 94
76 112
76 114
76 116
76 122
76 130
77 101
77 112
77 130
77 140
77 146
78 88
78 92
78 99
78 138
78 144
79 87
79 90
79 103
79 129
79 131
79 148
79 149
80 81
80 82
80 86
80 87
80 104
80 112
80 136
80 140
80 141
80 145
80 148
81 88
81 90
81 94
81 98
81 127
81 134
81 143
81 144
82 86
82 87
82 89
82 98
82 106
82 108
82 116
82 123
82 140
82 146
82 149
82 150
83 85
83 87
83 89
83 97
83 113
83 126
83 133
83 146
84 94
84 116
84 124
84 127
84 143
84 145
84 146
85 97
85 98
85 123
85 141
85 143
86 90
86 93
86 98
86 99
86 106
86 110
86 124
86 131
86 143
86 146
87 120
87 134
87 147
88 92
88 95
88 98
88 109
88 135
88 140
89 102
89 118
89 120
89 122
89 140
90 95
90 114
91 110
92 99
92 114
92 126
92 127
92 139
93 105
93 108
93 116
93 137
93 147
94 110
94 127
94 128
94 132
94 139
95 104
95 116
96 100
96 114
96 122
96 141
97 99
97 101
97 115
97 125
97 136
97 139
98 106
98 119
98 120
98 125
98 145
98 147
99 137
100 102
100 109
100 128
100 147
101 110
101 121
101 127
101 139
102 115
102 119
102 131
102 136
102 145
103 105
103 108
103 116
103 117
103 120
103 126
103 127
103 132
103 133
103 149
103 150
104 114
104 123
104 124
104 145
105 126
105 136
105 144
106 134
106 145
107 124
107 126
107 127
107 131
107 140
107 141
108 109
108 123
109 118
109 124
109 132
109 137
111 114
111 116
111 143
112 119
112 121
112 133
112 135
113 114
113 117
113 133
113 136
114 119
114 126
114 130
114 146
115 122
116 123
116 130
116 132
117 123
117 125
117 138
117 143
117 150
118 135
118 147
119 122
119 129
119 139
119 143
119 149
119 150
120 141
120 144
120 147
120 150
121 125
121 131
121 136
121 141
121 144
121 145
122 124
122 132
122 133
122 141
122 145
123 149
124 137
124 139
125 143
126 130
126 133
126 143
127 131
128 131
128 145
129 133
130 144
130 148
131 136
131 137
132 139
132 142
133 139
134 143
134 145
135 139
140 148
141 148
142 145
142 146
142 149
147 148
