100 693
1 11
1 13
1 16
1 22
1 30
1 32
1 33
1 39
1 46
1 47
1 51
1 52
1 53
1 58
1 59
1 60
1 66
1 76
1 84
1 85
1 98
2 17
2 19
2 28
2 34
2 40
2 51
2 53
2 56
2 61
2 78
3 14
3 19
3 21
3 25
3 32
3 41
3 44
3 46
3 48
3 55
3 63
3 73
3 86
3 87
3 95
4 9
4 10
4 15
4 29
4 30
4 37
4 46
4 48
4 51
4 66
4 67
4 71
4 77
4 86
4 98
4 99
5 22
5 28
5 29
5 34
5 36
5 38
5 56
5 59
5 77
5 80
5 82
5 87
5 91
5 93
5 97
5 99
6 12
6 44
6 50
6 54
6 55
6 57
6 77
6 79
6 91
6 97
7 10
7 15
7 50
7 53
7 55
7 61
7 65
7 68
7 71
7 97
8 26
8 34
8 42
8 61
8 62
8 66
8 70
8 77
8 79
8 85
9 17
9 19
9 25
9 34
9 35
9 36
9 45
9 51
9 72
9 86
9 90
10 11
10 15
10 16
10 22
10 26
10 28
10 40
10 54
10 60
10 69
10 81
10 83
11 14
11 20
11 22
11 25
11 30
11 43
11 87
12 18
12 26
12 35
12 45
12 60
12 62
12 65
12 67
12 68
12 91
13 22
13 29
13 52
13 56
13 61
13 70
13 79
13 80
13 83
13 92
13 100
14 15
14 26
14 31
14 33
14 38
14 47
14 53
14 90
15 23
15 29
15 30
15 41
15 45
15 47
15 60
15 70
15 72
15 74
15 85
15 94
15 95
16 18
16 33
16 39
16 46
16 47
16 50
16 52
16 58
16 64
16 71
16 83
16 87
16 91
16 93
16 95
17 25
17 27
17 41
17 48
17 70
17 81
17 86
17 94
18 36
18 37
18 43
18 44
18 49
18 56
18 57
18 58
18 60
18 72
18 82
18 88
19 25
19 29
19 42
19 45
19 48
19 52
19 71
19 77
19 79
19 80
19 82
19 98
20 21
20 27
20 28
20 46
20 56
20 57
20 73
20 74
20 79
21 25
21 29
21 36
21 40
21 44
21 49
21 51
21 54
21 72
21 75
21 76
21 78
21 82
21 86
21 88
21 95
22 27
22 31
22 37
22 40
22 45
22 47
22 48
22 59
22 64
22 74
22 78
22 88
22 89
22 90
22 96
22 98
22 100
23 32
23 39
23 42
23 44
23 53
23 56
23 57
23 58
23 63
23 67
23 76
23 82
23 100
24 27
24 32
24 35
24 44
24 45
24 47
24 53
24 56
24 58
24 77
24 88
24 90
24 95
25 47
25 68
25 72
25 88
25 91
25 94
26 42
26 46
26 51
26 52
26 53
26 61
26 62
26 71
26 72
26 76
26 79
26 83
26 84
26 93
26 97
27 30
27 39
27 49
27 55
27 65
27 71
27 76
28 33
28 34
28 37
28 47
28 52
28 54
28 57
28 58
28 65
28 69
28 96
29 30
29 36
29 37
29 38
29 40
29 41
29 50
29 61
29 81
29 84
29 95
29 98
30 31
30 38
30 41
30 44
30 48
30 60
30 66
30 69
30 75
30 79
30 82
30 83
30 88
30 97
31 39
31 42
31 44
31 45
31 55
31 67
31 77
31 80
31 81
31 85
31 91
31 92
31 98
32 43
32 45
32 46
32 47
32 58
32 60
32 73
32 75
32 90
32 91
32 97
33 34
33 35
33 36
33 52
33 56
33 61
33 74
33 78
33 89
33 99
33 100
34 35
34 37
34 39
34 41
34 54
34 65
34 77
34 79
34 80
34 88
34 90
34 98
35 48
35 57
35 62
35 64
35 66
35 79
35 80
35 83
36 41
36 50
36 56
36 78
36 93
36 96
37 47
37 48
37 54
37 59
37 69
37 70
37 72
37 82
37 89
38 39
38 41
38 45
38 46
38 52
38 53
38 64
38 71
38 75
38 76
38 85
38 88
38 90
38 93
38 97
39 65
39 92
39 98
40 41
40 46
40 47
40 58
40 66
40 74
40 89
40 90
40 94
40 95
41 55
41 67
41 73
41 76
41 80
41 82
41 86
41 88
41 91
41 93
42 51
42 56
42 59
42 66
42 73
42 90
42 92
42 93
42 100
43 52
43 66
43 74
43 76
43 78
43 80
43 81
43 86
43 88
43 92
43 99
43 100
44 50
44 52
44 55
44 58
44 59
44 62
44 65
44 68
44 75
44 85
44 94
44 97
44 100
45 46
45 64
45 75
45 79
45 80
45 81
45 89
46 51
46 62
46 67
46 69
46 72
46 84
46 99
47 57
47 92
47 94
48 51
48 57
48 58
48 72
48 79
48 90
49 55
49 56
49 65
49 76
49 86
49 96
49 97
50 55
50 58
50 63
50 89
50 94
50 96
51 56
51 57
51 58
51 62
51 74
51 93
51 94
51 95
52 69
52 74
52 84
52 85
52 90
52 98
53 58
53 67
53 68
53 87
53 94
54 55
54 61
54 72
54 86
55 56
55 58
55 77
55 87
55 91
55 100
56 66
56 71
56 81
56 82
56 92
57 65
57 67
57 76
57 79
57 84
58 64
58 77
58 84
58 95
58 96
59 62
59 77
59 87
59 90
59 94
60 67
60 85
60 92
61 64
61 65
61 69
61 70
61 83
62 68
62 74
62 89
62 97
63 64
63 77
63 78
63 92
63 93
63 97
64 65
64 73
64 83
65 68
65 78
65 86
65 89
65 92
65 98
65 100
66 69
66 85
66 94
66 95
66 99
67 78
67 80
67 83
67 87
67 93
67 94
67 98
68 75
68 88
68 89
68 93
68 96
69 95
70 73
70 82
70 91
71 73
71 75
72 74
72 82
72 93
73 76
73 77
73 89
73 94
73 99
74 75
74 76
74 80
74 90
74 96
74 98
74 99
76 79
76 90
77 88
77 89
77 91
78 87
78 99
79 82
79 96
79 99
80 81
80 92
80 95
80 98
81 82
82 84
82 90
82 97
83 94
83 97
84 88
84 92
84 93
84 99
85 100
86 87
86 88
86 100
89 92
89 95
90 96
91 94
92 94
92 95
92 96
92 99
93 100
94 95
94 96
95 99
