475 4566
1 10
1 44
1 84
1 92
1 97
1 131
1 165
1 241
1 275
1 282
1 294
1 301
1 366
1 368
1 373
1 381
1 396
1 464
2 47
2 53
2 65
2 107
2 115
2 161
2 179
2 180
2 184
2 196
2 247
2 312
2 321
2 332
2 337
2 350
2 435
2 458
3 38
3 77
3 84
3 108
3 171
3 188
3 211
3 266
3 312
3 361
3 370
3 392
3 437
3 445
3 446
3 462
4 17
4 42
4 45
4 62
4 80
4 86
4 105
4 126
4 164
4 189
4 260
4 267
4 273
4 294
4 295
4 313
4 334
4 338
4 344
4 408
4 425
5 27
5 36
5 48
5 63
5 84
5 89
5 131
5 145
5 147
5 182
5 237
5 242
5 272
5 371
5 374
5 376
5 413
5 414
5 437
5 439
5 442
5 456
5 460
6 56
6 83
6 87
6 90
6 104
6 107
6 123
6 139
6 171
6 177
6 210
6 221
6 274
6 379
6 385
6 407
6 408
6 424
6 440
7 17
7 42
7 66
7 70
7 164
7 220
7 251
7 252
7 259
7 267
7 314
7 317
7 356
7 372
7 429
7 444
7 449
7 464
8 16
8 43
8 72
8 83
8 91
8 117
8 133
8 143
8 170
8 178
8 201
8 256
8 276
8 341
8 359
8 380
8 388
8 431
8 438
9 42
9 107
9 117
9 166
9 174
9 182
9 225
9 229
9 233
9 235
9 239
9 249
9 306
9 397
9 401
9 421
9 424
9 431
9 442
9 443
9 447
9 457
9 474
10 25
10 29
10 49
10 67
10 104
10 118
10 125
10 141
10 152
10 237
10 266
10 280
10 319
10 324
10 353
10 397
10 409
10 421
11 25
11 63
11 86
11 107
11 109
11 117
11 180
11 193
11 201
11 241
11 335
11 337
11 378
11 391
11 434
11 436
11 444
11 468
11 474
12 66
12 76
12 132
12 133
12 141
12 217
12 252
12 261
12 269
12 292
12 299
12 355
12 364
12 378
12 393
12 420
12 443
12 461
12 469
13 23
13 81
13 85
13 93
13 152
13 193
13 205
13 259
13 291
13 315
13 327
13 400
13 428
13 463
14 63
14 68
14 134
14 157
14 159
14 219
14 228
14 303
14 333
14 413
14 426
14 448
15 47
15 56
15 62
15 75
15 112
15 169
15 244
15 276
15 281
15 303
15 343
15 354
15 355
15 361
15 397
15 415
15 455
16 56
16 69
16 141
16 183
16 205
16 206
16 210
16 225
16 422
16 428
16 449
16 464
16 469
16 470
17 50
17 57
17 82
17 95
17 208
17 266
17 282
17 283
17 284
17 286
17 302
17 326
17 437
17 443
17 444
17 468
17 469
18 30
18 44
18 45
18 68
18 69
18 83
18 111
18 118
18 137
18 171
18 175
18 194
18 215
18 245
18 264
18 322
18 343
18 357
18 417
18 458
18 472
19 25
19 48
19 59
19 99
19 158
19 176
19 180
19 190
19 225
19 236
19 246
19 252
19 261
19 293
19 295
19 316
19 354
19 395
19 434
20 67
20 68
20 76
20 77
20 91
20 118
20 137
20 172
20 181
20 187
20 204
20 230
20 238
20 248
20 268
20 274
20 277
20 284
20 368
20 384
20 386
20 391
20 403
20 407
20 441
21 32
21 108
21 120
21 147
21 176
21 206
21 215
21 218
21 229
21 232
21 275
21 341
21 348
21 385
21 392
21 398
21 406
21 433
21 450
21 456
21 468
22 46
22 79
22 120
22 138
22 159
22 161
22 166
22 191
22 201
22 223
22 234
22 246
22 249
22 265
22 367
22 391
22 401
22 410
22 445
22 471
23 46
23 75
23 95
23 99
23 105
23 109
23 113
23 156
23 169
23 177
23 178
23 189
23 223
23 230
23 254
23 270
23 292
23 336
23 349
23 401
23 414
23 420
23 448
23 449
23 451
24 27
24 38
24 59
24 66
24 73
24 135
24 142
24 192
24 233
24 241
24 254
24 255
24 275
24 301
24 344
24 386
24 387
24 407
24 469
25 50
25 51
25 92
25 94
25 159
25 167
25 225
25 232
25 241
25 283
25 318
25 329
25 346
25 365
25 462
25 464
26 60
26 112
26 118
26 137
26 155
26 178
26 183
26 197
26 233
26 260
26 279
26 286
26 289
26 310
26 329
26 335
26 371
26 390
26 427
26 447
27 29
27 67
27 89
27 109
27 126
27 138
27 183
27 211
27 223
27 226
27 251
27 253
27 281
27 298
27 321
27 327
27 339
27 351
27 368
27 369
27 397
27 411
27 444
27 451
27 454
27 463
28 31
28 37
28 133
28 135
28 136
28 180
28 193
28 222
28 231
28 272
28 301
28 338
28 360
28 383
28 384
28 400
28 420
28 459
29 49
29 53
29 67
29 69
29 106
29 206
29 231
29 236
29 250
29 262
29 298
29 299
29 323
29 325
29 418
30 60
30 109
30 185
30 197
30 199
30 230
30 277
30 297
30 315
30 320
30 324
30 330
30 348
30 351
30 382
30 383
30 384
30 396
30 419
30 432
30 451
30 468
30 469
31 71
31 86
31 87
31 106
31 155
31 224
31 245
31 247
31 311
31 317
31 342
31 348
31 351
31 366
31 370
31 396
31 412
31 419
31 432
31 454
31 456
32 33
32 38
32 73
32 79
32 87
32 150
32 190
32 244
32 263
32 292
32 294
32 297
32 323
32 336
32 339
32 384
32 390
32 438
32 444
32 468
33 44
33 45
33 59
33 77
33 81
33 139
33 162
33 167
33 187
33 212
33 217
33 220
33 221
33 241
33 264
33 280
33 319
33 366
33 374
33 379
33 410
33 449
34 67
34 75
34 122
34 179
34 186
34 198
34 239
34 260
34 333
34 354
34 404
34 473
34 474
35 39
35 46
35 48
35 70
35 88
35 97
35 106
35 140
35 172
35 183
35 196
35 209
35 263
35 272
35 274
35 313
35 368
35 374
35 381
35 389
35 454
36 48
36 61
36 87
36 94
36 107
36 142
36 148
36 169
36 181
36 183
36 235
36 239
36 262
36 278
36 304
36 362
36 368
36 371
36 373
36 376
36 382
36 385
36 397
36 409
36 414
36 460
37 67
37 75
37 157
37 162
37 166
37 169
37 171
37 191
37 269
37 308
37 452
37 464
38 75
38 104
38 137
38 146
38 152
38 166
38 181
38 206
38 280
38 289
38 297
38 333
38 343
38 359
38 369
38 402
38 449
38 465
38 468
39 49
39 58
39 78
39 99
39 120
39 129
39 144
39 189
39 197
39 206
39 211
39 217
39 251
39 260
39 284
39 302
39 324
39 335
39 422
40 43
40 59
40 75
40 83
40 112
40 143
40 148
40 166
40 172
40 174
40 179
40 181
40 183
40 211
40 224
40 231
40 232
40 246
40 269
40 312
40 333
40 344
40 349
40 437
40 473
41 91
41 136
41 137
41 139
41 141
41 149
41 151
41 166
41 190
41 212
41 252
41 253
41 259
41 287
41 319
41 348
41 350
41 402
41 430
41 432
41 471
42 77
42 88
42 123
42 129
42 130
42 143
42 147
42 160
42 169
42 186
42 187
42 232
42 239
42 249
42 374
42 421
42 432
43 46
43 54
43 72
43 92
43 102
43 108
43 152
43 178
43 184
43 198
43 212
43 246
43 274
43 318
43 329
43 352
43 365
43 372
43 400
43 456
43 475
44 79
44 105
44 213
44 221
44 232
44 285
44 302
44 323
44 358
44 458
44 473
45 113
45 132
45 138
45 159
45 162
45 189
45 206
45 241
45 281
45 362
45 400
45 429
45 446
45 454
45 475
46 115
46 177
46 180
46 182
46 188
46 189
46 192
46 213
46 216
46 305
46 306
46 310
46 341
46 377
46 380
46 382
46 393
46 416
46 475
47 53
47 57
47 75
47 81
47 83
47 150
47 186
47 234
47 242
47 246
47 247
47 258
47 272
47 287
47 326
47 329
47 335
47 402
47 408
47 472
48 67
48 91
48 93
48 100
48 103
48 156
48 157
48 179
48 238
48 244
48 246
48 252
48 274
48 288
48 291
48 296
48 317
48 354
48 366
48 400
48 415
48 425
49 110
49 131
49 148
49 155
49 160
49 233
49 283
49 381
49 388
49 436
49 453
49 458
49 473
50 56
50 73
50 84
50 104
50 116
50 177
50 180
50 204
50 211
50 225
50 234
50 248
50 261
50 341
50 372
50 392
50 441
50 443
50 454
51 91
51 93
51 95
51 140
51 148
51 167
51 210
51 256
51 263
51 291
51 347
51 403
51 430
52 75
52 105
52 137
52 143
52 213
52 259
52 311
52 325
52 351
52 355
52 365
52 383
52 414
52 430
52 436
52 450
53 72
53 83
53 86
53 148
53 167
53 189
53 191
53 286
53 326
53 337
53 346
53 361
53 383
53 407
53 409
53 410
53 416
53 426
53 442
53 470
54 58
54 67
54 76
54 102
54 103
54 105
54 106
54 123
54 133
54 203
54 246
54 247
54 255
54 368
54 386
54 398
54 439
54 452
55 62
55 79
55 90
55 117
55 121
55 134
55 137
55 166
55 203
55 204
55 213
55 221
55 245
55 273
55 340
55 383
55 442
55 446
55 447
55 466
55 470
55 473
56 88
56 110
56 119
56 129
56 158
56 169
56 224
56 240
56 254
56 264
56 266
56 272
56 283
56 318
56 341
56 353
56 370
57 124
57 165
57 183
57 212
57 214
57 224
57 245
57 272
57 331
57 337
57 379
57 384
57 390
57 403
57 472
58 89
58 95
58 141
58 170
58 200
58 229
58 240
58 252
58 256
58 337
58 342
58 357
58 366
58 380
58 400
58 419
59 72
59 83
59 117
59 219
59 255
59 264
59 269
59 281
59 290
59 297
59 320
59 342
59 346
59 369
59 373
59 418
59 429
60 106
60 126
60 153
60 180
60 216
60 245
60 252
60 303
60 328
60 333
60 345
60 380
60 382
60 431
60 434
61 68
61 103
61 104
61 127
61 160
61 166
61 174
61 176
61 191
61 205
61 213
61 229
61 274
61 292
61 350
61 358
61 400
61 415
61 423
61 454
62 70
62 96
62 105
62 112
62 116
62 125
62 173
62 217
62 250
62 282
62 313
62 315
62 318
62 323
62 333
62 338
62 409
63 74
63 97
63 109
63 110
63 119
63 120
63 144
63 159
63 193
63 279
63 289
63 306
63 335
63 367
63 408
63 435
63 436
64 91
64 92
64 101
64 111
64 120
64 244
64 249
64 321
64 349
64 395
64 428
64 437
64 460
64 471
65 133
65 135
65 141
65 155
65 166
65 170
65 171
65 196
65 278
65 297
65 299
65 329
65 335
65 338
65 346
65 351
65 356
65 379
65 385
65 404
65 407
65 424
65 468
65 473
66 67
66 82
66 140
66 146
66 202
66 267
66 270
66 294
66 297
66 300
66 318
66 330
66 352
66 364
66 442
66 444
66 453
67 88
67 105
67 190
67 194
67 206
67 279
67 285
67 286
67 299
67 310
67 345
67 395
67 456
67 468
68 95
68 132
68 213
68 229
68 255
68 268
68 270
68 279
68 315
68 350
68 358
68 380
68 382
68 402
68 447
68 474
69 83
69 87
69 89
69 92
69 106
69 142
69 159
69 171
69 198
69 203
69 253
69 264
69 270
69 297
69 317
69 324
69 338
69 426
69 471
70 108
70 143
70 144
70 168
70 202
70 260
70 321
70 338
70 394
70 400
70 428
70 432
71 112
71 113
71 114
71 158
71 181
71 190
71 191
71 328
71 368
71 385
71 386
71 419
71 422
72 85
72 95
72 110
72 139
72 147
72 151
72 158
72 168
72 184
72 224
72 234
72 265
72 271
72 321
72 359
72 417
72 421
72 434
72 456
73 123
73 142
73 205
73 240
73 258
73 279
73 305
73 306
73 308
73 332
73 337
73 359
73 370
73 379
73 398
73 410
73 448
73 460
74 77
74 152
74 153
74 160
74 180
74 204
74 214
74 222
74 234
74 259
74 285
74 286
74 365
74 402
75 111
75 127
75 130
75 162
75 182
75 195
75 196
75 242
75 329
75 344
75 348
75 355
75 389
75 395
75 401
75 424
75 447
76 125
76 179
76 191
76 198
76 204
76 213
76 223
76 258
76 264
76 296
76 318
76 346
76 403
76 417
77 102
77 163
77 216
77 249
77 256
77 261
77 263
77 280
77 291
77 308
77 432
77 434
77 444
77 449
77 456
77 459
77 462
78 104
78 248
78 258
78 270
78 296
78 352
78 388
78 425
78 449
78 456
79 153
79 172
79 178
79 187
79 197
79 206
79 241
79 283
79 298
79 321
79 328
79 365
79 378
79 418
79 426
79 444
79 467
79 470
80 150
80 156
80 171
80 250
80 277
80 284
80 335
80 409
80 417
80 419
80 438
81 84
81 94
81 97
81 99
81 104
81 113
81 149
81 159
81 160
81 187
81 201
81 211
81 212
81 294
81 311
81 356
81 400
81 457
81 462
81 464
82 142
82 143
82 152
82 189
82 234
82 235
82 267
82 272
82 273
82 283
82 329
82 341
82 345
82 370
82 415
82 432
82 450
82 463
82 468
83 86
83 108
83 115
83 134
83 147
83 150
83 153
83 158
83 196
83 250
83 284
83 308
83 311
83 329
83 371
83 385
83 396
83 445
83 472
84 110
84 187
84 279
84 280
84 295
84 333
84 364
84 371
84 376
84 404
84 461
85 92
85 132
85 139
85 140
85 153
85 183
85 189
85 242
85 250
85 251
85 256
85 258
85 274
85 281
85 284
85 316
85 317
85 344
85 350
85 352
85 365
85 399
85 405
85 423
86 89
86 110
86 178
86 193
86 197
86 227
86 250
86 252
86 294
86 323
86 355
86 394
87 101
87 122
87 160
87 165
87 210
87 213
87 238
87 245
87 289
87 327
87 333
87 381
87 402
87 405
87 407
87 414
87 415
87 455
88 127
88 131
88 150
88 156
88 181
88 213
88 232
88 237
88 241
88 253
88 277
88 285
88 311
88 322
88 453
89 111
89 113
89 120
89 123
89 154
89 161
89 164
89 165
89 196
89 215
89 242
89 253
89 270
89 307
89 340
89 433
90 98
90 115
90 220
90 228
90 280
90 286
90 297
90 313
90 395
91 94
91 99
91 138
91 147
91 230
91 244
91 264
91 319
91 368
91 432
91 470
91 475
92 103
92 105
92 153
92 154
92 168
92 171
92 185
92 186
92 226
92 246
92 267
92 295
92 309
92 320
92 338
92 343
92 360
92 364
92 411
92 460
93 108
93 212
93 263
93 272
93 285
93 303
93 381
93 385
93 386
93 395
93 422
94 104
94 107
94 139
94 163
94 206
94 286
94 308
94 346
94 377
94 409
94 442
94 445
95 110
95 175
95 183
95 239
95 254
95 256
95 278
95 328
95 342
95 366
95 422
95 466
95 468
96 101
96 103
96 139
96 163
96 178
96 181
96 243
96 319
96 334
96 347
96 349
96 402
96 429
96 461
96 474
97 116
97 136
97 151
97 157
97 203
97 250
97 256
97 345
97 361
97 396
97 438
98 124
98 157
98 203
98 215
98 238
98 241
98 291
98 295
98 318
98 327
98 335
98 351
98 356
98 368
98 387
98 417
99 113
99 170
99 182
99 215
99 312
99 370
99 445
100 108
100 150
100 197
100 220
100 265
100 269
100 321
100 379
100 425
100 454
100 463
100 469
101 113
101 125
101 151
101 158
101 164
101 172
101 221
101 227
101 230
101 286
101 291
101 335
101 354
101 358
101 410
101 413
101 425
101 449
102 108
102 154
102 159
102 174
102 296
102 311
102 334
102 343
102 388
102 413
102 414
102 471
103 157
103 171
103 183
103 188
103 223
103 229
103 268
103 298
103 305
103 329
103 339
103 345
103 352
103 401
103 448
103 466
103 468
104 106
104 110
104 131
104 136
104 197
104 246
104 290
104 310
104 320
104 321
104 338
104 379
104 386
104 390
104 394
104 410
104 416
105 110
105 127
105 157
105 160
105 173
105 188
105 206
105 212
105 259
105 295
105 332
105 334
105 343
105 348
105 402
105 420
105 422
105 445
105 448
105 471
106 122
106 219
106 238
106 246
106 266
106 278
106 279
106 293
106 306
106 334
106 434
106 440
107 108
107 113
107 127
107 140
107 156
107 168
107 230
107 257
107 323
107 345
107 347
107 381
107 392
107 412
107 440
108 140
108 143
108 149
108 219
108 236
108 264
108 287
108 305
108 321
108 424
108 427
108 466
108 474
109 123
109 128
109 158
109 306
109 308
109 322
109 330
109 336
109 405
109 413
110 151
110 164
110 171
110 173
110 176
110 185
110 204
110 209
110 213
110 258
110 270
110 287
110 349
110 350
110 372
110 373
110 423
111 172
111 197
111 201
111 233
111 247
111 263
111 305
111 308
111 325
111 345
111 365
111 391
111 401
111 403
111 432
111 440
111 472
111 474
112 227
112 228
112 229
112 244
112 329
112 351
112 406
112 418
112 424
113 148
113 152
113 230
113 250
113 257
113 263
113 284
113 342
113 368
113 412
113 463
113 470
114 125
114 133
114 146
114 194
114 197
114 205
114 281
114 314
114 371
114 397
114 404
114 452
114 472
115 123
115 144
115 150
115 157
115 174
115 176
115 187
115 191
115 195
115 218
115 223
115 253
115 297
115 318
115 320
115 383
115 424
115 437
116 129
116 163
116 244
116 250
116 274
116 284
116 299
116 307
116 380
116 386
116 463
116 474
117 192
117 215
117 231
117 292
117 419
117 433
117 475
118 135
118 152
118 192
118 232
118 238
118 249
118 275
118 308
118 322
118 343
118 347
118 377
118 397
118 416
118 465
119 121
119 131
119 141
119 169
119 171
119 175
119 209
119 290
119 328
119 348
119 398
119 412
120 122
120 124
120 138
120 213
120 219
120 332
120 359
120 364
120 377
120 399
120 403
120 409
120 456
121 148
121 175
121 205
121 208
121 211
121 216
121 270
121 291
121 301
121 306
121 314
121 316
121 340
121 369
121 433
121 448
121 467
122 165
122 227
122 234
122 273
122 289
122 292
122 331
122 354
122 370
122 381
122 406
122 412
122 463
122 471
123 177
123 195
123 204
123 224
123 237
123 277
123 288
123 358
123 386
123 439
123 469
124 125
124 129
124 152
124 166
124 193
124 230
124 258
124 317
124 328
124 370
124 410
124 411
124 445
124 466
125 135
125 193
125 222
125 233
125 249
125 254
125 275
125 280
125 286
125 315
125 317
125 321
125 391
125 399
125 408
125 430
125 453
126 139
126 155
126 159
126 169
126 210
126 215
126 217
126 226
126 255
126 263
126 264
126 295
126 315
126 317
126 438
126 451
126 455
126 472
127 139
127 165
127 210
127 301
127 315
127 346
127 384
127 390
127 411
127 433
127 465
128 165
128 174
128 179
128 190
128 211
128 281
128 292
128 297
128 301
128 326
128 329
128 346
128 348
128 442
129 149
129 150
129 173
129 180
129 187
129 282
129 293
129 298
129 308
129 311
129 320
129 348
129 436
129 462
130 167
130 168
130 189
130 199
130 222
130 252
130 275
130 282
130 286
130 314
130 320
130 326
130 347
130 361
130 368
130 375
130 380
130 381
130 389
130 398
130 430
130 439
130 470
131 152
131 191
131 200
131 201
131 230
131 256
131 267
131 290
131 294
131 300
131 309
131 367
131 375
131 399
131 402
131 452
132 194
132 195
132 209
132 266
132 288
132 293
132 310
132 324
132 341
132 342
132 366
132 385
132 389
132 399
132 442
132 457
132 463
132 475
133 163
133 215
133 221
133 223
133 230
133 251
133 256
133 273
133 294
133 311
133 319
133 321
133 353
133 359
133 376
133 403
133 445
133 459
133 469
134 170
134 171
134 200
134 215
134 272
134 280
134 290
134 307
134 337
134 355
134 376
134 402
134 423
134 427
134 455
134 461
134 465
135 164
135 176
135 192
135 226
135 261
135 288
135 309
135 312
135 313
135 322
135 341
135 364
135 410
135 411
135 421
136 146
136 151
136 172
136 226
136 234
136 433
137 142
137 213
137 233
137 278
137 307
137 389
137 417
137 467
138 150
138 225
138 262
138 269
138 284
138 285
138 323
138 325
138 329
138 332
138 352
138 363
138 381
138 393
138 398
138 439
139 207
139 215
139 232
139 265
139 272
139 279
139 290
139 345
139 351
139 368
139 398
139 454
140 147
140 149
140 184
140 229
140 262
140 270
140 308
140 318
140 329
140 335
140 395
140 448
141 145
141 190
141 220
141 255
141 257
141 304
141 379
141 446
141 451
142 160
142 179
142 198
142 214
142 242
142 287
142 311
142 335
142 337
142 349
142 356
142 428
142 450
142 451
142 467
143 151
143 214
143 236
143 241
143 258
143 263
143 341
143 345
143 389
143 403
143 437
143 441
143 469
144 203
144 233
144 257
144 270
144 281
144 284
144 289
144 327
144 330
144 337
144 344
144 350
144 392
144 434
144 464
144 472
145 211
145 226
145 270
145 277
145 301
145 317
146 189
146 239
146 247
146 257
146 268
146 273
146 278
146 300
146 345
146 363
146 380
146 415
146 435
146 456
147 261
147 290
147 301
147 313
147 322
147 350
147 356
147 371
147 385
147 406
147 409
147 422
147 448
148 156
148 157
148 162
148 173
148 201
148 220
148 224
148 317
148 336
148 369
148 381
148 384
148 388
148 389
149 151
149 158
149 222
149 249
149 260
149 272
149 292
149 386
149 415
149 419
149 421
149 430
150 170
150 192
150 203
150 208
150 222
150 250
150 264
150 287
150 289
150 302
150 309
150 346
150 357
150 359
150 365
150 371
150 419
151 189
151 199
151 213
151 236
151 240
151 353
151 363
152 153
152 194
152 210
152 236
152 253
152 274
152 282
152 284
152 293
152 311
152 340
152 392
152 469
152 470
153 230
153 238
153 287
153 289
153 314
153 322
153 334
153 342
153 385
153 451
153 457
154 156
154 162
154 167
154 171
154 183
154 208
154 212
154 225
154 315
154 317
154 334
154 408
154 426
154 449
154 451
154 455
154 465
155 174
155 218
155 224
155 229
155 294
155 313
155 325
155 334
155 346
155 351
155 356
155 379
155 391
155 393
155 426
155 440
156 166
156 188
156 195
156 216
156 250
156 255
156 259
156 320
156 336
156 429
156 437
157 163
157 191
157 220
157 241
157 252
157 257
157 261
157 303
157 319
157 331
157 332
157 346
157 362
157 393
157 413
157 416
157 434
157 445
158 206
158 235
158 278
158 333
158 394
158 411
158 416
158 426
158 446
158 461
159 160
159 164
159 197
159 207
159 220
159 234
159 236
159 252
159 286
159 306
159 317
159 322
159 342
159 378
159 438
160 168
160 184
160 213
160 215
160 238
160 256
160 262
160 309
160 337
160 367
160 368
160 437
160 440
160 464
161 168
161 174
161 215
161 243
161 289
161 298
161 299
161 311
161 339
161 346
161 353
161 354
161 359
161 394
161 448
161 450
162 203
162 212
162 217
162 229
162 269
162 296
162 323
162 381
162 392
162 408
162 449
163 192
163 215
163 228
163 242
163 277
163 328
163 333
163 359
163 368
163 421
163 451
163 472
164 167
164 176
164 195
164 206
164 223
164 257
164 264
164 266
164 267
164 303
164 339
164 363
164 392
164 409
165 166
165 177
165 179
165 204
165 244
165 260
165 294
165 299
165 341
165 347
165 381
165 434
165 444
166 230
166 231
166 268
166 287
166 337
166 356
166 402
166 410
166 411
166 414
166 425
166 435
166 454
167 173
167 182
167 201
167 243
167 313
167 366
167 375
167 397
167 467
168 183
168 259
168 275
168 294
168 305
168 312
168 353
168 375
168 446
168 458
169 170
169 183
169 208
169 212
169 214
169 265
169 288
169 302
169 373
169 429
170 242
170 250
170 285
170 305
170 308
170 353
170 433
170 443
170 454
170 470
171 228
171 259
171 401
171 462
172 201
172 219
172 233
172 243
172 257
172 297
172 307
172 313
172 356
172 367
172 377
172 384
172 390
172 399
172 422
172 462
173 210
173 267
173 303
173 308
173 332
173 380
173 398
173 399
173 445
173 452
174 217
174 239
174 240
174 247
174 255
174 261
174 287
174 296
174 297
174 299
174 303
174 324
174 354
174 358
174 363
174 393
174 428
174 460
175 204
175 218
175 219
175 222
175 343
175 361
175 363
175 369
175 439
175 468
176 237
176 243
176 275
176 285
176 303
176 340
176 405
176 471
176 474
177 186
177 191
177 235
177 237
177 243
177 250
177 279
177 285
177 299
177 307
177 372
177 421
177 438
177 475
178 204
178 244
178 248
178 295
178 323
178 343
178 355
178 371
178 375
178 388
178 396
178 428
178 463
179 183
179 196
179 224
179 290
179 342
179 365
179 366
179 402
179 418
179 424
179 429
179 435
179 465
180 199
180 200
180 201
180 226
180 230
180 235
180 378
180 423
180 428
181 187
181 210
181 264
181 326
181 327
181 337
181 345
181 383
181 385
181 392
181 399
181 415
181 430
182 197
182 199
182 216
182 229
182 230
182 240
182 271
182 282
182 343
182 355
182 369
182 388
182 399
182 442
183 214
183 222
183 244
183 247
183 264
183 269
183 297
183 301
183 303
183 350
184 213
184 216
184 228
184 236
184 251
184 271
184 318
184 321
184 343
184 379
184 419
184 427
185 205
185 206
185 220
185 245
185 274
185 292
185 343
185 355
185 363
185 405
185 446
185 467
186 239
186 246
186 269
186 290
186 303
186 304
186 355
186 391
186 392
186 415
186 420
186 439
187 200
187 202
187 235
187 253
187 278
187 288
187 293
187 322
187 360
187 385
187 389
187 393
187 458
188 201
188 207
188 213
188 243
188 259
188 308
188 330
188 343
188 365
188 409
188 412
188 413
189 192
189 197
189 206
189 227
189 237
189 271
189 277
189 317
189 390
189 425
189 426
189 446
189 447
190 192
190 220
190 224
190 241
190 242
190 267
190 306
190 383
190 396
190 397
190 400
190 468
191 210
191 222
191 223
191 230
191 238
191 252
191 362
191 379
191 401
191 412
191 434
191 441
192 197
192 244
192 259
192 266
192 297
192 299
192 306
192 307
192 321
192 339
192 363
192 369
192 386
192 470
193 199
193 213
193 215
193 263
193 266
193 270
193 334
193 349
193 370
193 414
193 429
193 448
194 228
194 252
194 262
194 274
194 304
194 328
194 349
194 362
194 374
194 379
194 414
194 423
195 236
195 264
195 270
195 288
195 294
195 303
195 304
195 314
195 317
195 326
195 361
195 366
195 370
195 411
195 425
195 436
195 439
195 444
195 447
195 464
196 202
196 242
196 269
196 279
196 356
196 363
196 411
196 474
197 208
197 304
197 312
197 332
197 361
197 363
197 381
197 385
197 432
197 447
197 459
197 471
198 212
198 267
198 293
198 296
198 306
198 312
198 313
198 356
198 383
198 388
198 407
198 409
198 453
198 460
199 207
199 227
199 249
199 291
199 303
199 385
199 392
199 399
199 419
199 431
199 436
199 453
199 460
200 218
200 228
200 241
200 245
200 257
200 276
200 295
200 318
200 319
200 344
200 350
200 392
200 395
200 402
200 403
200 407
200 426
200 441
200 449
200 470
201 227
201 230
201 264
201 294
201 296
201 307
201 316
201 362
201 377
201 394
201 417
201 445
201 453
201 472
202 217
202 243
202 261
202 267
202 319
202 326
202 431
202 453
202 456
203 307
203 328
203 349
203 365
203 378
203 402
203 421
203 423
203 440
203 467
204 219
204 227
204 251
204 274
204 282
204 296
204 313
204 348
204 352
204 361
204 368
204 398
204 416
205 215
205 249
205 266
205 278
205 326
205 346
205 355
205 357
205 367
205 384
205 387
205 427
205 438
206 271
206 276
206 289
206 314
206 324
206 331
206 352
206 354
206 362
206 376
206 381
206 383
206 402
206 444
206 470
207 208
207 239
207 336
207 353
207 358
207 371
207 380
207 381
207 430
207 467
208 237
208 240
208 241
208 256
208 258
208 347
208 380
208 387
208 396
208 407
208 455
209 222
209 227
209 238
209 298
209 318
209 360
209 372
209 407
209 434
209 437
209 460
210 231
210 256
210 269
210 301
210 323
210 354
210 408
210 410
210 451
211 299
211 325
211 330
211 391
211 394
211 396
211 419
211 432
211 435
211 437
211 447
211 459
211 474
212 245
212 248
212 265
212 306
212 325
212 331
212 332
212 348
212 408
212 444
212 462
213 221
213 225
213 248
213 292
213 327
213 379
213 394
213 451
214 230
214 236
214 239
214 240
214 249
214 317
214 322
214 328
214 343
214 375
214 395
214 413
214 442
214 453
214 465
215 254
215 267
215 280
215 314
215 317
215 368
215 378
215 407
215 411
215 420
215 421
215 433
215 443
215 449
215 459
215 466
215 468
216 219
216 224
216 252
216 276
216 282
216 317
216 319
216 335
216 401
216 432
216 467
217 239
217 256
217 320
217 326
217 379
217 388
217 391
217 415
217 454
217 456
218 226
218 229
218 245
218 276
218 287
218 310
218 327
218 356
218 378
218 384
218 408
218 420
218 432
218 441
218 457
219 221
219 242
219 251
219 347
219 379
219 380
219 399
219 442
219 473
220 231
220 280
220 312
220 325
220 371
220 404
220 424
220 442
221 227
221 231
221 240
221 243
221 251
221 278
221 279
221 281
221 299
221 374
221 405
221 420
221 439
221 445
222 240
222 256
222 258
222 305
222 306
222 308
222 314
222 344
222 358
222 369
222 395
222 406
222 414
222 428
222 442
222 445
222 463
222 475
223 229
223 306
223 323
223 366
223 390
223 397
223 415
223 420
223 425
223 472
224 225
224 235
224 265
224 273
224 280
224 289
224 311
224 457
224 463
224 472
225 235
225 240
225 275
225 284
225 288
225 344
225 425
225 470
226 250
226 256
226 262
226 282
226 288
226 319
226 334
226 347
226 359
226 398
226 401
226 423
227 234
227 261
227 308
227 322
227 348
227 363
227 382
227 436
227 438
228 259
228 260
228 269
228 270
228 295
228 296
228 299
228 316
228 345
228 366
228 385
228 425
228 441
229 245
229 268
229 291
229 306
229 324
229 363
229 390
229 417
229 423
229 431
230 264
230 305
230 309
230 327
230 401
230 413
230 418
230 434
230 435
231 260
231 292
231 318
231 334
231 385
231 410
231 425
231 461
232 297
232 309
232 310
232 357
232 375
232 378
232 387
232 393
232 426
232 437
233 239
233 291
233 303
233 343
233 367
233 407
233 467
233 470
234 253
234 347
234 348
234 379
235 239
235 271
235 286
235 304
235 313
235 334
235 390
235 413
235 445
236 259
236 290
236 298
236 317
236 349
236 385
236 392
236 419
236 436
236 442
236 467
236 474
237 278
237 296
237 301
237 336
237 351
237 369
237 410
237 413
237 430
237 445
237 457
237 463
238 239
238 262
238 282
238 299
238 320
238 350
238 389
238 394
238 406
238 453
238 463
239 277
239 327
239 399
239 406
239 420
239 437
239 442
239 449
240 325
240 353
240 369
240 374
240 454
240 457
240 458
241 257
241 269
241 273
241 330
241 346
241 417
241 423
241 433
241 450
242 257
242 279
242 325
242 387
242 429
242 441
242 449
242 450
243 263
243 272
243 294
243 333
243 356
243 369
243 396
243 437
243 445
243 453
243 459
243 472
244 288
244 295
244 314
244 334
244 372
244 382
244 421
244 437
244 457
244 466
245 264
245 266
245 272
245 274
245 334
245 349
245 376
245 392
245 394
245 427
245 455
245 458
246 261
246 295
246 297
246 323
246 355
246 371
246 427
246 428
246 430
246 438
246 451
247 282
247 285
247 296
247 307
247 312
247 319
247 347
247 358
247 440
248 262
248 265
248 276
248 289
248 337
248 381
248 435
249 254
249 289
249 308
249 368
249 385
249 447
249 465
250 289
250 336
250 345
250 396
250 398
251 293
251 322
251 332
251 349
251 404
251 454
251 465
252 275
252 310
252 316
252 363
252 366
252 372
252 441
252 455
252 461
252 464
252 474
253 261
253 266
253 338
253 354
253 368
253 414
253 429
253 460
254 290
254 340
254 344
254 369
254 374
254 470
255 262
255 278
255 332
255 369
255 390
255 396
255 417
255 462
255 464
256 306
256 316
256 342
256 350
256 393
256 425
256 431
256 438
256 443
256 462
257 319
257 331
257 371
257 400
257 425
257 430
257 433
257 434
257 442
257 444
257 446
257 459
258 336
258 347
258 434
258 456
259 277
259 280
259 379
259 388
259 395
259 400
259 415
259 458
259 462
260 272
260 305
260 322
260 360
260 377
260 433
261 271
261 288
261 329
261 373
261 394
261 401
261 413
261 416
261 426
261 459
261 461
262 266
262 270
262 345
262 354
262 356
262 402
262 405
262 424
262 432
262 459
263 290
263 332
263 337
263 341
263 379
263 385
263 420
263 444
263 464
264 310
264 317
264 330
264 339
264 340
264 342
264 375
264 404
264 420
264 436
264 440
264 443
264 453
264 455
264 461
265 268
265 272
265 300
265 314
265 339
265 374
265 381
265 418
265 453
265 471
266 284
266 305
266 306
266 321
266 326
266 340
266 378
266 380
266 381
266 410
266 430
267 270
267 321
267 341
267 361
267 398
267 458
267 470
267 472
267 474
268 393
268 398
268 402
268 420
268 426
268 456
269 287
269 360
269 444
270 308
270 326
270 330
270 361
270 363
270 378
270 437
270 440
270 465
271 283
271 286
271 317
271 335
271 428
271 440
271 447
271 458
271 462
272 303
272 305
272 316
272 334
272 363
272 389
272 390
272 400
272 430
272 434
272 452
272 455
272 459
272 464
272 466
272 470
273 286
273 294
273 300
273 316
273 339
273 354
273 391
274 277
274 285
274 432
274 441
274 449
275 304
275 314
275 457
276 293
276 298
276 328
276 380
276 383
276 433
276 459
276 463
277 302
277 350
277 392
277 406
277 441
277 466
278 285
278 331
278 332
278 340
278 355
278 389
278 427
279 318
279 323
279 339
279 370
279 415
279 445
279 469
279 471
280 292
280 298
280 312
280 317
280 348
280 379
280 388
280 457
281 282
281 285
281 298
281 331
281 391
281 398
281 427
281 435
282 283
282 324
282 325
282 359
282 367
282 370
282 389
282 407
282 412
282 428
282 465
283 287
283 305
283 320
283 436
283 438
283 439
283 447
284 302
284 315
284 331
284 336
284 350
284 356
284 384
284 393
284 403
284 412
284 422
284 426
284 429
285 287
285 288
285 300
285 321
285 331
285 341
285 352
285 354
285 393
285 413
285 419
286 335
286 340
286 353
286 367
286 395
286 429
287 325
287 346
287 435
287 449
287 470
288 303
288 310
288 357
288 365
288 370
288 388
288 393
289 293
289 296
289 333
289 403
289 411
289 414
289 449
289 458
290 291
290 292
290 317
290 345
290 353
290 359
290 369
290 390
290 398
290 400
290 442
290 457
291 325
291 462
292 363
292 371
292 387
292 394
292 408
293 309
293 317
293 321
293 323
293 344
293 370
293 390
293 405
293 416
293 441
293 463
294 334
294 405
295 315
295 372
295 405
295 406
295 414
295 417
295 420
295 426
295 460
296 321
296 323
296 403
296 421
296 440
296 456
296 460
296 470
297 303
297 307
297 317
297 396
297 429
297 470
298 300
298 307
298 331
298 366
298 416
299 357
299 376
299 382
299 399
299 416
300 345
300 358
300 413
300 430
300 433
300 458
300 465
301 313
301 342
301 353
301 358
301 376
301 386
301 414
301 450
301 467
302 344
302 353
302 383
302 390
302 419
302 432
303 325
303 355
303 356
303 362
303 423
303 456
304 343
304 368
304 402
304 449
305 313
305 360
305 363
305 374
305 393
305 446
305 475
306 336
306 360
306 362
306 368
306 378
306 388
306 396
306 417
306 470
307 337
307 392
307 444
308 345
308 346
308 377
308 407
308 433
308 458
309 315
309 338
309 365
309 399
309 454
309 461
309 465
310 319
310 324
310 344
310 351
310 362
310 404
310 442
310 452
311 312
311 397
311 398
311 399
311 409
311 420
311 445
311 450
311 462
312 315
312 334
312 340
312 346
312 368
312 380
312 417
313 348
314 327
314 367
314 372
314 383
314 385
314 413
314 440
315 371
315 409
315 421
315 431
315 442
315 458
315 469
316 324
316 351
316 380
316 412
316 419
316 437
316 466
317 325
317 341
317 349
317 357
317 411
317 447
318 376
318 403
318 450
318 474
318 475
319 326
319 357
319 427
320 326
320 333
320 338
320 375
320 380
320 429
321 358
321 382
321 412
322 326
322 366
322 392
322 433
322 465
323 363
323 387
323 404
323 418
324 328
324 331
324 406
324 426
324 446
324 448
325 334
325 368
325 405
325 429
325 454
325 469
326 340
326 401
326 409
326 428
326 470
327 354
327 373
327 394
327 411
327 458
327 475
328 332
328 353
328 390
328 404
328 428
328 429
328 466
329 334
329 341
329 360
329 372
329 378
329 408
329 424
329 427
329 431
330 333
330 377
330 393
330 436
331 340
331 380
331 383
331 426
331 428
331 430
331 436
331 451
331 465
331 475
332 340
332 341
332 344
332 400
333 351
333 386
333 448
333 449
333 460
333 463
334 335
334 346
334 405
334 440
334 456
335 344
335 349
335 411
335 412
336 377
336 424
336 433
336 447
337 338
337 376
337 388
337 398
337 426
337 445
337 449
337 469
338 343
338 400
338 407
338 459
339 346
339 378
339 406
339 431
339 450
340 351
340 354
340 396
340 402
340 466
341 412
341 438
341 440
341 455
342 362
342 374
342 411
343 358
343 393
343 402
343 419
343 425
343 433
343 452
344 370
344 390
344 425
344 456
345 390
345 401
345 405
345 416
345 458
346 356
347 386
347 388
347 395
347 396
347 440
347 468
348 369
348 390
348 463
349 359
349 365
349 388
349 415
349 421
349 427
349 429
349 432
350 362
350 386
350 392
350 427
350 456
350 464
351 402
351 408
351 412
351 474
351 475
352 385
352 444
352 458
353 359
353 385
354 453
355 365
355 449
355 458
356 384
356 419
356 428
356 431
356 455
357 383
357 391
357 410
357 417
357 422
357 424
357 447
357 460
358 441
359 380
359 391
359 409
359 456
360 407
360 439
361 399
361 407
361 411
361 475
362 364
362 371
362 407
362 441
362 451
363 368
363 386
363 403
363 405
363 457
363 459
364 378
364 380
364 409
364 430
364 460
365 388
365 394
365 398
365 416
365 424
365 441
365 475
366 419
366 425
366 457
366 464
367 411
367 436
367 471
368 378
368 401
368 425
368 436
368 454
368 470
369 376
369 395
369 421
369 423
369 428
370 408
370 424
370 471
371 389
371 399
371 413
371 439
371 444
372 385
372 432
372 468
373 397
373 437
373 450
374 398
374 406
374 418
374 454
374 464
375 420
375 448
375 455
375 467
376 380
376 403
376 410
376 428
376 467
377 385
377 423
377 473
378 381
378 415
378 416
378 426
378 437
378 455
379 393
379 466
379 473
380 387
380 389
380 390
380 393
380 395
380 451
381 394
381 399
381 426
381 446
381 457
381 474
382 439
382 444
382 452
383 422
383 439
383 440
383 466
384 416
384 454
384 472
385 429
386 396
386 406
386 414
386 439
386 453
387 465
388 420
388 443
388 456
389 415
389 428
389 435
389 457
390 415
390 418
390 435
390 441
391 431
392 442
392 468
393 394
393 413
393 447
393 458
394 407
394 409
394 467
395 399
395 404
395 409
395 428
395 438
395 466
396 429
397 419
397 457
397 463
397 471
398 436
399 426
399 443
399 457
400 424
400 447
400 462
401 429
402 440
402 444
402 446
402 459
402 473
403 412
403 425
403 430
403 436
403 444
403 446
404 405
404 407
404 435
404 443
405 407
405 447
406 425
406 437
406 450
407 423
407 430
407 441
408 462
409 422
409 423
409 438
410 433
410 459
410 472
410 473
412 450
414 438
416 438
416 442
416 464
417 453
417 464
418 442
418 455
420 425
420 463
421 423
421 429
421 439
421 442
421 455
422 449
422 450
422 454
422 458
425 427
425 439
425 445
426 433
426 467
427 443
427 455
427 469
427 474
428 433
428 439
428 444
428 470
429 439
429 449
429 463
429 474
430 445
430 456
430 470
431 462
432 471
433 454
433 458
433 465
434 443
435 465
435 467
437 450
438 461
438 467
439 441
439 468
441 448
441 466
442 446
442 449
442 461
443 457
445 459
445 460
447 449
447 451
447 469
448 464
449 468
450 461
450 464
450 465
450 471
451 458
452 470
452 473
453 464
453 475
456 472
457 467
457 468
457 473
459 470
461 464
465 472
466 468
467 475
