200 1562
1 17
1 22
1 23
1 27
1 29
1 39
1 62
1 82
1 102
1 112
1 121
1 128
1 132
1 140
1 149
1 150
1 153
1 162
1 177
1 179
1 187
1 190
2 11
2 12
2 21
2 59
2 120
2 122
2 123
2 131
2 149
2 154
2 178
2 188
3 14
3 17
3 51
3 53
3 100
3 109
3 112
3 124
3 134
3 172
3 174
3 176
3 194
3 199
4 5
4 26
4 37
4 38
4 54
4 63
4 81
4 87
4 92
4 104
4 122
4 150
4 163
4 164
4 184
4 188
5 8
5 10
5 72
5 73
5 94
5 96
5 97
5 109
5 115
5 123
5 158
5 161
5 165
5 192
6 53
6 67
6 70
6 73
6 82
6 109
6 112
6 116
6 117
6 119
6 124
6 126
6 133
6 142
6 156
6 191
7 24
7 35
7 44
7 47
7 62
7 66
7 70
7 106
7 142
7 150
7 152
7 175
7 180
7 184
7 196
8 38
8 52
8 73
8 76
8 78
8 88
8 91
8 152
8 153
8 155
8 162
8 164
8 173
8 174
8 182
9 22
9 44
9 50
9 66
9 67
9 74
9 90
9 108
9 132
9 136
9 163
9 168
9 171
10 12
10 13
10 32
10 55
10 62
10 65
10 109
10 118
10 129
10 130
10 137
10 150
10 173
10 181
10 190
10 195
11 15
11 27
11 35
11 37
11 47
11 51
11 53
11 66
11 95
11 110
11 111
11 112
11 113
11 119
11 120
11 126
11 134
11 138
11 149
11 163
11 165
11 172
11 193
11 199
12 51
12 66
12 92
12 116
12 127
12 136
12 137
12 155
12 171
12 177
12 184
12 187
13 18
13 40
13 41
13 52
13 62
13 72
13 93
13 96
13 98
13 120
13 128
13 143
13 145
13 146
13 151
13 159
13 163
13 182
13 183
13 185
13 186
14 18
14 41
14 54
14 64
14 81
14 115
14 149
14 151
14 166
14 167
14 193
15 20
15 36
15 39
15 57
15 58
15 68
15 91
15 103
15 121
15 135
15 148
15 166
15 169
16 25
16 38
16 40
16 58
16 83
16 89
16 102
16 111
16 113
16 117
16 135
16 141
16 145
16 146
16 147
16 156
16 159
16 185
16 186
16 199
17 20
17 44
17 50
17 71
17 94
17 113
17 119
17 131
17 165
17 172
17 199
18 30
18 60
18 62
18 83
18 103
18 104
18 141
18 143
18 165
18 168
18 171
18 179
18 186
19 26
19 29
19 38
19 60
19 79
19 113
19 125
19 139
19 163
19 173
19 182
19 197
20 29
20 41
20 60
20 71
20 85
20 98
20 116
20 130
20 140
20 144
20 146
20 162
20 181
20 182
21 29
21 39
21 40
21 46
21 61
21 63
21 86
21 98
21 100
21 114
21 120
21 127
21 129
21 134
21 176
22 29
22 61
22 63
22 68
22 90
22 91
22 98
22 105
22 119
22 122
22 124
22 125
22 130
22 153
22 170
22 186
22 194
22 199
23 32
23 61
23 62
23 67
23 91
23 92
23 95
23 96
23 107
23 120
23 127
23 139
23 154
23 166
23 168
23 183
23 184
24 28
24 44
24 53
24 61
24 67
24 114
24 115
25 41
25 48
25 79
25 125
25 128
25 170
25 177
25 188
25 189
25 199
26 55
26 80
26 92
26 97
26 103
26 125
26 127
26 174
26 183
26 184
26 198
27 117
27 131
27 136
27 154
27 176
28 35
28 44
28 52
28 68
28 81
28 85
28 109
28 123
28 132
28 138
28 140
28 176
28 189
29 35
29 36
29 42
29 48
29 52
29 69
29 95
29 102
29 123
29 134
29 160
29 161
29 166
29 170
29 175
30 36
30 38
30 63
30 82
30 90
30 91
30 94
30 107
30 119
30 120
30 121
30 124
30 159
30 168
30 180
31 36
31 61
31 64
31 75
31 95
31 103
31 106
31 112
31 122
31 135
31 148
31 177
31 190
31 200
32 66
32 97
32 107
32 115
32 139
32 181
32 192
32 199
33 46
33 50
33 60
33 65
33 66
33 80
33 98
33 101
33 140
33 163
33 164
33 175
33 189
33 196
33 198
34 42
34 51
34 54
34 64
34 71
34 88
34 100
34 104
34 129
34 131
34 143
34 184
34 189
34 195
35 38
35 41
35 60
35 61
35 71
35 90
35 104
35 109
35 137
35 150
35 157
35 159
35 196
35 198
36 41
36 58
36 59
36 126
36 127
36 131
36 137
36 171
37 40
37 56
37 64
37 92
37 100
37 114
37 139
37 143
37 148
37 174
37 182
37 186
37 194
37 197
38 48
38 70
38 73
38 99
38 109
38 124
38 128
38 149
38 153
38 159
38 160
39 48
39 53
39 62
39 63
39 74
39 77
39 80
39 83
39 84
39 86
39 88
39 99
39 103
39 110
39 125
39 162
39 181
39 182
40 51
40 57
40 58
40 90
40 129
41 63
41 69
41 80
41 88
41 119
41 126
41 136
41 138
41 139
41 143
41 146
41 149
41 153
41 167
41 170
41 173
42 49
42 54
42 78
42 84
42 106
42 108
42 120
42 137
42 151
42 158
42 189
43 45
43 69
43 84
43 99
43 107
43 117
43 122
43 124
43 144
43 145
43 167
43 169
43 170
44 52
44 66
44 68
44 94
44 103
44 128
44 148
44 150
44 163
44 169
44 176
44 178
44 181
44 188
45 56
45 88
45 95
45 101
45 109
45 112
45 120
45 123
45 150
45 159
45 165
45 174
45 183
45 193
45 196
46 51
46 74
46 81
46 85
46 90
46 93
46 119
46 126
46 134
46 144
46 151
46 155
46 166
46 167
46 193
47 61
47 64
47 72
47 102
47 121
47 125
47 156
47 164
47 167
47 180
47 187
48 71
48 93
48 98
48 101
48 113
48 116
48 124
48 130
48 160
48 164
48 165
48 176
48 185
48 191
48 193
48 197
49 70
49 84
49 109
49 122
49 124
49 125
49 130
49 178
49 183
50 104
50 107
50 129
50 136
50 154
50 155
50 169
50 170
50 181
50 187
51 56
51 60
51 67
51 83
51 120
51 129
51 131
51 147
51 149
51 164
51 172
51 190
52 84
52 91
52 93
52 114
52 120
52 154
52 160
52 163
52 166
52 169
52 175
52 196
52 197
52 199
53 54
53 109
53 130
53 193
53 198
53 199
54 61
54 69
54 89
54 102
54 118
54 123
54 134
54 146
54 149
54 151
54 154
54 158
54 164
55 69
55 76
55 82
55 104
55 111
55 135
55 137
55 174
55 190
55 196
56 62
56 74
56 91
56 102
56 120
56 140
56 152
56 156
56 188
57 76
57 87
57 97
57 107
57 108
57 124
57 133
57 137
57 148
57 170
57 193
58 62
58 74
58 78
58 127
58 134
58 147
58 151
58 160
58 167
59 64
59 68
59 76
59 81
59 82
59 92
59 98
59 115
59 158
59 170
59 184
59 191
59 198
60 68
60 70
60 83
60 90
60 93
60 104
60 121
60 123
60 137
60 146
60 162
60 179
60 191
60 198
61 70
61 97
61 101
61 103
61 104
61 111
61 113
61 155
61 196
62 68
62 71
62 79
62 96
62 97
62 109
62 111
62 133
62 139
62 141
62 146
62 155
62 160
62 182
62 185
62 194
63 74
63 94
63 97
63 104
63 108
63 111
63 130
63 136
63 144
63 176
63 191
63 199
64 66
64 74
64 79
64 102
64 132
64 133
64 136
64 146
64 172
64 173
64 182
64 191
64 193
65 66
65 67
65 68
65 73
65 86
65 87
65 90
65 92
65 114
65 134
65 141
65 150
65 179
65 180
65 190
66 77
66 78
66 89
66 111
66 151
67 72
67 78
67 79
67 82
67 92
67 106
67 130
67 145
67 146
67 153
67 199
68 72
68 86
68 96
68 114
68 129
68 135
68 155
68 169
68 185
69 70
69 90
69 96
69 98
69 104
69 119
69 151
69 158
69 163
69 176
69 179
69 182
69 195
70 79
70 99
70 107
70 124
70 131
70 151
70 174
70 177
70 189
70 191
71 92
71 123
71 125
71 147
71 157
71 162
71 170
71 177
71 183
72 85
72 94
72 113
72 129
72 156
73 79
73 90
73 121
73 138
73 146
73 149
73 151
73 165
73 170
73 183
73 191
74 91
74 93
74 94
74 105
74 132
74 134
74 135
74 139
74 143
74 151
74 183
74 189
75 78
75 80
75 84
75 104
75 109
75 113
75 123
75 137
75 165
75 191
75 199
76 84
76 94
76 116
76 126
76 159
76 173
76 182
76 188
77 87
77 129
77 149
77 151
77 189
78 86
78 94
78 112
78 127
78 151
78 165
78 194
79 104
79 119
79 125
79 132
79 134
79 146
79 165
79 167
79 170
79 185
79 187
80 82
80 97
80 111
80 112
80 130
80 141
80 158
80 165
80 166
80 169
80 188
81 83
81 98
81 128
81 147
81 150
81 160
82 93
82 104
82 112
82 115
82 116
82 182
82 194
83 135
83 148
83 165
83 174
84 85
84 121
84 141
84 145
84 148
84 151
84 159
84 171
84 183
84 186
85 88
85 94
85 142
85 174
85 175
85 194
85 196
86 93
86 100
86 103
86 109
86 131
86 142
86 144
86 160
86 172
87 101
87 118
87 137
87 141
87 144
87 146
87 153
87 172
87 187
87 189
88 110
88 111
88 129
88 135
88 191
88 196
89 94
89 97
89 107
89 112
89 135
89 136
89 159
89 190
89 197
90 93
90 104
90 108
90 113
90 132
90 184
91 94
91 103
91 105
91 115
91 143
91 144
91 159
92 100
92 110
92 121
92 128
92 156
92 171
92 178
92 194
93 110
93 118
93 131
93 136
93 168
93 186
93 199
94 96
94 112
94 128
94 139
94 144
94 149
94 150
94 151
94 155
94 172
94 186
95 108
95 110
95 113
95 116
95 120
95 128
95 144
95 147
95 159
95 175
95 184
95 190
96 125
96 143
96 144
96 154
96 160
96 186
97 100
97 105
97 123
97 126
97 127
97 143
97 146
97 154
97 156
97 168
97 191
98 103
98 120
98 131
98 134
98 138
98 164
98 168
98 170
98 177
98 179
98 186
98 187
98 194
99 103
99 131
99 141
99 192
100 107
100 116
100 143
100 145
100 199
100 200
101 105
101 128
101 132
101 158
101 159
101 172
101 183
101 186
101 190
102 113
102 115
102 123
102 126
102 177
102 180
102 188
102 189
102 200
103 116
104 110
104 116
104 136
104 153
104 165
104 176
104 177
104 185
104 192
105 106
105 128
105 140
105 144
105 160
105 172
105 181
105 182
105 196
106 111
106 123
106 131
106 137
106 138
106 152
106 160
106 170
106 179
106 181
107 111
107 119
107 135
107 155
107 156
107 181
107 189
107 195
107 196
107 197
107 198
108 111
108 138
108 140
108 146
108 169
108 179
108 189
108 200
109 113
109 126
109 129
109 137
109 138
109 152
109 154
109 156
109 165
109 166
109 170
109 181
110 114
110 150
110 151
110 152
110 171
111 136
111 139
111 148
111 164
111 178
111 180
111 184
111 189
111 194
112 116
112 126
112 134
112 142
112 151
112 153
112 174
112 186
112 187
112 190
113 144
113 158
113 168
113 185
113 199
114 115
114 121
114 133
114 150
114 160
114 187
114 196
115 116
115 119
115 121
115 126
115 130
115 132
115 143
115 159
115 163
115 176
115 181
115 182
115 194
115 198
116 123
116 141
116 144
116 146
116 148
116 154
116 158
116 162
116 165
116 187
116 192
117 135
117 140
117 161
117 194
118 125
118 149
118 150
118 162
118 178
118 190
119 120
119 151
119 165
119 172
119 174
119 185
119 192
119 194
120 142
120 150
120 152
120 168
121 123
121 130
121 136
121 141
121 148
121 150
121 154
121 172
121 173
121 185
122 126
122 131
122 136
122 148
122 165
122 179
122 182
122 190
124 151
124 189
124 193
124 197
125 134
125 137
125 139
125 151
125 161
125 165
125 177
125 188
125 190
125 191
126 129
126 178
127 152
127 155
127 184
127 195
128 151
128 155
128 161
128 168
128 180
128 189
129 146
129 148
129 162
129 180
129 185
130 132
130 170
130 197
131 143
132 140
132 151
132 165
132 168
132 191
133 155
133 169
133 174
133 177
133 188
133 192
133 195
134 155
134 157
134 160
134 170
135 139
135 156
135 159
135 161
135 181
135 195
136 140
136 147
136 166
136 174
136 194
137 142
137 146
137 151
137 152
137 171
137 182
137 183
138 139
138 147
138 151
138 159
138 173
138 176
138 183
138 191
139 172
139 178
140 148
140 160
140 161
140 189
141 163
141 196
142 144
142 159
142 168
142 171
142 178
142 185
143 151
143 158
143 163
143 170
143 171
143 182
143 185
143 190
143 193
144 148
144 172
145 153
145 156
145 160
145 174
145 176
145 179
146 148
146 151
146 163
146 181
146 187
146 193
147 148
147 155
147 159
147 190
147 194
148 156
148 176
148 182
148 194
149 156
149 157
149 191
150 151
150 183
151 161
151 163
151 168
151 181
151 184
152 162
152 164
152 180
152 196
153 181
153 200
154 156
154 171
154 185
155 168
155 175
155 177
155 185
156 166
156 181
156 185
156 189
157 168
157 170
157 186
158 170
159 160
159 162
159 170
159 171
159 175
159 190
160 161
160 168
160 190
160 193
162 164
162 178
162 183
163 167
163 168
163 176
163 186
164 182
164 183
164 185
164 193
164 200
165 166
165 172
165 188
166 186
166 190
167 172
167 178
167 182
167 184
167 196
167 200
168 193
168 199
169 197
170 172
170 187
170 190
171 184
172 186
172 197
173 197
174 186
175 181
175 189
175 195
176 180
176 191
176 196
177 187
177 188
177 197
178 197
179 187
179 194
179 196
180 191
181 183
181 184
181 187
181 192
181 194
184 192
184 198
185 193
185 197
185 198
186 200
187 193
190 192
190 198
192 200
194 197
197 200
