375 3440
1 3
1 9
1 41
1 52
1 105
1 107
1 112
1 137
1 147
1 199
1 230
1 271
1 294
1 340
1 349
1 355
1 374
2 6
2 24
2 44
2 59
2 61
2 63
2 77
2 86
2 89
2 138
2 151
2 155
2 193
2 200
2 229
2 233
2 256
2 357
2 362
2 366
3 6
3 21
3 42
3 49
3 157
3 161
3 171
3 203
3 205
3 246
3 248
3 308
3 315
3 320
3 342
3 344
4 8
4 28
4 39
4 44
4 60
4 61
4 74
4 75
4 120
4 175
4 216
4 225
4 226
4 231
4 270
4 278
4 332
4 333
4 340
4 355
4 358
5 19
5 69
5 97
5 117
5 128
5 140
5 150
5 178
5 196
5 223
5 243
5 247
5 255
5 263
5 268
5 276
5 326
5 333
5 351
5 357
5 368
6 20
6 53
6 66
6 68
6 70
6 81
6 121
6 133
6 138
6 172
6 247
6 289
6 327
6 334
6 339
7 19
7 45
7 79
7 89
7 94
7 109
7 110
7 118
7 140
7 145
7 147
7 163
7 171
7 182
7 244
7 258
7 264
7 298
7 313
7 329
7 353
8 29
8 40
8 43
8 146
8 149
8 186
8 192
8 233
8 270
8 283
8 327
8 332
8 373
9 53
9 70
9 92
9 94
9 149
9 150
9 163
9 208
9 254
9 292
9 318
9 319
9 333
9 345
9 353
9 369
10 37
10 79
10 117
10 134
10 145
10 147
10 154
10 157
10 168
10 172
10 184
10 190
10 214
10 256
10 325
10 359
11 73
11 103
11 122
11 128
11 176
11 208
11 240
11 241
11 244
11 266
11 292
11 324
11 326
12 59
12 71
12 75
12 95
12 109
12 114
12 141
12 157
12 189
12 192
12 210
12 213
12 235
12 249
12 277
13 40
13 44
13 49
13 83
13 86
13 101
13 109
13 159
13 170
13 213
13 233
13 236
13 257
13 267
13 271
13 286
13 311
13 341
13 353
14 20
14 29
14 38
14 80
14 85
14 99
14 110
14 113
14 122
14 157
14 173
14 182
14 194
14 211
14 229
14 301
14 346
15 20
15 47
15 51
15 60
15 68
15 73
15 74
15 85
15 108
15 120
15 124
15 153
15 159
15 171
15 189
15 215
15 220
15 241
15 256
15 268
15 271
15 296
15 299
15 301
15 306
15 310
15 316
15 361
15 367
16 80
16 97
16 114
16 127
16 170
16 171
16 180
16 203
16 216
16 241
16 252
16 299
16 301
16 309
16 314
16 328
16 335
16 347
16 349
16 364
17 21
17 29
17 57
17 60
17 69
17 106
17 108
17 137
17 146
17 155
17 163
17 181
17 194
17 198
17 212
17 236
17 250
17 271
17 317
17 325
17 332
17 366
18 55
18 127
18 154
18 168
18 169
18 170
18 183
18 198
18 267
18 299
18 313
18 323
18 324
18 330
18 350
18 361
18 363
18 366
18 367
19 43
19 47
19 87
19 99
19 103
19 105
19 113
19 126
19 137
19 142
19 186
19 221
19 258
19 278
19 282
19 336
19 339
19 344
19 353
19 370
20 33
20 54
20 121
20 168
20 175
20 279
20 286
20 290
20 322
20 362
21 87
21 95
21 139
21 185
21 205
21 214
21 217
21 218
21 247
21 288
21 301
21 318
22 24
22 27
22 33
22 55
22 67
22 71
22 79
22 82
22 96
22 168
22 220
22 221
22 273
22 318
22 322
22 326
22 338
23 33
23 50
23 53
23 74
23 78
23 158
23 165
23 179
23 200
23 220
23 232
23 238
23 259
23 270
23 273
23 310
23 328
23 329
23 330
23 333
23 365
24 48
24 60
24 138
24 231
24 243
24 251
24 264
24 272
24 276
24 277
24 334
24 364
24 365
25 30
25 45
25 49
25 50
25 52
25 54
25 60
25 61
25 74
25 98
25 116
25 151
25 174
25 186
25 256
25 277
25 298
25 305
25 309
25 338
25 362
25 366
25 375
26 55
26 57
26 65
26 100
26 129
26 148
26 157
26 168
26 197
26 225
26 250
26 269
26 345
26 349
26 360
26 365
27 38
27 51
27 59
27 69
27 72
27 78
27 117
27 152
27 157
27 171
27 198
27 254
27 267
27 277
27 304
28 40
28 48
28 75
28 86
28 110
28 118
28 120
28 141
28 206
28 213
28 265
28 346
28 363
29 47
29 49
29 58
29 72
29 104
29 129
29 152
29 161
29 192
29 197
29 209
29 249
29 325
29 331
29 333
30 46
30 49
30 60
30 68
30 109
30 133
30 139
30 150
30 171
30 180
30 188
30 193
30 214
30 220
30 228
30 231
30 242
30 262
30 270
30 276
30 289
30 301
30 328
30 344
30 346
30 354
30 365
31 56
31 68
31 82
31 129
31 303
31 327
31 330
31 336
31 349
31 361
31 364
31 366
32 78
32 83
32 93
32 116
32 117
32 120
32 154
32 179
32 192
32 217
32 250
32 276
32 281
32 292
32 327
32 331
32 352
32 367
33 56
33 71
33 103
33 116
33 141
33 151
33 162
33 170
33 188
33 196
33 198
33 200
33 264
33 271
33 274
33 277
33 278
33 286
33 294
33 305
33 342
33 358
34 78
34 107
34 140
34 149
34 176
34 218
34 226
34 246
34 248
34 261
34 289
34 315
34 320
34 351
34 366
34 368
35 52
35 87
35 99
35 138
35 144
35 146
35 185
35 209
35 212
35 234
35 243
35 259
35 274
35 276
35 284
35 289
35 304
35 306
35 317
35 331
35 341
35 370
36 38
36 49
36 56
36 91
36 112
36 211
36 217
36 218
36 245
36 252
36 256
36 291
36 307
36 308
36 312
37 45
37 62
37 97
37 99
37 130
37 174
37 191
37 239
37 246
37 262
37 284
37 290
37 337
37 340
38 47
38 61
38 67
38 68
38 103
38 126
38 197
38 223
38 227
38 259
38 262
38 272
38 279
38 317
38 360
38 362
39 64
39 74
39 93
39 109
39 140
39 144
39 145
39 160
39 167
39 169
39 180
39 211
39 215
39 224
39 247
39 259
39 278
39 286
39 299
39 320
39 330
39 368
40 42
40 116
40 198
40 200
40 209
40 224
40 239
40 253
40 260
40 266
40 289
40 310
40 357
41 60
41 80
41 89
41 105
41 120
41 157
41 177
41 191
41 220
41 239
41 286
41 327
41 328
41 337
42 46
42 105
42 107
42 135
42 146
42 173
42 193
42 221
42 286
42 304
42 308
42 309
42 311
42 321
42 323
42 347
42 349
42 367
43 44
43 49
43 84
43 97
43 109
43 114
43 133
43 142
43 151
43 180
43 193
43 196
43 235
43 242
43 283
43 325
43 351
43 368
44 88
44 99
44 106
44 107
44 118
44 120
44 127
44 130
44 136
44 142
44 143
44 178
44 180
44 240
44 257
44 258
44 269
44 282
44 285
44 292
44 297
44 330
44 358
45 66
45 131
45 134
45 164
45 196
45 202
45 205
45 216
45 239
45 255
45 269
45 277
45 283
45 300
45 302
45 324
45 366
45 369
46 47
46 60
46 62
46 92
46 118
46 253
46 288
46 292
46 329
46 339
47 70
47 84
47 85
47 95
47 156
47 187
47 252
47 263
47 366
48 53
48 54
48 104
48 131
48 163
48 178
48 185
48 191
48 201
48 206
48 223
48 231
48 247
48 249
48 250
48 268
48 283
48 284
49 148
49 171
49 175
49 219
49 243
49 261
49 263
49 288
49 290
49 295
49 308
49 331
50 59
50 69
50 98
50 116
50 118
50 121
50 122
50 125
50 153
50 168
50 177
50 182
50 185
50 192
50 207
50 208
50 218
50 240
50 248
50 262
50 341
50 354
50 360
51 82
51 140
51 165
51 202
51 217
51 228
51 232
51 253
51 281
51 345
51 372
52 70
52 117
52 159
52 197
52 247
52 267
52 271
52 321
52 329
52 341
52 350
52 354
53 61
53 66
53 67
53 75
53 80
53 112
53 139
53 187
53 189
53 205
53 206
53 288
53 290
53 302
53 310
53 341
53 373
54 56
54 60
54 112
54 117
54 118
54 134
54 138
54 141
54 169
54 199
54 260
54 264
54 273
54 303
54 335
54 351
55 64
55 83
55 94
55 118
55 138
55 205
55 211
55 230
55 254
55 274
55 276
55 328
55 338
56 116
56 118
56 171
56 174
56 241
56 246
56 281
56 287
56 302
56 330
56 333
56 356
57 61
57 72
57 74
57 133
57 159
57 189
57 195
57 233
57 247
57 251
57 291
57 319
57 324
57 327
57 331
57 336
57 355
57 362
57 367
58 60
58 90
58 92
58 135
58 176
58 179
58 192
58 257
58 259
58 307
58 311
58 321
58 335
59 90
59 110
59 147
59 180
59 187
59 192
59 200
59 244
59 251
59 275
59 296
59 313
59 317
59 325
59 331
59 337
59 340
59 353
59 371
60 74
60 111
60 127
60 129
60 132
60 137
60 142
60 150
60 154
60 168
60 179
60 210
60 223
60 259
60 274
60 300
60 369
61 69
61 86
61 149
61 160
61 170
61 180
61 181
61 187
61 207
61 222
61 233
61 258
61 317
61 325
61 328
61 357
62 77
62 109
62 164
62 187
62 193
62 217
62 226
62 248
62 274
62 280
62 301
62 330
62 362
62 366
63 65
63 96
63 113
63 168
63 175
63 178
63 197
63 210
63 243
63 254
63 270
63 291
63 304
63 338
63 353
64 241
64 249
64 255
64 256
64 327
64 345
64 368
65 74
65 87
65 91
65 98
65 103
65 105
65 156
65 180
65 184
65 191
65 212
65 222
65 229
65 236
65 242
65 247
65 265
65 269
65 294
65 298
65 337
65 363
66 86
66 93
66 105
66 112
66 123
66 126
66 145
66 156
66 166
66 179
66 203
66 205
66 260
66 279
66 294
66 303
66 359
66 361
67 69
67 76
67 115
67 123
67 132
67 151
67 152
67 166
67 175
67 194
67 195
67 227
67 263
67 267
67 292
67 308
67 336
67 343
68 86
68 111
68 146
68 190
68 199
68 205
68 216
68 232
68 312
68 354
68 361
69 114
69 120
69 126
69 215
69 329
69 332
69 347
69 360
69 363
70 72
70 101
70 107
70 108
70 110
70 116
70 126
70 134
70 144
70 150
70 184
70 204
70 278
70 294
70 299
70 340
70 361
71 149
71 159
71 213
71 230
71 246
71 276
71 280
71 341
71 361
71 371
71 372
72 79
72 115
72 117
72 150
72 157
72 181
72 189
72 192
72 202
72 219
72 222
72 228
72 239
72 260
72 273
72 357
72 369
73 86
73 97
73 99
73 127
73 155
73 161
73 182
73 186
73 204
73 228
73 230
73 237
73 243
73 252
73 268
73 320
73 352
73 357
73 361
73 367
74 90
74 103
74 108
74 117
74 127
74 171
74 193
74 210
74 234
74 240
74 278
74 311
74 342
74 360
74 372
75 77
75 96
75 105
75 120
75 155
75 178
75 196
75 267
75 272
75 275
75 279
75 286
75 298
75 314
75 320
75 328
75 341
76 92
76 178
76 191
76 203
76 214
76 225
76 238
76 242
76 258
76 292
76 307
76 317
76 319
76 349
76 356
76 357
77 115
77 128
77 129
77 137
77 171
77 218
77 231
77 257
77 273
77 274
77 280
77 290
77 299
77 315
77 319
77 321
77 364
78 85
78 93
78 95
78 130
78 131
78 184
78 185
78 191
78 192
78 202
78 219
79 80
79 84
79 107
79 130
79 133
79 196
79 251
79 260
79 339
80 88
80 116
80 124
80 138
80 178
80 191
80 210
80 222
80 223
80 229
80 245
80 247
80 252
80 256
80 264
80 318
80 320
80 334
80 360
81 92
81 96
81 129
81 133
81 160
81 187
81 217
81 230
81 245
81 250
81 255
81 315
81 324
81 342
81 349
81 374
82 115
82 206
82 214
82 221
82 235
82 253
82 272
82 281
82 307
82 344
82 351
82 370
83 86
83 104
83 106
83 115
83 121
83 145
83 269
83 272
83 279
83 294
83 315
83 329
83 356
84 119
84 123
84 139
84 141
84 152
84 162
84 185
84 234
84 275
84 279
84 315
84 320
84 328
84 346
85 114
85 137
85 173
85 191
85 206
85 210
85 211
85 232
85 245
85 246
85 337
85 343
85 356
86 115
86 116
86 122
86 144
86 148
86 173
86 220
86 235
86 244
86 283
86 322
86 340
86 348
87 121
87 148
87 169
87 205
87 212
87 227
87 234
87 263
87 322
87 337
87 345
87 371
88 94
88 113
88 168
88 174
88 203
88 222
88 252
88 284
88 329
88 337
88 340
88 344
88 374
89 92
89 94
89 150
89 153
89 197
89 204
89 206
89 228
89 232
89 247
89 250
89 265
89 286
89 303
89 308
89 320
89 331
89 356
90 135
90 158
90 161
90 163
90 174
90 193
90 219
90 220
90 252
90 273
90 352
90 353
90 364
90 371
91 106
91 110
91 114
91 117
91 128
91 160
91 165
91 206
91 232
91 234
91 235
91 240
91 243
91 248
91 249
91 257
91 273
91 311
91 319
91 353
92 107
92 147
92 162
92 182
92 198
92 241
92 275
92 320
93 105
93 106
93 119
93 147
93 156
93 177
93 195
93 206
93 222
93 225
93 232
93 250
93 317
93 340
93 341
93 347
93 355
94 124
94 127
94 136
94 184
94 228
94 237
94 255
94 280
94 313
95 96
95 104
95 123
95 126
95 129
95 130
95 135
95 136
95 149
95 154
95 167
95 168
95 171
95 175
95 237
95 246
95 247
95 261
95 306
95 336
95 347
95 368
96 132
96 140
96 165
96 184
96 187
96 196
96 204
96 221
96 256
96 288
96 289
96 322
96 337
96 355
96 364
96 369
96 370
97 108
97 124
97 188
97 190
97 214
97 242
97 260
97 270
97 290
97 321
97 324
97 327
97 346
97 368
98 99
98 104
98 105
98 148
98 172
98 176
98 181
98 209
98 277
98 285
98 298
98 302
98 330
98 353
98 370
99 100
99 118
99 119
99 125
99 168
99 191
99 235
99 237
99 249
99 255
99 265
99 300
99 311
99 330
99 362
100 117
100 130
100 134
100 152
100 168
100 179
100 225
100 279
100 289
100 316
100 326
101 110
101 126
101 137
101 141
101 144
101 159
101 253
101 281
101 282
101 371
102 130
102 135
102 145
102 172
102 206
102 255
102 283
102 294
102 297
102 303
102 307
102 321
102 342
103 112
103 113
103 171
103 179
103 198
103 216
103 219
103 223
103 225
103 239
103 276
103 313
103 320
103 332
103 373
104 133
104 160
104 162
104 168
104 172
104 205
104 224
104 257
104 269
104 286
104 358
104 360
104 361
104 371
105 123
105 141
105 157
105 190
105 193
105 230
105 283
105 312
105 334
105 359
106 108
106 143
106 239
106 258
106 274
106 281
106 291
106 313
106 324
106 345
106 353
106 354
107 128
107 136
107 153
107 172
107 184
107 187
107 214
107 223
107 236
107 244
107 245
107 267
107 325
108 127
108 131
108 216
108 231
108 240
108 278
108 289
108 294
108 300
108 305
108 319
108 324
108 329
108 352
108 365
108 367
108 371
109 112
109 116
109 119
109 139
109 191
109 266
109 300
109 368
109 372
110 116
110 124
110 146
110 173
110 223
110 225
110 237
110 252
110 253
110 287
110 289
110 296
110 349
111 156
111 184
111 186
111 204
111 228
111 239
111 252
111 268
111 277
111 324
111 340
111 343
111 345
111 352
112 129
112 158
112 188
112 189
112 201
112 208
112 258
112 280
112 296
112 324
112 374
113 132
113 138
113 153
113 200
113 211
113 238
113 293
113 294
113 298
113 315
113 321
114 129
114 139
114 148
114 160
114 162
114 220
114 278
114 329
114 346
114 349
114 370
114 372
115 131
115 138
115 147
115 155
115 188
115 191
115 203
115 239
115 273
115 309
115 337
116 125
116 145
116 150
116 176
116 180
116 185
116 194
116 200
116 203
116 230
116 262
116 278
116 314
116 317
117 131
117 144
117 176
117 197
117 244
117 275
117 293
117 296
117 329
118 125
118 144
118 236
118 263
118 308
118 318
118 341
119 127
119 137
119 142
119 148
119 175
119 192
119 198
119 211
119 248
119 260
119 275
119 284
119 294
119 297
119 313
119 318
119 324
119 330
119 367
119 369
120 124
120 137
120 139
120 146
120 183
120 207
120 226
120 230
120 277
120 308
120 322
120 327
121 181
121 203
121 213
121 216
121 224
121 279
121 286
121 287
121 292
121 307
121 344
122 168
122 179
122 184
122 207
122 217
122 224
122 227
122 234
122 239
122 287
122 301
122 326
123 125
123 143
123 147
123 163
123 177
123 178
123 225
123 239
123 253
123 284
123 289
123 291
123 349
124 137
124 163
124 167
124 184
124 187
124 207
124 214
124 224
124 246
124 260
124 288
124 290
124 356
124 364
124 374
124 375
125 133
125 134
125 173
125 185
125 190
125 198
125 199
125 208
125 214
125 258
125 263
125 267
125 309
125 312
125 313
125 315
126 138
126 167
126 180
126 194
126 195
126 227
126 249
126 256
126 260
126 324
126 326
126 341
126 346
127 166
127 179
127 217
127 240
127 300
127 309
127 327
127 353
128 154
128 160
128 176
128 202
128 222
128 254
128 256
128 270
128 275
128 282
128 299
128 327
128 348
129 132
129 134
129 170
129 231
129 252
129 254
129 263
129 276
129 294
129 295
129 303
129 316
129 325
129 348
129 367
129 374
130 131
130 142
130 234
130 273
130 298
130 354
131 136
131 168
131 188
131 191
131 197
131 219
131 231
131 239
131 246
131 306
131 310
131 345
131 354
132 145
132 164
132 165
132 238
132 243
132 255
132 274
132 279
132 282
132 284
132 319
132 329
132 359
132 364
133 147
133 188
133 203
133 215
133 221
133 240
133 246
133 260
133 268
133 297
133 300
133 348
133 361
133 371
134 152
134 173
134 291
134 348
134 358
135 174
135 205
135 206
135 288
135 327
135 346
135 355
135 373
135 375
136 151
136 168
136 187
136 189
136 197
136 209
136 228
136 263
136 275
136 306
136 359
137 206
137 222
137 236
137 283
137 368
138 149
138 171
138 174
138 181
138 193
138 207
138 220
138 236
138 271
138 328
138 344
138 349
138 357
138 374
139 154
139 161
139 163
139 174
139 202
139 239
139 280
139 302
139 309
139 330
139 333
139 344
139 364
140 150
140 166
140 194
140 226
140 236
140 245
140 259
140 266
140 278
140 284
140 307
140 320
140 331
140 352
140 353
140 359
140 366
140 369
141 148
141 149
141 161
141 168
141 173
141 178
141 185
141 203
141 213
141 257
141 272
141 286
141 290
141 308
141 344
141 348
142 150
142 206
142 245
142 279
142 298
142 313
142 314
142 349
143 151
143 154
143 155
143 172
143 197
143 217
143 241
143 271
143 281
143 322
143 354
143 362
143 375
144 193
144 221
144 243
144 247
144 255
144 262
144 268
144 280
144 288
144 299
144 318
144 332
145 164
145 245
145 281
145 295
145 301
145 302
145 316
145 322
145 350
146 160
146 165
146 183
146 216
146 226
146 230
146 270
146 288
146 355
146 371
146 375
147 178
147 181
147 198
147 222
147 303
147 307
147 320
147 346
147 355
147 368
148 180
148 183
148 188
148 204
148 246
148 252
148 274
148 280
148 327
148 346
149 177
149 194
149 200
149 230
149 237
149 241
149 257
149 275
149 277
149 306
149 308
149 347
150 155
150 163
150 174
150 205
150 209
150 250
150 251
150 274
150 304
150 343
150 350
150 354
151 158
151 178
151 196
151 212
151 217
151 236
151 238
151 246
151 260
151 284
151 291
151 351
152 172
152 195
152 218
152 240
152 241
152 245
152 290
152 298
152 329
152 335
152 340
153 180
153 227
153 228
153 236
153 257
153 266
153 275
153 276
153 295
153 312
153 319
153 322
153 345
153 361
153 373
154 172
154 235
154 271
154 273
154 288
154 324
154 339
155 201
155 231
155 257
155 268
155 271
155 301
155 347
156 158
156 206
156 222
156 235
156 268
156 294
156 312
156 322
156 343
157 160
157 161
157 180
157 182
157 193
157 254
157 258
157 263
157 343
157 353
157 361
157 371
157 372
158 161
158 162
158 200
158 251
158 259
158 274
158 276
158 289
158 292
158 298
158 306
158 331
158 334
158 345
158 350
159 195
159 216
159 234
159 247
159 272
159 375
160 164
160 169
160 179
160 186
160 202
160 290
160 315
160 324
160 363
161 165
161 168
161 184
161 216
161 223
161 224
161 239
161 245
161 268
161 285
161 288
161 340
161 342
162 173
162 190
162 213
162 219
162 234
162 267
162 342
162 356
163 183
163 247
163 296
163 318
163 340
163 351
163 355
164 168
164 189
164 205
164 223
164 227
164 232
164 241
164 250
164 269
164 284
164 286
164 316
164 330
164 344
164 361
165 194
165 206
165 211
165 221
165 231
165 342
166 168
166 172
166 174
166 180
166 183
166 190
166 242
166 249
166 251
166 265
166 281
166 347
167 181
167 185
167 187
167 188
167 220
167 243
167 249
167 259
167 286
167 304
167 317
167 340
167 371
168 209
168 223
168 246
168 260
168 276
168 302
168 305
168 333
168 336
168 369
169 196
169 259
169 273
169 287
169 300
169 312
169 338
169 361
170 179
170 200
170 229
170 233
170 235
170 236
170 251
170 265
170 315
170 316
170 328
170 344
171 172
171 220
171 232
171 246
171 256
171 257
171 258
171 284
171 286
171 313
171 335
171 342
171 347
171 361
172 186
172 197
172 204
172 233
172 262
172 282
172 333
172 359
172 361
173 180
173 192
173 205
173 220
173 237
173 280
173 282
173 295
173 298
173 344
173 345
173 351
174 182
174 188
174 206
174 227
174 246
174 270
174 273
174 319
174 325
174 334
174 336
175 178
175 184
175 185
175 198
175 215
175 220
175 236
175 240
175 248
175 317
175 321
175 341
175 348
176 194
176 204
176 210
176 240
176 255
176 285
176 307
176 375
177 203
177 235
177 247
177 248
177 269
177 271
177 302
177 309
177 312
177 328
177 330
177 337
178 179
178 199
178 229
178 237
178 277
178 291
178 306
178 311
178 321
178 342
178 347
178 353
178 372
179 197
179 218
179 220
179 245
179 250
179 252
179 277
179 297
179 370
180 205
180 228
180 255
180 262
180 267
180 276
180 287
180 346
180 353
180 365
181 215
181 217
181 219
181 226
181 231
181 237
181 299
181 325
181 334
181 335
182 224
182 227
182 234
182 241
182 290
182 304
182 328
182 331
183 187
183 189
183 192
183 203
183 256
183 288
183 295
183 307
183 362
183 364
183 367
183 372
184 188
184 221
184 264
184 266
184 274
184 315
184 317
184 340
184 353
184 357
184 372
185 207
185 255
185 299
185 368
185 371
185 374
186 194
186 264
186 271
186 285
186 334
186 337
186 346
186 348
186 360
186 370
186 372
187 205
187 215
187 226
187 229
187 235
187 245
187 251
187 335
187 337
187 362
187 375
188 203
188 225
188 236
188 238
188 260
188 274
188 284
188 291
188 297
188 313
188 366
189 227
189 238
189 239
189 263
189 277
189 293
189 313
189 333
189 375
190 204
190 233
190 255
190 305
190 318
190 334
190 346
190 363
191 220
191 227
191 293
191 296
191 305
191 328
191 329
191 351
191 355
192 210
192 221
192 238
192 251
192 257
192 276
192 286
192 310
192 313
192 321
192 340
192 359
193 246
193 257
193 287
193 306
193 330
193 334
193 336
193 360
193 369
194 235
194 255
194 259
194 281
194 317
194 318
194 324
194 352
194 353
195 202
195 218
195 219
195 243
195 248
195 253
195 259
195 284
195 288
195 290
195 306
195 307
195 312
195 352
195 372
196 217
196 220
196 274
196 340
196 345
197 206
197 225
197 252
197 265
197 292
197 301
197 325
197 328
197 331
197 338
197 342
198 244
198 270
198 282
198 286
198 296
198 306
198 344
198 365
199 209
199 313
199 329
199 332
200 215
200 216
200 235
200 247
200 274
200 296
200 297
200 320
200 326
200 343
201 219
201 248
201 265
201 268
201 269
201 276
201 288
201 314
201 320
201 329
201 335
202 222
202 285
202 294
202 354
202 359
203 216
203 218
203 220
203 221
203 236
203 269
203 338
203 344
203 370
203 372
204 223
204 283
204 308
204 312
204 331
204 340
204 347
205 214
205 226
205 229
205 258
205 259
205 272
205 319
205 337
205 362
205 374
206 224
206 241
206 244
206 249
206 254
206 264
206 311
206 318
206 324
206 329
206 362
206 364
207 233
207 253
207 266
207 271
207 360
207 363
207 374
208 216
208 223
208 243
208 247
208 362
209 214
209 229
209 247
209 303
209 317
210 249
210 251
210 260
210 275
210 292
210 319
210 329
210 339
210 355
210 358
210 370
211 216
211 232
211 235
211 237
211 249
211 253
211 254
211 272
211 276
211 293
211 297
211 299
211 318
211 320
211 322
211 363
211 372
212 224
212 243
212 328
212 344
212 346
212 363
213 248
213 250
213 262
213 272
213 318
213 346
214 261
214 279
214 306
214 338
214 352
214 353
214 354
214 370
215 219
215 232
215 236
215 249
215 259
215 265
215 286
215 308
215 352
216 237
216 247
216 279
216 280
216 290
216 306
216 310
216 314
216 322
216 327
217 222
217 226
217 248
217 269
217 287
217 290
217 301
217 308
217 370
217 375
218 245
218 266
218 269
218 288
218 306
218 323
218 336
218 343
218 365
219 240
219 242
219 249
219 266
219 283
219 288
219 309
219 312
219 313
219 315
219 365
219 374
219 375
220 229
220 248
220 250
220 254
220 285
220 298
220 339
220 370
221 225
221 238
221 253
221 355
221 364
221 371
221 374
222 237
222 245
222 279
222 284
222 288
222 290
222 293
222 297
222 303
222 316
222 371
222 375
223 237
223 257
223 282
223 335
223 339
223 345
224 227
224 234
224 237
224 257
224 261
224 300
224 339
224 358
224 361
225 227
225 257
225 272
225 283
225 319
225 326
225 327
225 330
226 237
226 274
226 278
226 287
226 301
226 314
227 231
227 243
227 272
227 281
227 287
227 290
227 295
227 308
227 340
227 361
228 237
228 267
228 296
228 313
228 355
229 251
229 254
229 277
229 296
229 298
229 319
229 338
229 341
229 363
230 306
230 312
230 326
230 366
230 373
231 248
231 269
231 302
231 309
231 322
231 332
231 369
232 250
232 275
232 324
233 255
233 257
233 294
233 328
233 330
233 357
234 263
234 270
234 271
234 287
234 289
234 313
234 337
234 360
234 369
235 282
235 301
235 309
235 352
236 249
236 261
236 268
236 289
236 290
236 340
237 245
237 260
237 262
237 290
238 273
238 287
238 303
238 321
238 324
238 326
239 252
239 273
239 282
239 292
239 310
239 319
239 348
239 368
240 250
240 273
240 312
240 319
240 335
240 353
240 373
241 265
241 266
241 273
241 335
241 356
242 259
242 276
242 288
242 305
242 316
242 355
242 367
243 254
243 272
243 274
243 326
243 366
244 260
244 263
244 270
244 307
244 315
245 317
245 340
245 371
246 255
246 262
246 265
246 290
247 250
247 266
247 277
247 310
247 319
247 341
247 354
247 367
247 369
248 303
248 308
248 313
248 332
248 336
248 356
249 262
249 274
249 292
250 288
250 294
250 318
250 339
250 352
251 285
251 363
252 261
252 304
252 316
252 335
252 351
252 360
253 275
253 294
253 310
253 344
254 263
254 267
254 280
254 302
254 309
254 313
254 315
254 335
255 265
255 289
255 290
255 305
255 334
255 339
255 340
255 347
255 363
255 370
256 272
256 279
256 300
256 305
256 329
256 337
256 367
256 375
257 287
257 293
257 317
258 259
258 303
258 337
258 345
259 264
259 290
259 300
259 307
259 328
259 374
260 275
260 297
260 313
260 322
260 357
260 367
260 370
261 321
261 336
261 346
261 358
261 359
261 374
262 273
262 303
262 305
262 309
262 318
262 361
262 362
262 364
263 266
263 270
263 283
263 288
263 308
263 309
263 352
263 358
264 282
264 360
265 284
265 327
265 328
265 344
265 370
266 294
266 345
266 355
266 369
266 371
266 375
267 272
267 275
267 291
267 313
267 331
267 332
267 336
267 341
267 347
268 302
268 329
268 344
268 353
268 360
268 362
268 364
269 295
269 343
270 271
270 285
270 286
270 330
270 335
270 354
270 360
270 369
271 274
271 277
271 294
271 295
271 309
271 328
271 331
271 344
271 355
271 360
271 369
271 372
272 291
272 355
272 364
272 373
273 285
273 286
273 302
273 304
274 301
274 314
274 315
274 348
274 370
275 276
275 284
275 290
275 356
275 362
275 366
276 293
276 298
276 350
276 353
277 283
277 295
277 306
277 332
277 336
277 351
278 290
278 329
278 344
278 347
279 326
279 357
280 293
280 316
280 325
280 341
280 347
280 351
280 356
280 372
281 323
281 362
281 374
282 308
282 317
282 341
282 342
283 301
283 321
283 326
283 364
283 369
284 310
284 342
284 373
285 307
285 323
286 328
287 333
288 299
288 313
288 314
288 367
289 293
289 316
290 303
290 312
290 338
290 340
290 343
290 354
290 372
291 301
291 344
291 354
291 364
292 296
292 339
293 299
293 322
293 337
293 347
293 359
294 301
294 303
294 335
294 345
295 297
295 301
296 312
296 348
296 351
296 353
296 367
297 308
297 322
297 343
297 346
298 319
298 332
298 360
299 323
299 361
300 304
300 309
300 373
301 306
301 331
302 308
302 325
302 327
302 339
302 344
302 358
302 368
303 342
303 374
304 317
304 320
304 323
304 348
305 319
305 331
305 337
305 375
307 326
307 335
307 341
307 351
308 313
308 374
309 314
309 319
309 320
309 355
310 353
311 313
311 318
311 327
311 332
311 336
311 348
313 352
315 356
315 357
315 362
316 339
316 342
316 351
316 352
316 355
316 359
317 351
317 374
319 331
319 351
320 358
321 339
321 359
321 364
321 369
321 372
322 343
322 349
323 349
323 355
324 327
325 358
325 369
327 332
327 343
328 345
329 331
329 343
329 347
329 359
329 369
329 372
330 351
330 360
331 337
331 368
332 334
332 363
333 334
333 365
334 368
335 344
335 347
335 360
335 367
336 343
336 355
337 356
337 365
337 373
338 354
338 366
338 374
339 359
339 361
341 349
342 372
344 355
345 352
347 353
347 365
348 369
349 360
349 363
349 372
350 365
351 366
351 368
352 355
353 375
355 375
356 368
356 373
357 358
359 371
359 372
361 368
361 371
362 368
362 373
362 375
363 374
364 366
366 368
369 374
