350 3116
1 4
1 5
1 42
1 54
1 56
1 84
1 103
1 148
1 164
1 174
1 194
1 204
1 211
1 221
1 226
1 240
1 247
1 253
1 288
1 310
1 316
1 343
2 13
2 18
2 30
2 33
2 59
2 75
2 86
2 88
2 141
2 142
2 156
2 164
2 188
2 230
2 251
2 263
2 265
2 275
2 277
2 281
2 283
2 286
2 306
3 67
3 80
3 86
3 109
3 119
3 131
3 150
3 168
3 170
3 201
3 232
3 236
3 237
3 244
3 284
3 287
3 312
3 350
4 30
4 85
4 106
4 112
4 122
4 130
4 142
4 143
4 187
4 231
4 233
4 235
4 253
4 254
4 270
4 271
4 287
4 288
4 305
4 310
4 346
5 35
5 41
5 73
5 75
5 87
5 105
5 125
5 127
5 155
5 161
5 174
5 182
5 188
5 205
5 213
5 223
5 229
5 235
5 240
5 245
5 260
5 266
5 269
5 329
5 350
6 11
6 29
6 32
6 33
6 39
6 56
6 70
6 143
6 175
6 250
6 251
6 311
6 314
6 321
6 326
6 336
7 84
7 85
7 111
7 227
7 256
7 261
7 273
7 277
7 289
7 294
7 306
7 329
7 345
8 15
8 18
8 35
8 52
8 60
8 90
8 101
8 103
8 105
8 125
8 175
8 201
8 252
8 283
8 340
9 42
9 87
9 91
9 125
9 132
9 176
9 209
9 309
9 317
10 28
10 48
10 54
10 100
10 112
10 146
10 152
10 160
10 166
10 172
10 188
10 190
10 196
10 224
10 233
10 246
10 250
11 22
11 27
11 63
11 125
11 129
11 156
11 221
11 231
11 236
11 248
11 249
11 251
11 271
11 273
11 277
11 283
11 303
11 339
11 350
12 39
12 44
12 45
12 52
12 58
12 69
12 92
12 124
12 154
12 181
12 217
12 221
12 236
12 259
12 293
12 298
12 299
12 329
12 339
13 67
13 68
13 130
13 132
13 169
13 179
13 181
13 188
13 205
13 215
13 236
13 246
13 251
13 255
13 280
13 282
13 289
13 320
13 334
14 23
14 35
14 67
14 98
14 103
14 109
14 140
14 186
14 194
14 227
14 234
14 237
14 239
14 273
14 285
14 287
14 311
15 50
15 88
15 108
15 110
15 113
15 182
15 205
15 213
15 216
15 243
15 263
15 271
15 277
15 289
15 298
15 312
15 315
15 322
15 342
15 343
16 28
16 58
16 62
16 66
16 73
16 74
16 81
16 93
16 96
16 112
16 141
16 161
16 163
16 164
16 168
16 173
16 191
16 227
16 254
16 259
16 273
16 296
16 315
16 324
16 348
17 48
17 53
17 104
17 114
17 116
17 135
17 187
17 199
17 205
17 215
17 230
17 248
17 253
17 260
18 69
18 83
18 127
18 138
18 180
18 203
18 212
18 231
18 243
18 276
18 297
18 302
18 320
18 327
18 333
18 347
19 40
19 46
19 48
19 60
19 72
19 76
19 78
19 93
19 100
19 102
19 172
19 219
19 220
19 231
19 237
19 245
19 248
19 266
19 309
19 322
19 333
19 335
20 25
20 31
20 50
20 61
20 66
20 92
20 130
20 160
20 197
20 230
20 247
20 274
20 275
20 303
20 319
20 335
21 74
21 77
21 95
21 116
21 124
21 186
21 189
21 211
21 260
21 264
21 277
21 318
21 323
21 324
21 338
22 24
22 51
22 52
22 63
22 70
22 74
22 93
22 116
22 152
22 159
22 160
22 162
22 166
22 194
22 204
22 252
22 263
22 274
22 300
22 327
22 348
23 101
23 116
23 125
23 139
23 157
23 163
23 168
23 210
23 315
23 326
23 331
23 348
24 32
24 35
24 39
24 41
24 83
24 87
24 131
24 132
24 173
24 212
24 226
24 253
24 255
24 287
24 295
24 340
25 30
25 38
25 52
25 53
25 54
25 61
25 65
25 69
25 78
25 81
25 122
25 175
25 221
25 300
25 304
25 312
25 334
25 350
26 56
26 73
26 85
26 87
26 94
26 103
26 111
26 146
26 161
26 166
26 212
26 215
26 231
26 240
26 282
26 295
26 306
26 317
26 320
26 321
26 341
26 342
27 44
27 46
27 78
27 90
27 100
27 103
27 106
27 148
27 156
27 219
27 241
27 242
27 244
27 255
27 284
27 287
27 349
28 31
28 52
28 67
28 97
28 100
28 125
28 155
28 162
28 206
28 248
28 250
28 260
28 278
28 290
28 306
28 317
28 331
29 31
29 36
29 42
29 51
29 58
29 75
29 108
29 118
29 148
29 222
29 224
29 225
29 238
29 246
29 266
29 286
29 290
29 310
29 336
30 59
30 60
30 68
30 75
30 136
30 152
30 171
30 194
30 227
30 250
30 257
30 290
30 304
30 309
30 312
30 321
30 322
31 42
31 56
31 82
31 87
31 100
31 119
31 132
31 151
31 231
31 269
31 275
31 305
31 322
31 343
31 350
32 59
32 63
32 96
32 99
32 100
32 109
32 113
32 131
32 136
32 171
32 193
32 222
32 229
32 236
32 242
32 258
32 293
32 313
32 317
32 330
33 56
33 58
33 72
33 85
33 97
33 105
33 114
33 124
33 134
33 145
33 170
33 196
33 245
33 253
33 273
33 304
33 305
33 321
34 36
34 75
34 90
34 120
34 159
34 195
34 208
34 230
34 294
34 343
34 344
35 41
35 113
35 126
35 131
35 141
35 151
35 220
35 249
35 267
35 330
36 44
36 72
36 79
36 117
36 119
36 121
36 134
36 198
36 211
36 220
36 255
36 289
36 299
36 310
36 342
37 76
37 90
37 94
37 147
37 176
37 194
37 233
37 303
37 306
37 342
38 40
38 107
38 112
38 183
38 191
38 204
38 205
38 210
38 212
38 244
38 251
38 258
38 277
38 292
38 299
38 324
38 346
38 347
39 47
39 54
39 72
39 93
39 133
39 139
39 146
39 152
39 178
39 208
39 209
39 236
39 241
39 247
39 255
39 288
39 298
39 300
39 310
40 42
40 44
40 76
40 90
40 95
40 98
40 106
40 107
40 109
40 134
40 140
40 142
40 149
40 187
40 189
40 190
40 210
40 221
40 231
40 240
40 244
40 248
40 249
40 279
40 289
40 301
40 302
40 305
40 312
40 338
40 345
41 46
41 101
41 105
41 114
41 118
41 165
41 209
41 222
41 232
41 235
41 236
41 264
41 316
42 48
42 49
42 50
42 81
42 110
42 151
42 155
42 167
42 170
42 188
42 195
42 199
42 272
42 292
42 293
42 308
42 326
42 332
42 342
43 53
43 110
43 116
43 122
43 153
43 157
43 171
43 224
43 229
43 235
43 251
43 265
43 275
43 280
43 287
43 323
43 324
43 326
44 60
44 66
44 83
44 99
44 122
44 166
44 172
44 182
44 276
44 295
44 325
44 345
45 47
45 65
45 72
45 78
45 89
45 123
45 138
45 140
45 186
45 207
45 218
45 239
45 257
45 266
45 282
45 283
45 288
45 318
45 336
46 48
46 55
46 61
46 82
46 99
46 123
46 134
46 137
46 144
46 158
46 164
46 172
46 173
46 190
46 191
46 197
46 199
46 232
46 234
46 250
46 279
46 321
46 329
46 331
46 348
47 64
47 75
47 97
47 118
47 136
47 173
47 208
47 243
47 244
47 250
47 256
47 293
47 315
47 319
48 53
48 64
48 67
48 113
48 137
48 148
48 151
48 154
48 172
48 191
48 199
48 202
48 226
48 257
48 278
48 286
48 345
49 69
49 87
49 89
49 114
49 140
49 161
49 180
49 236
49 318
50 105
50 114
50 123
50 141
50 158
50 165
50 174
50 218
50 273
50 281
50 290
50 323
50 336
50 345
50 347
51 65
51 186
51 202
51 240
51 251
51 286
51 287
51 295
51 303
51 311
51 340
51 344
52 56
52 111
52 113
52 140
52 141
52 179
52 207
52 232
52 247
52 253
52 262
52 318
52 330
53 78
53 83
53 112
53 127
53 203
53 207
53 211
53 225
53 242
53 291
53 329
53 334
53 346
54 140
54 166
54 177
54 197
54 228
54 259
54 271
54 272
54 307
54 325
54 326
55 56
55 60
55 83
55 86
55 116
55 129
55 152
55 160
55 175
55 186
55 212
55 237
55 249
55 288
55 293
55 296
55 330
56 113
56 134
56 140
56 150
56 153
56 177
56 180
56 187
56 222
56 236
56 245
56 255
56 290
56 293
56 302
56 310
56 331
57 77
57 86
57 104
57 126
57 164
57 211
57 223
57 259
57 312
57 332
57 334
57 346
58 63
58 64
58 90
58 99
58 102
58 103
58 109
58 135
58 138
58 180
58 207
58 213
58 222
58 225
58 238
58 244
58 246
58 266
58 287
58 323
58 339
58 340
58 341
59 65
59 73
59 97
59 141
59 149
59 165
59 225
59 237
59 243
59 260
59 289
59 302
59 307
59 332
59 337
59 343
59 347
60 69
60 82
60 162
60 212
60 228
60 236
60 262
60 290
60 327
60 338
61 62
61 67
61 183
61 235
61 288
61 292
61 321
61 348
62 123
62 144
62 210
62 283
62 298
62 306
62 307
62 330
62 344
63 95
63 117
63 132
63 156
63 193
63 206
63 208
63 212
63 230
63 238
63 244
63 263
63 274
63 288
64 80
64 83
64 96
64 114
64 136
64 141
64 143
64 154
64 166
64 195
64 207
64 225
64 240
64 245
64 283
64 302
64 307
64 317
64 318
64 320
65 74
65 76
65 85
65 107
65 139
65 158
65 160
65 189
65 197
65 198
65 206
65 225
65 229
65 247
65 251
65 286
65 321
65 338
65 349
66 68
66 73
66 86
66 109
66 193
66 208
66 243
66 247
66 267
66 286
66 300
66 307
66 316
66 318
67 76
67 85
67 108
67 117
67 138
67 151
67 165
67 192
67 195
67 212
67 240
67 253
67 258
67 283
67 296
67 335
67 337
67 339
68 87
68 99
68 109
68 131
68 142
68 194
68 230
68 234
68 241
68 259
68 276
68 280
68 297
68 304
68 322
68 331
69 93
69 120
69 125
69 130
69 148
69 163
69 190
69 193
69 195
69 228
69 235
69 251
69 265
69 271
69 277
69 278
69 279
69 293
69 301
69 309
69 342
69 348
70 96
70 111
70 119
70 171
70 219
70 249
70 274
70 290
70 338
70 340
71 91
71 149
71 164
71 168
71 192
71 207
71 214
71 215
71 219
71 243
71 278
71 286
72 109
72 140
72 169
72 190
72 210
72 216
72 226
72 227
72 232
72 268
72 272
72 296
72 298
72 319
72 345
73 126
73 153
73 163
73 169
73 212
73 213
73 218
73 309
73 313
73 332
73 344
74 88
74 96
74 115
74 128
74 172
74 204
74 210
74 240
74 278
74 297
74 311
74 339
75 144
75 153
75 157
75 194
75 205
75 208
75 239
75 280
75 290
75 297
75 326
75 337
75 348
76 142
76 193
76 274
76 311
76 315
76 337
76 339
76 344
77 97
77 99
77 103
77 120
77 123
77 132
77 176
77 191
77 212
77 215
77 219
77 221
77 235
77 239
77 260
77 262
77 288
77 289
77 292
77 308
77 342
78 115
78 118
78 123
78 146
78 149
78 165
78 214
78 283
78 320
78 323
78 343
78 348
79 158
79 170
79 232
79 243
79 254
79 272
79 296
79 320
79 324
79 339
80 124
80 138
80 148
80 153
80 182
80 184
80 196
80 203
80 216
80 313
81 94
81 120
81 133
81 235
81 251
81 267
81 278
81 291
81 305
81 336
82 120
82 121
82 131
82 148
82 163
82 234
82 245
82 261
82 282
82 284
82 294
82 327
82 342
83 104
83 127
83 170
83 237
83 242
83 251
83 262
83 274
83 297
83 316
84 91
84 109
84 144
84 150
84 184
84 186
84 223
84 230
84 271
84 279
84 293
84 308
84 325
84 327
84 334
85 86
85 95
85 104
85 110
85 121
85 130
85 140
85 149
85 206
85 220
85 228
85 243
85 249
85 263
85 272
85 280
85 318
85 326
85 329
86 112
86 123
86 138
86 140
86 161
86 186
86 218
86 220
86 259
86 265
86 278
86 284
86 331
86 347
87 135
87 136
87 170
87 174
87 193
87 194
87 225
87 229
87 236
87 240
87 256
87 283
87 300
87 326
87 336
87 337
87 343
88 91
88 99
88 103
88 117
88 147
88 165
88 172
88 174
88 182
88 197
88 199
88 214
88 225
88 238
88 239
88 288
88 298
88 306
88 308
88 348
89 90
89 116
89 141
89 150
89 170
89 187
89 193
89 257
89 275
89 300
89 313
89 318
89 325
89 348
90 120
90 127
90 134
90 160
90 165
90 210
90 219
90 231
90 243
90 250
90 251
90 252
90 321
91 99
91 119
91 157
91 219
91 222
91 229
91 243
91 284
91 286
91 290
91 314
91 317
92 94
92 118
92 122
92 132
92 165
92 191
92 230
92 232
92 242
92 259
92 283
92 294
93 101
93 137
93 157
93 186
93 218
93 221
93 232
93 240
93 270
93 274
93 283
93 291
93 312
93 327
93 332
94 106
94 109
94 110
94 138
94 151
94 164
94 172
94 179
94 224
94 230
94 267
94 278
94 303
94 310
94 314
95 191
95 203
95 227
95 228
95 229
95 244
95 283
95 286
95 303
95 317
95 333
96 100
96 109
96 110
96 174
96 190
96 192
96 222
96 249
96 270
96 310
96 327
96 328
96 330
96 331
97 99
97 110
97 129
97 132
97 156
97 158
97 162
97 222
97 240
97 242
97 267
97 274
97 320
97 328
98 113
98 128
98 145
98 212
98 219
98 241
99 123
99 167
99 201
99 208
99 209
99 222
99 229
99 294
99 300
100 149
100 180
100 197
100 214
100 264
100 285
100 299
100 345
101 103
101 113
101 161
101 178
101 247
101 257
101 269
101 302
101 307
101 315
101 332
101 338
102 145
102 154
102 163
102 164
102 175
102 242
102 247
102 281
102 302
102 343
103 116
103 174
103 185
103 226
103 262
103 292
103 322
104 112
104 113
104 119
104 133
104 135
104 143
104 164
104 165
104 170
104 179
104 205
104 216
104 277
105 131
105 137
105 145
105 154
105 156
105 163
105 175
105 178
105 183
105 190
105 199
105 229
105 234
105 268
105 313
105 317
105 325
105 326
105 331
105 343
106 122
106 148
106 218
106 226
106 241
106 251
106 269
106 272
106 277
106 281
106 282
106 283
106 341
107 131
107 148
107 158
107 177
107 244
107 247
107 266
107 303
107 315
107 324
107 350
108 175
108 180
108 205
108 267
108 268
108 309
108 326
109 117
109 168
109 197
109 203
109 210
109 211
109 231
109 232
109 242
109 243
109 264
109 282
109 292
109 298
109 299
109 308
109 314
109 319
109 324
109 335
110 131
110 147
110 156
110 173
110 228
110 274
110 291
110 294
110 321
110 331
110 337
110 345
111 166
111 176
111 191
111 211
111 236
111 241
111 244
111 247
111 303
111 327
111 328
111 348
112 113
112 200
112 212
112 232
112 234
112 274
112 324
112 333
113 138
113 154
113 157
113 166
113 170
113 209
113 222
113 229
113 237
113 242
113 247
113 250
113 252
113 268
113 269
113 308
113 332
113 339
114 134
114 151
114 228
114 254
114 263
114 344
114 349
115 125
115 129
115 147
115 150
115 166
115 179
115 180
115 237
115 242
115 260
115 261
115 273
115 291
115 293
115 297
115 349
116 132
116 160
116 167
116 170
116 186
116 192
116 194
116 227
116 228
116 290
116 340
117 151
117 153
117 189
117 213
117 217
117 218
117 251
117 278
117 290
117 306
117 346
118 145
118 179
118 219
118 220
118 264
118 276
118 284
118 291
118 296
119 154
119 165
119 191
119 244
119 258
119 259
119 281
119 340
120 141
120 191
120 292
120 326
120 336
120 342
120 344
121 132
121 184
121 237
121 259
121 262
121 274
121 284
121 295
121 300
122 141
122 166
122 176
122 179
122 188
122 197
122 201
122 206
122 278
122 327
122 335
122 345
122 348
123 124
123 146
123 148
123 151
123 158
123 178
123 214
123 239
123 240
123 254
123 287
123 289
123 327
123 337
124 130
124 134
124 144
124 148
124 155
124 156
124 173
124 181
124 222
124 232
124 237
124 238
124 241
124 271
124 280
124 292
124 297
124 298
124 336
125 144
125 152
125 170
125 180
125 182
125 199
125 232
125 234
125 258
125 278
125 302
125 308
125 325
125 343
125 346
126 136
126 155
126 156
126 166
126 181
126 233
126 290
127 181
127 216
127 227
127 232
127 272
127 276
127 280
127 317
127 336
128 181
128 182
128 215
128 235
128 238
128 265
128 291
128 322
128 330
129 142
129 158
129 159
129 174
129 245
129 249
129 265
129 268
129 278
129 310
129 320
129 321
129 325
129 349
130 161
130 179
130 182
130 212
130 239
130 253
130 269
130 288
130 329
131 134
131 141
131 152
131 173
131 219
131 229
131 256
131 270
131 287
131 294
131 302
132 138
132 143
132 144
132 157
132 167
132 171
132 172
132 261
132 276
132 285
132 321
132 330
132 348
133 167
133 192
133 200
133 247
133 260
133 302
133 317
133 337
134 140
134 153
134 154
134 156
134 177
134 206
134 209
134 222
134 233
134 236
134 240
134 273
134 279
134 296
134 345
135 215
135 217
135 221
135 230
135 259
135 301
135 305
135 321
136 150
136 153
136 159
136 162
136 176
136 221
136 234
136 270
136 273
136 286
136 327
136 349
137 167
137 214
137 218
137 228
137 242
137 264
137 276
137 291
137 318
138 176
138 181
138 196
138 197
138 201
138 244
138 246
138 248
138 259
138 272
138 289
138 301
138 349
139 156
139 167
139 176
139 187
139 194
139 213
139 227
139 256
139 259
139 311
139 329
139 347
140 148
140 185
140 187
140 214
140 223
140 258
140 284
140 331
140 346
141 203
141 217
141 236
141 240
141 257
141 265
141 277
141 286
141 291
141 294
141 309
141 348
141 349
142 148
142 158
142 165
142 170
142 184
142 192
142 207
142 211
142 217
142 231
142 250
142 301
142 304
143 157
143 164
143 172
143 177
143 244
143 251
143 255
143 272
143 286
143 303
143 341
144 167
144 195
144 252
144 280
144 305
144 311
144 316
144 319
144 334
144 338
144 345
145 174
145 197
145 217
145 219
145 222
145 232
145 307
145 333
146 176
146 217
146 254
146 285
146 300
146 304
146 316
146 343
147 151
147 207
147 209
147 221
147 232
147 247
147 262
147 273
147 282
147 285
147 291
147 301
147 320
147 327
147 349
148 171
148 176
148 213
148 242
148 249
148 279
148 322
148 330
148 342
149 163
149 171
149 192
149 195
149 196
149 232
149 273
149 287
149 304
149 319
149 332
149 344
150 151
150 165
150 166
150 170
150 189
150 204
150 213
150 249
150 265
150 285
150 311
151 170
151 181
151 184
151 223
151 256
151 258
151 289
151 331
151 337
151 343
151 347
152 165
152 176
152 179
152 181
152 185
152 202
152 243
152 248
152 258
152 316
152 326
152 350
153 182
153 205
153 218
153 220
153 253
153 310
153 323
153 343
154 155
154 181
154 192
154 201
154 207
154 268
154 305
154 311
154 313
154 329
154 337
155 165
155 174
155 183
155 185
155 196
155 215
155 219
155 226
155 261
155 271
155 292
155 323
155 329
155 331
155 341
156 160
156 168
156 181
156 187
156 201
156 215
156 261
156 263
156 271
156 284
156 293
156 299
156 315
156 334
156 344
157 170
157 174
157 181
157 214
157 236
157 319
157 324
157 327
158 200
158 226
158 248
158 257
158 259
158 293
158 312
158 320
159 243
159 244
159 293
159 311
159 325
160 167
160 188
160 224
160 236
160 253
160 284
160 336
160 347
161 218
161 249
161 305
161 331
161 332
162 165
162 194
162 197
162 200
162 254
162 262
162 273
162 300
162 319
162 337
163 235
163 247
163 289
163 312
163 327
163 332
164 190
164 202
164 212
164 278
164 285
164 302
164 303
164 315
164 322
164 340
165 191
165 194
165 253
165 260
165 276
165 329
166 177
166 220
166 222
166 233
166 259
166 262
166 302
166 303
166 337
166 347
166 350
167 188
167 207
167 242
167 254
167 304
167 323
168 210
168 257
168 262
168 298
168 326
168 332
168 336
169 174
169 177
169 183
169 186
169 198
169 245
169 250
169 261
169 279
170 179
170 180
170 198
170 217
170 221
170 230
170 254
170 309
171 197
171 198
171 207
171 222
171 270
171 279
171 308
171 320
171 327
171 350
172 178
172 196
172 225
172 249
172 270
172 304
172 324
172 340
173 191
173 209
173 210
173 221
173 247
173 251
173 288
173 294
174 183
174 202
174 203
174 204
174 251
174 266
174 276
174 282
174 289
174 297
174 320
174 323
174 347
175 184
175 188
175 189
175 234
175 240
175 251
175 264
175 280
175 293
175 294
175 295
175 296
175 302
175 324
175 332
175 336
176 207
176 210
176 215
176 230
176 259
176 272
176 283
176 294
176 301
176 308
176 329
176 337
176 338
176 348
177 189
177 209
177 210
177 236
177 248
177 273
177 279
177 301
177 304
177 310
177 315
177 317
177 324
177 332
178 187
178 204
178 229
178 231
178 235
178 242
178 280
178 298
178 311
178 323
178 326
179 181
179 201
179 219
179 221
179 237
179 277
179 280
179 289
179 324
179 327
179 333
179 334
179 348
179 349
180 181
180 218
180 220
180 221
180 304
180 315
180 327
181 210
181 246
181 275
181 291
181 297
181 307
181 332
181 335
182 219
182 240
182 275
182 305
182 348
183 188
183 204
183 219
183 222
183 259
184 197
184 198
184 201
184 202
184 231
184 285
184 302
184 346
184 349
185 194
185 197
185 255
185 266
185 267
185 298
185 312
185 313
185 324
185 326
186 209
186 239
186 247
186 262
186 276
186 313
186 321
187 212
187 227
187 271
187 277
187 293
187 299
187 318
187 335
187 338
188 203
188 245
188 251
189 230
189 241
189 319
189 327
189 350
190 195
190 215
190 239
190 282
190 317
190 346
190 349
191 200
191 209
191 210
191 226
191 273
191 286
191 324
192 223
192 314
192 331
192 349
192 350
193 206
193 243
193 270
193 278
193 279
193 296
193 317
193 320
194 195
194 198
194 202
194 205
194 284
194 295
194 297
194 344
195 228
195 235
195 281
196 198
196 200
196 206
196 213
196 232
196 245
196 246
196 270
196 346
196 349
197 216
197 222
197 238
197 288
197 291
197 294
197 298
197 299
197 350
198 230
198 238
198 251
198 258
198 297
198 315
198 345
199 204
199 221
199 247
199 250
199 277
199 346
200 217
200 258
200 276
200 286
200 292
200 300
200 308
200 329
201 223
201 266
201 273
201 276
201 298
201 349
202 204
202 214
202 253
202 261
202 269
202 302
202 307
202 312
202 328
202 335
203 300
203 306
203 312
203 326
203 330
203 340
203 350
204 209
204 231
204 238
204 265
204 279
204 285
204 286
205 211
205 247
205 251
205 295
205 296
205 318
205 328
205 348
206 220
206 250
206 267
206 273
206 307
206 309
206 310
206 349
207 218
207 245
207 254
207 261
207 263
207 265
207 270
207 312
207 324
207 334
207 342
208 221
208 223
208 277
208 301
208 309
208 330
208 333
208 342
209 215
209 270
209 307
209 312
209 337
209 348
210 222
210 228
210 244
210 251
210 320
210 327
210 334
210 340
211 212
211 286
211 296
211 300
211 337
211 341
212 223
212 228
212 238
212 254
212 256
212 276
212 316
212 322
213 234
213 244
213 253
213 299
213 311
213 324
213 342
214 271
214 274
214 299
214 341
214 344
215 230
215 261
215 277
215 326
215 330
216 222
216 227
216 280
216 281
216 295
216 300
216 317
216 330
216 345
217 239
217 252
217 261
217 267
217 306
217 313
217 321
218 230
218 231
218 250
218 269
218 291
218 294
218 296
218 304
218 308
218 312
219 226
219 243
219 286
219 295
219 311
219 337
219 348
220 239
220 254
220 262
220 270
220 275
220 285
220 291
220 296
220 326
220 329
220 339
221 233
221 245
221 259
221 272
221 334
221 338
222 226
222 278
222 285
222 293
222 296
222 304
222 314
222 327
222 331
222 339
222 343
222 349
223 241
223 247
223 257
223 259
223 274
223 339
224 259
224 281
224 308
224 318
224 334
224 342
225 261
225 276
225 294
226 253
226 259
226 260
226 306
226 337
226 338
227 241
227 242
227 247
227 253
227 275
227 277
227 284
227 311
227 332
228 236
228 237
228 253
228 279
228 302
228 310
228 322
228 326
228 331
228 343
228 347
229 245
229 248
229 270
229 271
229 302
229 343
229 346
230 240
230 255
230 320
230 335
230 340
231 260
231 273
231 281
231 292
231 312
232 284
232 313
232 318
232 334
232 339
233 259
233 279
233 288
233 326
233 332
233 342
234 249
234 308
234 320
234 324
234 327
234 332
234 349
235 254
235 256
235 289
235 290
235 306
236 242
236 256
236 290
236 292
236 297
236 300
236 316
236 320
237 271
237 321
238 246
238 250
238 280
238 321
238 329
238 350
239 252
239 277
239 288
239 298
239 335
240 247
240 248
240 281
240 312
241 257
241 274
241 318
241 329
242 266
242 276
242 305
242 323
243 244
243 307
243 317
243 340
244 257
244 258
244 264
244 269
244 279
244 308
244 336
245 273
245 297
245 299
245 302
246 274
246 336
247 252
247 302
247 311
247 336
248 251
248 268
248 288
248 322
249 251
249 258
249 260
249 317
250 310
250 338
251 268
251 270
251 323
252 285
252 318
252 336
252 343
253 297
253 302
253 305
253 319
253 349
254 270
254 287
254 314
254 320
254 342
255 262
255 273
255 303
255 316
255 321
255 338
255 350
256 268
256 273
256 281
256 313
256 317
256 327
257 297
257 315
257 319
257 347
258 285
258 313
258 315
258 331
258 348
259 261
259 269
259 303
259 322
259 330
260 269
260 297
260 314
260 319
260 334
261 262
261 267
261 292
261 299
261 312
262 273
262 280
262 304
262 316
262 335
262 337
263 286
263 292
263 293
263 304
263 308
263 313
263 325
263 331
263 336
263 346
263 348
264 273
264 309
264 319
265 285
265 295
265 327
265 333
265 334
265 344
266 294
267 275
267 294
267 327
267 333
268 296
268 307
268 311
268 340
269 288
269 292
269 302
269 338
270 271
270 281
270 292
270 303
270 305
270 322
270 332
270 338
270 339
270 343
271 283
271 298
271 300
271 305
271 308
271 336
272 285
272 289
272 311
272 316
272 326
273 286
273 297
273 302
273 307
273 326
274 276
274 319
274 334
276 286
276 288
276 312
276 328
276 341
276 346
276 349
277 329
277 341
278 294
278 318
278 341
279 287
279 302
281 326
282 296
282 332
283 339
285 311
285 340
286 348
287 305
288 290
288 345
288 349
289 300
289 311
289 317
290 303
290 324
290 342
290 345
291 293
291 308
291 327
291 333
292 347
293 305
293 342
294 308
294 313
294 343
295 312
295 314
295 332
296 316
297 300
297 309
297 328
297 337
298 306
298 311
298 316
299 318
299 319
300 304
300 323
301 305
301 329
302 303
302 312
302 321
302 335
303 320
303 349
303 350
304 317
304 329
304 333
304 335
305 318
305 346
306 308
306 315
307 308
309 331
309 341
310 336
310 340
311 323
311 336
311 342
312 317
312 325
312 332
312 334
313 329
314 331
315 326
315 345
316 332
318 322
318 337
320 341
320 346
321 326
321 330
321 347
322 342
322 347
322 349
323 326
324 331
324 333
324 335
324 340
325 341
327 330
327 345
327 348
330 336
330 341
330 342
331 339
332 334
332 339
333 347
334 336
334 347
335 345
336 349
337 350
341 347
347 348
348 349
