475 2912
1 49
1 102
1 139
1 219
1 431
2 9
2 130
2 131
2 134
2 158
2 206
2 220
2 227
2 259
2 288
2 318
2 383
2 416
2 460
3 36
3 41
3 106
3 278
3 291
3 314
3 380
3 474
4 45
4 85
4 102
4 142
4 153
4 169
4 172
4 178
4 207
4 221
4 222
4 251
4 289
4 383
4 438
4 456
5 21
5 35
5 39
5 62
5 73
5 130
5 137
5 196
5 247
5 293
5 338
5 358
5 360
5 397
5 445
5 457
5 470
6 136
6 144
6 189
6 207
6 255
6 303
6 418
6 469
7 34
7 54
7 170
7 305
7 329
7 375
7 422
8 26
8 37
8 105
8 165
8 169
8 207
8 239
8 245
8 288
8 322
8 324
8 341
8 351
8 357
8 361
8 366
8 443
8 446
9 31
9 90
9 97
9 107
9 119
9 147
9 169
9 207
9 242
9 251
9 426
9 434
9 462
10 34
10 70
10 85
10 100
10 124
10 140
10 165
10 293
10 314
10 352
10 370
10 403
10 415
10 430
10 471
11 22
11 30
11 48
11 89
11 94
11 111
11 115
11 315
11 352
11 377
11 392
11 405
12 15
12 121
12 178
12 199
12 201
12 259
12 261
12 311
12 358
12 392
12 408
12 426
12 429
12 457
13 68
13 92
13 141
13 197
13 240
13 291
13 366
13 424
13 444
14 35
14 113
14 132
14 143
14 162
14 226
14 270
14 288
14 294
14 323
14 350
14 355
14 365
14 422
14 427
15 91
15 119
15 128
15 198
15 227
15 228
15 229
15 251
15 395
15 399
15 404
15 430
15 435
15 446
15 463
16 19
16 132
16 157
16 178
16 186
16 255
16 297
16 356
16 372
16 409
16 418
16 443
16 451
16 460
17 22
17 31
17 33
17 47
17 59
17 60
17 74
17 131
17 191
17 244
17 295
17 382
17 467
18 24
18 82
18 105
18 125
18 162
18 191
18 199
18 210
18 215
18 285
18 413
18 464
18 473
19 35
19 62
19 120
19 175
19 179
19 217
19 270
19 369
19 420
19 473
20 107
20 133
20 142
20 215
20 223
20 228
20 319
20 393
21 36
21 57
21 153
21 162
21 174
21 379
21 388
21 472
22 50
22 144
22 162
22 178
22 186
22 198
22 200
22 214
22 217
22 224
22 299
22 336
22 387
22 407
22 415
23 28
23 70
23 87
23 99
23 124
23 127
23 147
23 286
23 287
23 299
23 327
23 359
23 366
23 397
23 401
24 78
24 140
24 153
24 193
24 216
24 227
24 383
24 386
24 395
24 405
24 435
24 439
24 455
25 105
25 111
25 180
25 184
25 190
25 214
25 291
25 314
25 410
25 414
25 430
26 41
26 54
26 64
26 76
26 119
26 147
26 149
26 201
26 218
26 248
26 291
26 298
26 349
26 403
26 435
26 470
27 108
27 177
27 237
27 269
27 315
27 320
27 469
28 38
28 40
28 86
28 101
28 131
28 152
28 160
28 194
28 217
28 259
28 362
28 434
29 37
29 53
29 78
29 163
29 257
29 272
29 325
29 358
29 423
29 460
30 63
30 137
30 145
30 170
30 206
30 261
30 279
30 291
30 306
30 336
30 427
31 54
31 103
31 113
31 158
31 176
31 209
31 304
31 327
31 335
31 354
31 363
31 404
31 444
32 115
32 156
32 193
32 294
32 337
32 338
32 410
33 57
33 78
33 97
33 135
33 136
33 150
33 253
33 299
33 390
34 187
34 289
34 320
34 401
34 417
35 67
35 83
35 86
35 109
35 189
35 196
35 216
35 252
35 276
35 421
36 87
36 140
36 154
36 156
36 232
36 235
36 254
36 265
36 309
36 395
36 410
36 442
37 47
37 111
37 122
37 150
37 161
37 182
37 216
37 268
37 299
37 321
37 325
37 326
37 364
37 402
38 136
38 173
38 175
38 250
38 284
38 286
38 351
38 370
38 372
38 390
38 445
38 459
39 127
39 132
39 178
39 181
39 191
39 281
39 396
39 463
40 48
40 97
40 101
40 102
40 244
40 275
40 388
40 391
40 417
40 418
40 459
40 461
40 465
41 136
41 180
41 217
41 282
41 351
41 359
41 447
41 459
41 463
42 49
42 86
42 90
42 130
42 196
42 215
42 282
42 291
42 326
42 348
42 361
42 403
42 422
43 96
43 111
43 112
43 126
43 140
43 167
43 176
43 203
43 235
43 276
43 334
43 428
43 433
44 118
44 138
44 147
44 160
44 168
44 208
44 274
44 288
44 362
44 419
44 463
44 472
45 52
45 67
45 96
45 112
45 130
45 199
45 243
45 271
45 312
45 417
45 443
46 81
46 174
46 208
46 254
46 262
46 284
46 302
46 306
46 308
46 432
46 469
47 106
47 114
47 124
47 213
47 263
47 377
47 394
47 420
47 468
48 69
48 93
48 241
48 334
48 400
48 412
49 63
49 67
49 117
49 231
49 248
49 293
49 326
49 354
49 363
49 371
49 409
49 416
49 452
49 460
50 277
50 322
50 340
50 389
50 426
50 436
50 440
50 451
50 466
51 118
51 201
51 206
51 215
51 230
51 299
51 408
51 445
52 105
52 122
52 302
52 365
52 411
52 424
52 430
52 466
53 182
53 233
53 234
53 244
53 265
53 289
53 297
53 304
53 316
53 319
53 324
53 347
53 349
53 359
53 386
53 434
53 439
54 174
54 192
54 204
54 219
54 260
54 351
54 354
54 419
54 422
54 430
54 439
55 76
55 110
55 138
55 154
55 210
55 305
55 352
55 363
55 371
55 428
56 93
56 141
56 144
56 167
56 168
56 178
56 290
56 306
56 324
56 350
56 377
56 385
56 398
56 406
57 84
57 98
57 103
57 109
57 138
57 211
57 245
57 266
57 318
57 325
57 340
57 347
57 429
57 469
58 109
58 181
58 243
58 260
58 262
58 280
58 287
58 293
58 295
58 424
59 91
59 118
59 157
59 177
59 220
59 237
59 242
59 333
59 335
59 337
59 404
60 71
60 74
60 131
60 279
60 319
60 444
60 471
61 113
61 121
61 151
61 160
61 161
61 168
61 210
61 271
61 308
61 335
61 336
61 371
61 444
61 447
62 88
62 117
62 141
62 147
62 251
62 284
62 328
62 347
62 358
63 94
63 134
63 144
63 153
63 160
63 167
63 200
63 207
63 239
63 300
63 350
63 353
63 359
63 397
63 425
63 433
63 475
64 67
64 90
64 91
64 163
64 216
64 287
64 321
64 442
65 111
65 114
65 148
65 176
65 192
65 235
65 241
65 261
65 269
65 332
65 391
65 402
65 457
65 459
65 470
66 117
66 195
66 200
66 242
66 284
66 292
66 313
66 359
66 393
66 398
66 404
66 430
66 470
67 114
67 146
67 162
67 168
67 270
67 290
67 364
67 379
67 385
67 426
68 92
68 116
68 159
68 176
68 288
68 292
68 339
68 353
68 355
69 93
69 143
69 147
69 150
69 156
69 161
69 198
69 348
69 404
69 441
69 466
70 95
70 162
70 233
70 243
70 250
70 289
70 296
70 334
70 338
70 452
70 455
71 188
71 223
71 249
71 263
71 265
71 268
71 283
71 286
71 385
72 116
72 130
72 134
72 181
72 193
72 202
72 330
72 389
72 426
72 430
72 457
72 461
72 466
73 85
73 150
73 187
73 341
73 431
73 450
74 75
74 99
74 135
74 171
74 186
74 259
74 270
74 295
74 321
74 420
74 429
74 462
75 226
75 259
75 264
75 272
75 282
75 369
75 383
75 416
75 435
76 158
76 195
76 196
76 220
76 269
76 306
76 311
76 318
76 351
77 82
77 111
77 132
77 166
77 296
77 337
77 380
77 420
77 435
77 470
78 101
78 105
78 165
78 187
78 232
78 248
78 263
78 373
78 398
78 407
78 415
79 148
79 172
79 186
79 214
79 270
79 313
79 361
79 464
80 87
80 131
80 146
80 173
80 184
80 205
80 258
80 302
80 333
80 446
81 157
81 160
81 262
81 274
81 294
81 308
81 319
81 331
81 393
81 395
81 422
81 456
82 160
82 266
82 284
82 301
82 304
82 366
82 382
82 408
82 454
83 97
83 142
83 161
83 172
83 248
83 275
83 279
83 345
83 434
83 457
83 475
84 124
84 152
84 183
84 228
84 247
84 365
84 377
84 457
84 471
85 104
85 143
85 218
85 317
85 327
85 334
85 380
85 413
85 415
85 432
86 129
86 132
86 144
86 178
86 189
86 209
86 233
86 247
86 302
86 324
86 363
86 412
86 443
86 450
87 101
87 102
87 104
87 131
87 243
87 459
87 466
87 472
88 109
88 113
88 133
88 227
88 264
88 274
88 303
88 323
88 329
88 371
89 95
89 141
89 170
89 194
89 284
89 330
89 345
89 409
89 432
89 435
90 95
90 117
90 122
90 250
90 280
90 364
90 373
90 405
90 425
90 456
91 132
91 143
91 152
91 226
91 276
91 335
91 342
91 347
92 186
92 254
92 258
92 269
92 279
92 329
92 349
92 412
93 157
93 187
93 209
93 324
93 392
93 458
93 470
94 139
94 244
94 421
94 423
94 428
95 152
95 167
95 271
95 319
95 426
95 445
96 118
96 153
96 216
96 244
96 311
96 354
96 366
96 369
96 400
96 406
96 425
97 171
97 248
97 260
97 301
97 347
97 387
97 436
97 451
98 200
98 206
98 207
98 245
98 262
98 264
98 352
98 370
98 376
98 398
99 164
99 178
99 192
99 204
99 230
99 231
99 311
99 381
99 384
99 413
99 426
99 430
100 128
100 166
100 203
100 204
100 269
100 281
100 305
100 328
100 365
100 368
100 457
100 459
101 135
101 141
101 153
101 178
101 214
101 222
101 332
101 342
101 368
101 413
101 426
102 103
102 110
102 161
102 200
102 242
102 249
102 266
102 280
102 326
102 362
102 370
102 407
102 456
103 141
103 184
103 254
103 263
103 375
103 392
103 420
103 426
103 453
103 473
104 169
104 182
104 196
104 199
104 254
104 259
104 278
104 331
104 411
105 110
105 129
105 165
105 262
105 270
105 296
105 301
105 314
105 383
105 393
105 412
105 458
106 189
106 196
106 347
106 354
106 355
106 379
106 387
106 392
106 463
106 471
107 136
107 173
107 185
107 214
107 236
107 262
107 281
107 326
107 344
107 354
107 366
107 430
107 437
107 459
108 121
108 145
108 152
108 185
108 296
108 372
108 387
108 443
108 453
109 141
109 152
109 179
109 185
109 196
109 210
109 298
109 306
109 323
109 327
109 470
110 122
110 152
110 159
110 170
110 184
110 215
110 254
110 283
110 295
110 390
110 428
110 432
110 448
110 452
111 142
111 157
111 163
111 259
111 311
111 323
111 363
111 447
111 460
112 178
112 190
112 246
112 265
112 293
112 363
112 371
112 376
112 418
112 430
112 471
113 119
113 170
113 248
113 325
113 394
113 398
113 470
114 117
114 143
114 158
114 165
114 199
114 215
114 239
114 271
114 283
114 399
114 433
114 474
115 131
115 155
115 170
115 215
115 257
115 372
115 444
115 467
116 138
116 262
116 304
116 408
116 448
116 464
116 475
117 118
117 125
117 132
117 182
117 195
117 220
117 282
117 296
117 300
117 340
117 380
118 147
118 209
118 217
118 233
118 262
118 289
118 465
119 148
119 213
119 222
119 225
119 343
119 350
119 368
119 373
119 385
119 400
119 465
119 466
120 164
120 246
120 307
120 323
120 332
120 351
120 360
120 423
120 462
120 463
121 123
121 193
121 195
121 200
121 208
121 230
121 243
121 307
121 317
121 344
121 362
121 364
121 380
121 405
121 448
122 234
122 254
122 341
122 348
122 354
122 368
122 377
122 383
122 419
122 460
123 221
123 243
123 274
123 281
123 365
123 399
123 400
123 412
124 162
124 192
124 246
124 295
124 346
124 355
124 364
124 376
124 415
124 438
124 451
124 454
125 142
125 165
125 175
125 239
125 389
125 393
125 426
125 428
125 448
126 138
126 169
126 340
126 356
126 437
127 130
127 256
127 258
127 296
127 306
127 308
127 313
127 361
127 424
127 430
127 460
128 134
128 184
128 267
128 286
128 305
128 390
128 399
128 415
129 160
129 276
129 299
129 342
129 360
129 393
129 400
130 131
130 137
130 187
130 201
130 286
130 300
130 343
130 390
130 397
130 401
131 172
131 200
131 226
131 240
131 287
131 327
131 343
131 366
131 367
131 390
131 401
131 418
131 446
131 449
132 138
132 155
132 166
132 202
132 224
132 225
132 253
132 268
132 282
132 293
132 328
132 356
132 375
132 437
133 151
133 162
133 199
133 270
133 389
134 166
134 179
134 224
134 239
134 247
134 265
134 268
134 270
134 291
134 334
134 386
134 396
134 411
134 474
135 320
135 324
135 348
135 390
135 406
135 439
136 139
136 165
136 233
136 247
136 274
136 305
136 338
136 349
136 384
136 388
137 166
137 211
137 220
137 248
137 273
137 349
137 356
137 365
137 421
137 428
137 442
138 148
138 163
138 195
138 227
138 259
138 301
138 389
139 214
139 218
139 254
139 261
139 267
139 269
139 317
139 358
139 391
140 180
140 253
140 259
140 291
140 307
140 332
140 395
140 406
140 415
140 442
140 453
141 151
141 152
141 154
141 173
141 185
141 200
141 211
141 247
141 278
141 279
141 338
141 341
141 389
141 401
141 414
141 431
142 144
142 186
142 268
142 280
142 315
142 382
142 383
142 385
142 436
142 450
143 187
143 314
143 446
144 162
144 192
144 257
144 311
144 442
144 448
144 472
145 212
145 242
145 246
145 250
145 414
145 429
146 155
146 259
146 272
146 318
146 331
146 347
146 413
146 440
146 454
147 150
147 172
147 191
147 203
147 217
147 241
147 271
147 369
147 387
147 434
147 455
148 151
148 208
148 252
148 255
148 314
148 337
148 430
148 450
148 464
149 223
149 224
149 285
149 317
149 323
149 335
149 377
149 384
149 438
149 468
149 469
150 189
150 208
150 328
150 346
150 355
150 363
150 366
150 377
151 207
151 345
151 346
151 358
151 362
151 391
152 197
152 199
152 261
152 277
152 319
153 155
153 296
153 308
153 331
153 340
154 169
154 177
154 204
154 230
154 287
154 307
154 334
154 347
154 368
154 370
154 446
155 174
155 233
155 280
155 339
155 405
155 420
155 421
155 438
155 441
155 453
156 162
156 197
156 240
156 246
156 269
156 273
156 304
156 368
156 415
156 434
157 253
157 254
157 300
157 307
157 317
157 320
157 324
157 337
157 369
157 471
158 194
158 221
158 251
158 283
158 342
158 403
159 190
159 210
159 214
159 240
159 289
159 313
159 382
159 410
160 194
160 202
160 209
160 216
160 227
160 228
160 244
160 295
160 307
160 343
160 351
160 361
160 410
160 432
160 461
161 191
161 236
161 280
161 293
161 348
161 381
162 247
162 253
162 264
162 292
162 306
162 318
162 336
162 415
162 447
163 178
163 205
163 230
163 248
163 294
163 356
163 358
163 386
163 441
164 209
164 214
164 226
164 276
164 287
164 311
164 320
164 343
164 405
165 188
165 196
165 199
165 246
165 247
165 259
165 281
165 345
165 388
165 409
165 418
165 420
165 445
166 177
166 263
166 345
166 400
167 216
167 229
167 345
167 378
167 383
167 386
167 408
167 445
167 455
168 171
168 190
168 197
168 279
168 302
168 304
168 329
169 192
169 280
169 422
170 183
170 330
170 447
171 181
171 220
171 237
171 265
171 342
171 345
171 419
172 241
172 266
172 333
172 378
172 399
173 183
173 216
173 262
173 281
173 299
173 320
173 347
173 361
173 434
173 454
174 193
174 217
174 230
174 260
174 313
174 314
174 319
174 348
174 363
174 382
174 388
174 405
175 178
175 221
175 241
175 244
175 256
175 276
175 297
175 328
175 370
175 410
176 217
176 219
176 255
176 261
176 278
176 346
176 357
176 388
176 460
176 463
177 182
177 253
177 258
177 298
177 351
177 415
177 434
177 460
177 461
178 196
178 203
178 226
178 276
178 404
178 408
178 416
179 185
179 231
179 242
179 248
179 274
179 277
179 298
179 363
179 415
180 242
180 246
180 248
180 308
180 319
180 376
180 397
180 411
180 431
180 442
180 443
181 239
181 256
181 259
181 264
181 269
181 304
181 332
181 399
181 404
181 438
181 447
182 401
182 429
182 452
182 453
182 463
183 218
183 219
183 348
183 430
183 465
184 193
184 278
184 423
184 444
184 473
185 199
185 266
185 309
185 335
185 378
185 384
185 410
186 222
186 280
186 287
186 297
186 302
186 340
186 347
186 351
186 374
186 458
186 461
187 204
187 247
187 258
187 336
187 353
187 365
187 446
188 214
188 377
188 452
189 245
189 279
189 287
189 288
189 300
189 438
189 456
189 468
190 193
190 262
190 389
190 423
190 473
191 222
191 226
191 236
191 255
191 256
191 263
191 264
191 356
191 410
191 441
191 450
191 456
192 244
192 254
192 365
192 384
193 247
193 274
193 311
193 349
193 359
193 360
193 362
193 395
194 196
194 209
194 279
194 345
194 363
194 371
194 374
195 197
195 246
196 238
196 256
196 331
196 335
196 382
196 406
197 226
197 228
197 232
197 269
197 412
197 439
198 232
198 278
198 279
198 296
198 383
198 396
198 437
198 467
199 222
199 247
199 296
199 299
199 311
199 317
199 325
199 351
199 384
199 395
200 234
200 243
200 266
200 294
200 345
200 350
200 352
200 391
200 426
200 441
200 475
201 228
201 230
201 234
201 246
201 257
201 265
201 275
201 315
201 341
201 365
201 375
201 377
201 407
202 217
202 350
202 358
202 396
202 405
202 440
203 215
203 220
203 234
203 366
203 368
203 431
203 461
203 471
204 243
204 250
204 280
204 357
204 396
204 397
204 430
204 452
204 471
205 251
205 252
205 279
205 289
205 293
205 326
205 410
206 291
206 302
206 320
206 331
206 358
207 303
207 328
207 340
207 378
207 438
207 451
207 464
207 469
208 235
208 261
208 284
208 290
208 343
209 230
209 246
209 251
209 259
209 276
209 326
209 417
209 428
209 473
210 212
210 257
210 290
210 295
210 323
210 340
211 232
211 236
211 255
211 299
211 399
211 407
211 470
211 473
212 240
212 295
212 436
212 451
213 215
213 288
213 304
213 350
213 356
213 404
213 454
213 474
214 280
214 359
214 393
214 459
215 264
215 283
215 332
215 446
216 250
216 261
216 298
216 320
216 327
216 409
216 457
216 467
217 257
217 320
217 338
217 362
217 460
218 241
218 253
218 264
218 332
218 447
218 460
218 464
218 467
219 262
219 301
219 305
219 312
219 320
219 369
219 381
219 459
220 272
220 279
220 309
220 360
220 412
220 435
220 438
221 252
221 265
221 321
221 346
221 355
222 294
222 297
222 307
222 374
222 377
222 426
222 451
222 455
222 470
223 230
223 268
223 277
223 321
223 427
223 451
224 323
224 334
224 402
224 406
224 459
225 246
225 324
225 375
225 376
225 392
225 415
225 417
225 430
225 460
225 467
226 257
226 305
226 357
226 376
226 378
226 389
226 404
227 416
227 423
228 236
228 289
228 290
228 340
228 352
228 394
229 239
229 387
229 411
229 438
229 469
230 297
230 359
230 450
230 472
231 250
231 260
231 273
231 310
231 349
231 391
231 393
231 412
232 251
232 324
232 420
232 449
233 267
233 278
233 321
233 367
233 430
233 460
234 236
234 265
234 311
234 380
234 398
234 405
234 408
234 435
234 453
235 270
235 464
236 262
236 266
236 346
236 384
236 385
236 402
236 434
236 449
236 460
237 247
237 248
237 277
237 397
237 433
237 438
237 439
237 458
238 267
238 295
238 353
238 388
238 471
238 474
239 294
239 366
239 416
240 262
240 350
240 386
240 444
240 458
241 268
241 279
241 306
241 314
241 358
241 360
241 373
241 374
241 376
241 379
241 390
241 401
241 410
241 435
241 461
241 465
242 250
242 253
242 259
242 331
242 381
242 405
242 451
243 403
243 405
243 416
243 473
244 257
244 280
244 298
244 390
244 391
244 424
244 444
244 445
245 257
245 298
245 352
245 467
246 258
246 307
246 375
246 425
246 459
247 307
247 474
248 312
248 338
248 346
248 435
248 437
248 469
249 274
249 352
249 380
249 415
249 428
249 437
249 453
250 308
250 318
250 357
250 394
250 413
250 467
250 475
251 268
251 289
251 298
251 351
251 355
251 400
251 437
252 315
252 374
252 463
253 261
253 356
253 445
254 264
254 318
254 323
254 373
255 288
255 293
255 313
255 346
255 402
255 433
255 445
255 457
256 295
256 325
256 349
256 354
256 460
256 475
257 267
257 268
257 289
257 316
257 392
257 444
258 300
258 345
258 432
259 281
259 330
259 343
259 353
259 383
259 409
259 445
260 275
260 330
260 339
260 359
260 373
260 409
260 414
260 440
260 443
260 465
261 333
261 405
262 277
262 282
262 296
262 383
262 432
262 439
263 288
263 366
263 371
263 417
263 436
263 475
264 294
264 308
264 324
264 339
264 340
264 378
264 388
264 393
264 394
264 426
264 455
265 290
265 299
265 356
265 425
265 472
266 354
267 274
267 347
267 404
267 412
267 472
268 311
269 397
270 290
270 308
270 342
270 360
270 376
270 385
270 394
270 414
270 435
270 456
271 344
271 466
272 310
272 338
272 349
272 419
272 473
273 341
273 366
273 382
273 416
274 277
274 302
275 331
275 348
275 358
275 367
275 409
275 471
276 279
276 286
276 316
276 386
276 417
277 284
277 296
277 304
277 314
277 347
277 368
277 386
277 411
277 415
277 425
278 325
278 372
278 395
279 430
279 452
280 302
280 386
280 426
281 293
281 298
281 367
281 371
281 417
282 320
282 321
282 349
282 357
282 366
282 424
282 445
283 356
283 396
283 400
283 472
283 474
284 285
284 289
284 303
284 340
284 375
284 413
284 466
285 297
285 335
285 336
285 372
285 420
285 464
286 308
286 351
286 371
286 429
286 453
287 294
287 319
287 355
287 365
287 367
287 452
288 315
288 345
288 362
288 368
288 454
288 472
289 338
289 357
289 386
289 437
290 324
290 345
290 399
290 425
290 433
291 320
291 339
291 372
292 319
292 371
292 427
293 312
293 336
293 380
293 410
293 436
293 473
294 313
294 386
295 408
296 304
296 388
296 412
296 462
296 475
297 298
297 360
297 366
297 418
297 461
298 321
298 338
298 347
298 371
298 377
298 394
298 438
299 326
300 426
301 332
301 393
301 401
301 408
301 425
302 309
302 317
302 381
303 392
304 451
304 469
305 317
305 336
305 363
305 414
305 455
306 389
306 393
306 422
306 463
307 312
307 346
307 355
307 358
307 364
307 367
307 421
307 437
308 382
308 432
308 445
308 453
309 328
309 331
309 339
309 387
309 426
309 437
309 455
309 468
310 365
310 385
310 407
310 444
310 446
311 336
311 339
311 351
311 399
312 327
312 346
312 354
312 372
312 382
312 465
313 339
313 385
313 413
313 456
314 395
314 419
315 404
315 414
315 424
315 441
316 342
316 365
316 384
316 468
316 472
317 318
317 432
318 378
318 381
318 412
318 472
319 409
320 330
320 404
320 421
320 426
320 456
320 465
321 335
321 350
321 360
321 387
323 338
323 349
323 366
323 458
324 326
324 349
324 379
326 350
326 380
326 391
326 449
326 466
326 474
327 329
327 361
327 382
327 394
327 460
328 346
328 454
328 474
329 338
329 445
330 331
330 355
330 401
330 423
330 426
330 448
330 470
331 391
331 398
331 435
331 468
332 359
332 392
332 436
333 365
333 399
333 437
334 373
334 388
334 413
334 432
334 437
334 466
335 346
335 359
335 362
335 428
336 355
336 366
336 419
337 344
337 370
337 452
337 466
338 353
338 375
338 378
338 384
338 435
339 344
339 440
340 425
341 372
341 438
341 463
342 414
342 422
342 431
343 465
344 358
344 367
344 397
345 357
345 359
345 375
345 383
345 418
345 424
346 363
346 397
346 458
347 350
347 361
347 423
347 428
347 443
348 349
348 377
348 410
349 398
349 461
350 355
350 446
351 365
351 410
352 353
352 379
352 391
352 461
353 366
353 409
353 445
353 460
354 379
354 411
354 429
354 456
355 368
355 382
355 385
355 422
355 433
356 394
356 414
356 437
356 457
357 364
357 406
357 419
357 452
357 472
358 361
358 375
358 460
358 469
359 391
359 393
359 406
359 427
359 466
360 470
361 414
362 471
363 404
363 440
363 455
363 465
364 395
364 423
364 434
365 376
365 406
365 435
365 439
366 420
366 454
367 435
367 461
367 470
368 435
369 415
369 418
369 445
369 460
369 464
370 380
370 396
370 417
371 407
371 442
371 455
372 394
372 416
372 426
373 423
374 401
374 441
374 475
375 396
375 425
375 429
375 461
375 463
375 464
376 408
376 410
376 468
377 378
377 383
377 390
377 403
377 417
377 444
378 405
378 413
378 458
379 406
379 415
379 432
380 429
380 451
380 471
381 389
381 392
381 399
382 424
383 408
383 444
384 416
386 415
386 419
387 399
387 423
387 443
387 451
387 470
390 396
391 398
392 435
393 441
393 473
395 420
396 411
396 420
396 438
397 428
398 401
398 429
398 455
399 423
399 424
399 442
399 443
402 444
403 426
403 430
404 473
405 470
406 409
406 416
406 417
407 416
407 441
407 445
408 451
410 418
411 416
412 425
413 454
413 467
415 436
416 436
418 452
418 471
419 424
419 427
420 435
420 460
421 424
423 465
425 444
425 457
426 428
426 432
427 431
427 449
428 429
428 439
428 441
429 438
431 446
432 441
432 460
437 457
437 466
438 471
439 473
439 474
440 447
441 446
441 471
442 443
442 456
443 445
443 451
445 463
446 463
448 456
448 472
449 459
451 454
451 457
452 455
453 475
454 469
454 470
457 462
461 474
464 466
465 473
465 475
467 474
