325 1871
1 32
1 112
1 193
1 259
1 261
1 271
1 301
1 308
1 311
2 61
2 73
2 109
2 165
2 207
2 208
2 214
2 238
2 240
2 271
2 297
2 309
3 32
3 101
3 161
3 163
3 205
3 209
3 218
3 260
3 270
3 285
3 299
3 315
3 325
4 58
4 61
4 123
4 151
4 213
4 225
4 230
4 234
5 20
5 29
5 54
5 57
5 63
5 73
5 104
5 105
5 111
5 126
5 128
5 132
5 149
5 171
5 221
5 310
5 313
6 16
6 72
6 86
6 117
6 136
6 165
6 237
6 247
6 323
7 25
7 26
7 65
7 101
7 139
7 171
7 189
7 194
7 198
7 259
8 29
8 34
8 93
8 121
8 148
8 237
8 242
9 23
9 55
9 89
9 103
9 114
9 125
9 166
9 189
9 211
9 234
9 273
9 276
9 316
9 325
10 43
10 75
10 107
10 123
10 140
10 146
10 178
10 183
10 221
10 222
10 225
10 228
10 272
10 295
10 301
11 50
11 95
11 124
11 177
11 203
11 209
11 256
11 276
11 320
12 33
12 41
12 87
12 109
12 224
12 252
12 261
12 267
12 303
12 308
12 316
13 14
13 17
13 22
13 26
13 56
13 63
13 74
13 76
13 88
13 149
13 180
13 231
13 232
13 270
13 273
14 17
14 19
14 149
14 188
14 204
14 207
14 249
14 266
15 16
15 39
15 47
15 49
15 53
15 73
15 115
15 118
15 130
15 192
15 201
15 208
15 216
15 217
15 237
16 17
16 36
16 67
16 123
16 153
16 184
16 220
16 221
16 250
16 261
16 280
16 293
16 298
17 55
17 73
17 88
17 92
17 147
17 211
17 245
17 266
17 276
17 305
18 80
18 204
18 227
18 262
18 269
18 295
18 300
18 307
19 76
19 105
19 152
19 166
19 170
19 207
19 216
19 219
19 235
19 241
19 249
19 252
19 321
20 31
20 59
20 76
20 86
20 132
20 192
20 284
20 321
21 51
21 89
21 91
21 92
21 113
21 127
21 142
21 151
21 165
21 213
21 226
21 231
21 282
21 303
22 42
22 71
22 86
22 103
22 175
22 202
22 262
22 291
22 304
22 317
22 318
23 52
23 66
23 157
23 168
23 179
23 268
23 312
24 63
24 81
24 131
24 167
24 170
24 201
24 207
24 209
24 255
25 45
25 70
25 79
25 142
25 165
25 234
25 252
26 34
26 36
26 42
26 71
26 132
26 143
26 156
26 182
26 228
26 268
26 307
27 65
27 90
27 113
27 118
27 156
27 213
27 235
27 275
28 36
28 41
28 56
28 77
28 116
28 128
28 312
28 322
28 323
29 79
29 98
29 106
29 109
29 153
29 177
29 184
29 199
29 203
29 230
29 253
29 271
29 321
30 79
30 154
30 229
30 238
30 286
30 312
31 38
31 55
31 66
31 164
31 180
31 197
31 246
31 251
31 270
31 281
31 314
31 315
31 320
32 49
32 50
32 121
32 188
33 61
33 84
33 93
33 105
33 106
33 108
33 129
33 132
33 134
33 142
33 159
33 211
33 217
33 223
33 225
33 237
33 238
33 240
33 244
33 263
33 272
33 286
34 51
34 69
34 82
34 118
34 147
34 148
34 158
34 221
34 268
34 269
35 53
35 80
35 88
35 99
35 108
35 208
35 212
35 253
35 275
35 310
35 315
36 96
36 144
36 152
36 214
36 217
36 237
36 267
36 283
36 300
36 321
37 57
37 87
37 120
37 124
37 154
37 167
37 175
37 197
37 206
37 213
37 220
37 276
37 307
37 312
37 316
37 321
38 91
38 143
38 174
38 185
38 186
38 215
38 239
38 242
39 50
39 74
39 81
39 124
39 131
39 138
39 191
39 198
39 271
39 280
39 300
40 44
40 56
40 87
40 104
40 153
40 225
40 229
40 238
41 104
41 245
41 256
41 263
41 276
42 48
42 73
42 156
42 217
42 293
43 72
43 85
43 124
43 163
43 195
43 201
43 243
43 264
43 274
44 80
44 127
44 158
44 173
44 221
44 255
44 268
44 291
44 301
44 316
45 68
45 103
45 106
45 133
45 135
45 167
45 187
45 234
45 255
45 287
45 304
45 325
46 47
46 58
46 79
46 104
46 125
46 143
46 144
46 236
46 238
46 260
46 284
46 298
47 108
47 126
47 187
47 201
47 273
47 307
48 62
48 104
48 130
48 132
48 167
48 189
48 208
48 215
48 290
49 168
49 169
49 178
49 180
49 219
49 238
49 306
49 318
49 320
49 321
50 60
50 62
50 94
50 119
50 141
50 182
50 185
50 280
50 287
50 299
50 305
50 319
50 325
51 102
51 114
51 117
51 157
51 162
51 222
51 287
51 310
52 122
52 155
52 158
52 237
52 244
52 260
52 262
52 269
53 90
53 91
53 118
53 129
53 157
53 184
53 189
53 228
53 230
53 291
53 302
53 316
54 124
54 237
54 324
55 109
55 154
55 188
55 197
55 257
55 272
55 297
55 307
55 313
56 61
56 87
56 100
56 114
56 115
56 117
56 164
56 182
56 256
56 257
56 264
56 269
57 103
57 118
57 140
57 193
57 261
57 262
57 320
58 83
58 94
58 110
58 116
58 129
58 158
58 161
58 186
58 195
58 222
58 230
58 232
58 260
58 262
58 325
59 60
59 93
59 106
59 110
59 155
59 182
59 218
59 283
59 320
60 76
60 84
60 107
60 126
60 142
60 168
60 176
60 199
60 230
60 243
60 263
60 272
61 115
61 144
61 162
61 202
61 203
61 213
61 220
61 228
61 272
61 273
61 307
61 314
61 320
62 63
62 65
62 70
62 84
62 133
62 141
62 212
62 307
62 314
63 73
63 89
63 174
63 229
63 246
63 266
63 283
64 69
64 96
64 102
64 127
64 134
64 144
64 220
64 222
64 234
64 247
64 283
64 290
64 318
64 323
65 75
65 103
65 232
65 233
65 240
65 260
65 280
65 318
66 102
66 170
66 198
66 227
66 257
66 262
66 296
67 136
67 140
67 154
67 191
67 271
68 130
68 179
68 187
68 198
68 256
69 96
69 97
69 118
69 165
69 182
69 188
69 189
69 233
69 292
69 301
69 318
70 98
70 101
70 127
70 133
70 143
70 154
70 157
70 161
70 193
70 214
70 249
70 291
70 308
70 311
70 322
71 84
71 213
71 226
71 252
71 300
71 323
72 115
72 146
72 214
72 221
72 273
72 276
73 76
73 118
73 124
73 178
73 200
73 267
73 306
73 310
74 100
74 122
74 150
74 197
74 199
74 206
74 222
74 282
74 294
74 295
74 325
75 78
75 84
75 129
75 142
75 148
75 223
75 230
75 295
75 325
76 191
76 259
76 274
77 83
77 90
77 119
77 156
77 165
77 209
77 217
77 259
77 260
77 293
77 316
78 93
78 131
78 133
78 140
78 145
78 187
78 188
78 215
78 230
78 240
78 241
78 289
78 293
78 300
78 305
78 310
79 83
79 116
79 130
79 262
79 267
79 275
79 313
79 321
80 155
80 202
80 241
80 295
81 101
81 112
81 113
81 134
81 172
81 182
81 232
82 103
82 111
82 129
82 171
82 178
82 180
82 188
82 210
82 254
82 271
83 127
83 158
83 166
83 176
83 182
83 215
83 252
83 284
83 288
83 324
84 96
84 118
84 171
84 220
84 224
85 130
85 134
85 240
85 241
85 253
85 280
85 314
85 317
85 323
86 87
86 104
86 144
86 147
86 246
86 288
86 314
86 317
86 320
87 93
87 192
87 220
87 257
88 95
88 131
88 198
88 207
88 251
88 264
88 268
89 102
89 115
89 169
89 194
89 215
89 240
89 242
89 267
89 287
89 295
89 312
90 93
90 174
90 192
90 214
90 315
91 112
91 134
91 161
91 215
91 231
91 287
91 302
92 98
92 113
92 121
92 177
92 182
92 276
92 296
92 318
92 321
93 99
93 136
93 154
93 167
93 191
93 217
94 120
94 172
94 212
94 255
94 277
94 298
94 316
95 119
95 122
95 124
95 143
95 180
95 193
95 210
95 252
95 266
95 289
95 294
96 139
96 150
96 166
96 189
96 210
96 265
97 100
97 121
97 176
97 194
97 223
97 255
97 272
97 278
98 123
98 149
98 238
98 263
98 308
98 319
98 321
99 102
99 132
99 183
99 195
99 270
99 280
100 186
100 191
100 244
100 247
100 295
100 306
100 319
101 107
101 144
101 152
101 168
101 247
101 277
101 315
101 323
102 117
102 144
102 150
102 162
102 171
102 177
102 181
102 206
102 213
102 254
102 256
102 268
102 281
102 300
103 122
103 129
103 141
103 162
103 178
103 186
103 221
103 248
103 255
103 269
103 276
103 278
103 280
103 293
104 105
104 147
104 160
104 232
104 241
104 314
105 140
105 211
105 219
105 263
105 267
105 270
105 277
105 291
105 320
106 107
106 131
106 151
106 158
106 167
106 193
106 224
106 256
106 306
106 308
106 309
106 310
106 311
107 148
107 165
107 178
107 180
107 221
107 223
107 257
107 285
107 291
108 111
108 164
108 170
108 212
108 263
109 121
109 122
109 171
109 196
109 207
109 224
109 265
109 279
109 322
110 111
110 112
110 158
110 197
110 233
110 257
110 268
110 281
111 130
111 137
111 181
111 201
111 218
111 227
111 268
111 283
111 287
111 318
112 202
112 236
112 247
112 299
112 320
112 321
113 120
113 158
113 179
113 264
113 305
114 137
114 155
114 170
114 171
114 195
114 270
114 272
114 289
114 319
115 170
115 179
115 186
115 238
115 239
115 254
115 258
115 263
115 265
115 271
115 281
115 284
115 304
115 314
115 324
116 168
116 181
116 198
116 238
116 304
117 204
117 227
117 240
117 259
117 277
118 210
118 213
118 216
118 226
118 238
118 254
118 266
118 304
118 321
119 137
119 141
119 151
119 182
119 223
119 255
119 288
119 297
119 307
119 325
120 146
120 149
120 173
120 226
120 267
120 271
120 286
121 122
121 171
121 209
121 233
121 244
121 267
121 281
121 298
121 316
122 199
122 220
122 251
122 270
122 276
122 287
122 323
123 141
123 142
123 218
123 246
123 275
123 300
123 306
123 309
124 134
124 180
124 182
124 234
124 260
124 275
124 277
125 156
125 192
125 222
125 249
125 262
125 295
125 302
126 142
126 161
126 196
126 233
126 275
126 292
127 159
127 165
127 203
127 207
127 270
127 277
127 309
128 129
128 145
128 151
128 183
128 197
128 228
128 262
128 299
128 323
129 134
129 137
129 139
129 176
129 189
130 163
130 165
130 175
130 178
130 190
130 197
130 226
130 256
131 146
131 167
131 171
131 181
131 218
131 219
131 230
131 233
131 250
131 273
131 281
131 300
131 304
132 145
132 197
132 215
132 219
132 239
132 240
132 262
132 289
132 291
132 302
133 145
133 159
133 176
133 203
133 210
133 212
133 242
133 251
134 141
134 179
134 213
134 239
134 262
135 263
135 270
136 146
136 156
136 226
136 241
136 281
136 313
137 150
137 199
137 210
137 269
137 294
138 151
138 282
139 155
139 165
139 170
139 186
139 187
139 243
139 249
139 259
139 296
139 308
139 312
139 315
140 165
140 176
140 177
140 191
140 212
140 253
140 267
140 311
141 153
141 185
141 262
141 267
141 293
141 311
142 174
142 189
142 262
142 302
143 184
143 186
143 191
143 209
143 221
143 240
143 244
143 255
143 261
143 304
143 316
144 149
144 152
144 166
144 235
144 242
144 298
144 324
145 175
145 213
145 216
145 243
145 257
145 258
146 156
146 187
146 200
146 215
146 234
146 259
146 266
146 269
146 295
146 323
146 324
147 180
147 182
147 216
147 226
147 253
147 267
147 280
147 284
147 286
148 180
148 225
148 231
148 262
148 279
148 290
148 304
149 155
149 194
149 213
149 265
149 268
150 173
150 281
150 288
150 303
150 309
151 211
151 273
151 280
151 287
151 303
152 250
152 283
153 160
153 188
153 242
153 283
153 304
153 310
154 236
154 279
154 280
154 282
155 176
155 189
155 191
155 219
155 231
155 298
155 315
155 319
156 170
156 173
156 216
156 246
156 257
156 273
156 274
156 284
156 288
157 175
157 234
157 263
157 306
157 320
158 164
158 182
158 225
158 228
158 244
158 289
159 161
159 192
159 202
159 228
159 237
159 280
159 314
159 317
160 195
160 216
160 284
161 246
161 262
161 263
161 276
161 287
161 319
161 320
161 321
162 172
162 196
162 208
162 214
162 229
162 270
162 289
162 321
163 182
163 195
163 212
163 236
163 282
164 186
164 227
164 287
164 299
165 185
165 266
165 306
166 205
166 234
166 282
166 293
167 183
167 219
167 257
167 318
167 324
168 172
168 178
168 184
168 245
168 316
169 178
169 222
169 224
169 240
169 261
169 325
170 195
170 198
170 216
170 256
170 306
171 224
171 238
171 271
171 274
171 297
172 180
172 206
172 214
172 224
173 184
173 228
173 239
173 257
173 262
173 263
173 267
173 272
173 289
173 297
173 310
173 311
174 209
174 222
174 277
174 283
175 176
175 232
175 234
175 246
175 321
176 185
176 188
176 194
176 236
176 252
176 295
176 298
176 302
176 320
178 194
178 201
178 222
178 273
178 294
179 257
180 199
180 219
180 244
180 267
180 275
180 289
180 305
181 182
181 197
181 290
182 237
182 253
182 259
182 263
182 265
182 272
183 188
183 200
183 248
183 279
183 281
183 282
184 217
184 229
184 244
184 254
184 266
184 297
184 301
185 271
185 274
185 282
186 259
186 309
187 245
187 250
187 269
187 298
187 310
188 199
188 206
188 228
188 272
188 288
188 295
188 298
188 301
189 197
189 213
189 266
189 274
189 292
190 205
190 207
190 222
190 261
190 297
190 312
191 265
191 294
191 317
192 201
192 219
192 237
192 290
192 316
193 201
193 237
194 211
194 218
194 251
195 255
195 323
196 208
196 212
196 228
196 230
196 241
196 291
196 295
196 316
197 206
197 254
197 290
197 319
198 243
198 256
198 276
198 277
198 311
199 212
199 289
199 303
199 321
200 224
200 237
200 243
200 295
200 304
200 305
200 308
200 313
201 214
201 239
201 295
201 298
202 208
202 224
202 266
202 278
202 280
202 321
202 323
203 225
203 241
203 253
203 257
203 261
203 273
203 293
203 317
204 220
204 259
204 289
204 318
204 320
205 209
205 213
205 232
205 238
205 273
205 277
205 295
205 320
205 321
206 215
206 219
206 233
206 248
206 257
206 263
206 281
206 303
207 220
207 242
207 296
207 298
208 211
208 229
208 251
208 298
208 303
209 247
209 254
209 311
209 324
210 227
210 309
210 310
210 321
211 260
211 282
211 297
211 306
211 311
212 277
212 283
212 285
212 294
212 300
213 268
213 320
214 237
214 251
215 234
215 239
215 248
215 273
215 279
215 285
216 229
216 233
216 247
216 283
217 220
217 276
217 290
217 293
217 299
218 267
218 287
218 325
219 220
219 229
219 257
219 302
219 312
220 221
220 229
220 271
221 243
221 266
221 298
222 261
222 285
222 296
223 230
223 244
223 271
223 283
223 310
223 325
224 225
224 230
224 283
224 292
225 228
225 267
225 294
226 244
226 257
226 272
226 319
227 280
227 285
227 301
227 324
228 285
229 281
229 306
230 259
230 266
230 311
231 241
231 266
231 280
231 312
232 257
232 285
233 256
233 261
233 276
233 311
233 313
233 320
235 240
235 256
235 276
235 296
235 319
236 288
236 295
237 240
237 267
238 262
238 266
239 248
239 313
240 261
240 273
240 291
240 316
241 316
242 270
242 283
242 308
242 315
243 247
243 264
244 249
244 255
244 283
244 299
245 290
245 302
245 306
245 310
246 264
246 321
247 283
247 313
247 322
248 250
248 269
248 298
249 294
250 258
250 275
250 307
251 268
252 254
252 266
252 297
252 299
252 323
253 270
254 277
254 279
254 287
255 290
257 262
257 268
257 278
257 313
258 260
258 264
258 278
258 280
258 290
258 304
258 306
259 271
259 318
259 319
262 288
263 283
263 284
263 303
263 324
264 278
264 308
265 274
265 291
265 308
266 272
267 270
267 278
267 321
268 303
268 314
269 298
269 301
269 303
270 297
270 309
272 276
272 279
272 289
272 300
272 303
272 314
273 299
273 316
274 304
276 319
276 325
277 317
277 324
278 314
278 320
281 304
283 284
284 313
285 290
286 290
287 313
289 305
289 306
290 296
292 304
292 321
295 298
295 322
296 301
296 312
297 299
298 301
298 318
299 306
299 323
300 312
300 313
301 313
302 321
304 324
305 309
311 315
313 315
315 317
316 324
318 320
