150 754
1 9
1 13
1 16
1 19
1 56
1 61
1 71
1 88
1 100
1 116
1 122
1 133
2 24
2 27
2 32
2 53
2 62
2 82
2 109
2 118
2 143
2 147
2 148
3 6
3 30
3 37
3 49
3 60
3 70
3 73
3 92
3 98
3 103
3 105
3 124
3 132
3 141
4 9
4 29
4 30
4 32
4 45
4 46
4 50
4 78
4 82
4 93
4 95
4 125
5 28
5 46
5 118
6 9
6 44
6 70
6 75
6 98
6 102
6 104
6 106
6 113
6 121
6 146
7 8
7 17
7 24
7 31
7 45
7 56
7 57
7 58
7 63
7 79
7 86
7 87
7 93
7 106
7 118
7 119
7 142
8 15
8 17
8 20
8 24
8 25
8 42
8 59
8 78
8 89
8 92
8 102
8 104
8 119
9 32
9 44
9 61
9 86
9 90
9 148
10 24
10 26
10 33
10 61
10 91
10 106
10 122
10 124
11 37
11 42
11 46
11 47
11 68
11 74
11 82
11 92
11 93
11 96
11 116
11 129
11 137
12 23
12 24
12 26
12 41
12 70
12 71
12 77
12 93
12 128
12 132
13 23
13 49
13 52
13 77
13 96
13 97
13 117
13 139
13 140
13 141
14 73
14 78
14 80
14 112
14 124
14 130
15 40
15 99
15 104
15 109
15 117
15 135
16 31
16 65
16 74
16 86
16 93
16 128
16 142
17 51
17 56
17 77
17 94
17 104
18 21
18 28
18 29
18 46
18 91
18 92
18 110
18 117
18 125
18 139
18 145
19 74
19 76
19 88
19 95
19 118
19 121
19 146
19 147
20 31
20 42
20 51
20 59
20 64
20 76
20 79
20 89
20 96
20 109
20 122
20 137
20 140
20 141
20 146
20 150
21 31
21 55
21 62
21 71
21 79
21 85
21 113
22 45
22 66
22 74
22 94
22 102
22 108
22 117
22 119
22 120
22 121
22 144
23 59
23 84
23 87
23 88
23 112
23 122
23 142
24 33
24 41
24 52
24 54
24 55
24 62
24 71
24 84
24 98
24 99
24 118
24 121
24 122
24 143
25 66
25 67
25 71
25 80
25 99
25 129
26 67
26 78
26 109
26 131
26 142
27 40
27 42
27 84
27 134
28 49
28 60
28 62
28 74
28 75
28 106
28 121
28 126
28 141
29 34
29 49
29 59
29 62
29 63
29 74
29 108
29 122
29 127
29 136
29 137
30 40
30 55
30 61
30 74
30 101
30 132
30 145
31 36
31 52
31 53
31 55
31 64
31 67
31 100
31 128
31 131
31 135
32 36
32 43
32 60
32 68
32 70
32 71
32 78
32 98
32 123
32 136
32 139
33 35
33 40
33 65
33 73
33 74
33 75
33 117
33 140
34 59
34 73
34 77
34 91
34 98
34 125
34 128
34 133
34 150
35 44
35 60
35 88
35 100
35 126
35 127
35 128
36 43
36 52
36 62
36 63
36 73
36 96
36 114
36 115
36 136
37 38
37 47
37 51
37 52
37 62
37 68
37 69
37 80
37 89
38 43
38 60
38 72
38 90
38 106
38 112
38 130
38 137
39 62
39 68
39 75
39 108
39 111
39 114
39 138
39 148
40 43
40 51
40 56
40 57
40 67
40 112
40 121
40 122
40 139
41 42
41 43
41 45
41 79
41 86
41 100
41 131
41 133
41 148
42 45
42 54
42 74
42 119
42 125
43 45
43 64
43 67
43 69
43 127
43 135
43 144
43 145
44 53
44 59
44 62
44 109
44 143
45 61
45 65
45 70
45 90
45 92
45 134
45 138
46 82
46 84
46 141
47 50
47 74
47 77
47 81
47 93
47 103
47 106
47 122
47 142
47 146
47 147
48 57
48 63
48 80
48 82
48 96
48 99
48 109
48 147
48 148
48 149
49 67
49 69
49 70
49 86
49 87
49 118
50 51
50 69
50 84
50 88
50 91
50 108
50 121
50 128
50 141
50 150
51 62
51 67
51 74
51 86
51 134
52 54
52 133
52 140
53 93
53 103
53 110
53 137
53 144
54 67
54 87
54 139
55 88
55 119
55 121
55 127
55 140
56 85
56 89
56 100
56 118
56 120
56 135
57 58
57 83
57 123
57 134
58 62
58 69
58 101
58 109
58 123
58 141
58 145
58 146
59 64
59 79
59 103
59 141
60 91
60 97
60 105
60 119
61 94
61 96
61 97
61 119
61 132
61 141
62 63
62 99
62 135
63 136
64 68
64 93
64 99
64 148
65 71
65 73
65 78
65 90
65 126
65 150
66 68
66 111
66 121
66 138
66 148
67 76
67 92
67 105
67 106
67 121
67 133
67 135
68 76
68 77
68 90
68 100
68 101
68 114
68 149
69 77
69 85
69 96
69 111
69 115
69 119
69 140
70 82
70 90
70 100
70 104
70 134
70 138
70 145
71 101
71 142
71 143
72 84
72 99
72 150
73 98
73 100
73 112
73 126
74 88
74 95
75 78
75 93
75 108
76 98
76 105
76 113
76 121
77 111
77 132
77 136
77 137
77 147
77 150
78 92
78 103
78 127
78 143
78 149
79 81
79 108
79 112
79 123
79 133
79 146
80 89
80 98
80 110
80 111
80 115
80 131
80 147
81 93
81 101
81 127
81 130
82 105
82 117
82 127
83 84
83 93
83 110
83 111
83 113
83 118
83 139
83 150
84 86
84 90
84 95
84 123
84 130
85 122
85 135
85 140
85 145
86 123
86 141
87 118
87 133
87 146
87 150
88 93
88 121
89 90
89 98
89 109
89 120
89 140
89 145
90 97
90 99
90 102
90 108
90 115
91 92
91 96
91 105
91 115
91 117
91 134
91 139
91 146
92 129
92 132
92 133
92 142
92 149
93 110
93 118
93 130
93 137
93 148
94 98
95 99
95 130
95 131
95 136
95 140
95 146
96 115
96 136
97 98
97 121
97 128
97 129
97 136
97 146
98 117
98 129
98 131
98 140
98 142
98 146
99 141
99 145
100 112
100 129
100 139
101 116
101 119
101 128
101 140
101 150
102 116
102 140
103 118
103 142
104 105
104 106
104 113
104 124
104 127
104 133
105 115
105 141
106 110
106 122
106 124
106 139
106 146
107 123
107 133
107 136
107 142
107 145
108 126
109 129
110 113
111 135
111 142
112 137
112 140
113 114
113 136
115 130
115 132
115 135
115 144
115 150
116 117
117 128
117 134
117 139
117 147
118 126
119 124
119 130
119 141
119 148
121 134
123 124
123 125
123 137
123 138
126 134
126 137
126 141
126 143
126 148
127 140
128 133
128 145
128 147
129 134
129 150
130 143
131 145
132 136
132 140
132 147
133 134
134 137
134 140
135 145
137 139
138 139
138 141
138 145
139 147
140 141
