100 431
1 3
1 18
1 37
1 44
1 68
2 24
2 27
2 31
2 44
2 48
3 10
3 12
3 13
3 18
3 21
3 30
3 48
3 63
3 91
4 29
4 40
4 46
4 59
4 79
4 81
5 23
5 66
5 77
5 88
5 97
6 16
6 31
6 48
6 68
6 89
6 90
6 93
7 22
7 44
7 56
7 69
7 83
7 88
7 94
8 11
8 12
8 14
8 29
8 33
8 34
8 37
8 44
8 45
8 46
8 62
8 73
9 19
9 25
9 31
9 47
9 57
9 64
9 66
9 68
9 79
9 83
10 20
10 26
10 33
10 59
10 71
10 76
10 79
10 92
11 41
11 51
11 77
11 86
11 96
12 44
12 51
12 58
12 61
12 65
12 70
12 88
12 91
12 99
13 15
13 34
13 42
13 53
13 69
13 71
13 81
13 87
14 18
14 20
14 32
14 83
14 92
15 23
15 25
15 30
15 65
15 67
15 93
16 27
16 55
16 57
16 61
16 74
16 82
16 88
16 96
17 20
17 24
17 68
17 69
17 84
17 100
18 21
18 22
18 24
18 30
18 31
18 36
18 51
18 68
18 71
18 92
19 40
19 44
19 47
19 48
19 56
19 63
19 64
19 67
19 68
19 78
19 90
20 22
20 37
20 44
20 61
20 64
20 95
21 54
21 79
21 87
21 90
22 31
22 40
22 51
22 70
22 93
23 27
23 28
23 35
23 47
23 51
23 61
23 75
23 84
24 44
24 56
24 57
24 67
24 74
24 80
24 96
25 39
25 64
25 66
25 73
25 75
25 91
26 32
26 35
26 60
26 61
26 64
26 68
26 78
27 35
27 36
27 41
27 44
27 45
27 54
28 41
28 55
28 66
28 74
28 75
28 89
28 93
29 39
29 59
29 64
29 81
29 84
30 73
30 76
30 82
31 45
31 60
31 68
31 80
31 85
31 89
31 93
31 94
31 100
32 81
32 95
33 35
33 39
33 40
33 53
33 56
33 86
33 91
34 44
34 46
34 47
34 49
34 57
34 87
34 92
35 38
35 40
35 42
35 69
35 71
35 76
35 88
35 92
36 46
36 54
36 67
36 69
36 74
36 75
36 84
36 85
37 56
37 81
37 91
37 97
37 100
38 45
38 59
38 80
38 81
39 66
39 68
39 76
39 83
39 86
39 90
39 91
40 44
40 70
40 72
40 75
40 86
40 89
40 93
40 96
41 56
41 71
41 79
42 49
42 51
42 72
42 79
42 84
42 85
42 88
42 93
43 46
43 52
43 66
43 86
44 48
44 68
44 70
44 90
45 49
45 59
45 68
45 76
45 96
46 59
46 94
46 95
46 98
47 67
47 88
47 90
47 94
47 95
48 52
48 71
48 91
48 94
49 72
49 75
49 88
49 89
49 97
50 66
50 82
51 56
51 62
51 76
51 78
51 80
51 86
52 85
52 92
52 100
53 94
54 61
54 62
54 72
54 73
54 79
54 80
54 86
54 97
54 98
55 84
55 90
56 92
57 66
57 84
57 85
58 70
58 71
58 82
58 97
59 66
59 98
60 67
60 79
60 88
60 90
60 96
61 64
61 71
61 89
61 95
62 81
62 98
62 99
63 75
63 89
64 74
64 77
64 87
64 89
64 100
65 71
65 89
66 72
66 74
68 69
68 72
68 84
69 73
69 74
69 80
69 83
69 91
69 95
69 100
70 89
71 87
71 90
71 94
71 97
72 75
72 82
72 90
72 96
72 97
73 75
73 77
73 81
73 85
73 86
73 93
74 78
74 86
74 88
74 92
74 94
75 80
75 86
75 93
76 84
76 90
76 98
77 78
77 85
78 81
78 83
78 98
79 96
80 81
80 92
80 93
80 94
81 90
83 91
83 97
85 86
85 87
85 94
85 99
86 90
86 94
87 88
87 89
87 95
90 100
93 99
94 100
