350 2013
1 23
1 67
1 109
1 126
1 148
1 160
1 161
1 231
2 15
2 17
2 25
2 69
2 75
2 102
2 117
2 208
2 237
2 250
2 303
3 36
3 62
3 83
3 93
3 123
3 127
3 190
3 264
3 350
4 44
4 90
4 122
4 181
4 187
4 300
4 317
5 48
5 63
5 134
5 144
5 166
5 167
5 168
5 213
5 215
5 279
5 343
6 21
6 41
6 62
6 72
6 79
6 100
6 103
6 108
6 151
6 168
6 175
6 184
6 215
6 262
6 270
6 290
7 9
7 14
7 41
7 54
7 146
7 153
7 159
7 185
7 208
7 237
7 262
7 343
8 23
8 26
8 67
8 71
8 78
8 116
8 130
8 167
8 172
8 197
8 207
8 264
8 268
8 304
8 305
8 317
8 333
8 342
8 350
9 13
9 87
9 106
9 173
9 186
9 188
9 199
9 206
9 264
9 303
9 345
10 34
10 48
10 64
10 171
10 189
10 222
10 257
10 279
10 284
10 303
10 338
11 100
11 160
11 167
11 180
11 181
11 207
11 236
11 250
11 285
11 331
12 34
12 36
12 47
12 112
12 127
12 134
12 207
12 246
12 283
12 333
12 338
13 23
13 97
13 98
13 199
13 236
13 326
13 339
14 30
14 84
14 155
14 231
14 270
14 284
15 27
15 62
15 76
15 82
15 90
15 97
15 104
15 193
15 206
15 275
15 285
16 51
16 64
16 103
16 176
16 186
16 212
16 264
16 280
16 314
17 36
17 45
17 54
17 92
17 93
17 147
17 219
17 233
17 234
17 243
17 289
17 294
17 310
17 319
17 320
17 324
17 335
17 345
18 100
18 154
18 157
18 194
18 250
18 264
18 281
18 288
18 296
18 322
18 339
18 342
18 349
19 45
19 101
19 291
20 25
20 125
20 140
20 163
20 212
20 233
20 305
21 41
21 93
21 115
21 149
21 158
21 179
21 191
21 280
21 308
22 104
22 124
22 187
22 199
22 267
22 323
23 87
23 93
23 121
23 135
23 177
23 265
23 270
23 298
23 324
23 328
23 330
23 342
24 43
24 65
24 70
24 77
24 83
24 118
24 155
24 161
24 227
24 247
24 292
24 299
24 305
25 89
25 148
25 171
25 214
25 248
25 254
25 282
25 326
25 346
26 44
26 98
26 147
26 188
26 217
26 218
26 221
26 224
26 254
26 269
26 276
26 326
27 36
27 73
27 120
27 121
27 172
27 191
27 260
27 272
27 314
28 44
28 101
28 105
28 114
28 117
28 145
28 155
28 168
28 195
28 252
28 284
28 297
28 320
28 342
28 344
29 247
29 260
29 275
29 309
29 324
30 46
30 47
30 130
30 135
30 200
30 215
30 217
30 220
30 272
30 346
31 33
31 35
31 146
31 156
31 217
31 237
31 251
31 305
31 339
32 43
32 55
32 75
32 121
32 140
32 174
32 197
32 245
32 332
33 120
33 151
33 152
33 188
33 305
33 311
33 315
33 321
33 322
33 329
34 139
34 286
34 323
34 328
35 65
35 80
35 141
35 213
35 219
35 235
35 272
35 277
36 50
36 77
36 78
36 84
36 93
36 144
36 234
36 252
36 267
36 323
37 116
37 126
37 148
37 156
37 182
37 187
37 229
37 289
38 64
38 100
38 167
38 188
38 208
38 211
38 245
38 257
38 269
38 271
38 332
39 58
39 129
39 182
39 194
39 204
39 223
39 255
39 278
39 286
40 42
40 156
40 159
40 164
40 248
40 251
40 259
40 264
40 275
40 289
40 323
41 62
41 98
41 128
41 140
41 211
41 218
41 226
41 284
42 71
42 93
42 125
42 133
42 139
42 159
42 182
42 235
42 258
42 318
42 341
43 149
43 157
43 163
43 196
43 246
43 249
43 255
43 267
43 344
44 61
44 122
44 145
44 162
44 167
44 173
44 198
44 259
44 293
44 323
44 330
45 64
45 78
45 127
45 248
45 266
45 277
45 278
45 336
46 54
46 76
46 109
46 122
46 136
46 174
46 251
46 258
46 279
46 347
47 196
47 220
47 338
48 83
48 85
48 94
48 126
48 167
48 175
48 194
48 210
48 226
48 265
48 291
48 295
48 325
48 339
49 86
49 111
49 128
49 135
49 147
49 153
49 173
49 190
49 196
49 219
49 261
49 262
49 293
49 310
49 329
49 333
50 87
50 116
50 183
50 196
50 207
50 234
50 240
50 265
50 274
50 301
50 321
51 52
51 92
51 105
51 137
51 152
51 161
51 210
51 213
51 220
51 290
51 317
52 60
52 83
52 100
52 117
52 119
52 142
52 157
52 173
52 216
52 226
52 236
52 253
52 333
52 345
53 130
53 139
53 146
53 275
53 335
54 56
54 130
54 137
54 156
54 178
54 226
54 228
54 233
54 270
54 281
54 324
54 330
54 336
54 343
55 60
55 65
55 107
55 134
55 136
55 152
55 207
55 267
55 294
55 320
55 346
56 96
56 140
56 212
56 232
56 335
57 94
57 147
57 166
57 184
57 267
57 268
58 95
58 109
58 117
58 138
58 155
58 214
58 224
58 255
58 262
58 274
58 311
59 62
59 72
59 116
59 131
59 136
59 148
59 193
59 243
59 274
59 292
60 136
60 166
60 210
60 212
60 230
60 242
60 319
60 332
60 336
61 82
61 123
61 144
61 154
61 171
61 216
61 257
61 258
61 303
61 350
62 72
62 121
62 177
62 187
62 272
62 323
62 326
62 338
63 72
63 89
63 110
63 215
63 227
63 235
63 238
63 246
63 251
63 276
63 321
64 71
64 75
64 134
64 204
64 205
64 242
64 244
64 257
64 299
64 306
65 75
65 109
65 117
65 130
65 187
65 188
65 257
65 284
65 332
65 335
66 68
66 96
66 162
66 184
66 207
66 208
66 225
66 286
66 305
66 319
67 96
67 126
67 129
67 138
67 148
67 166
67 184
67 216
67 224
67 255
67 274
67 278
67 285
67 302
67 316
67 328
67 329
68 124
68 125
68 148
68 159
68 208
68 246
68 254
68 256
68 257
68 305
68 321
68 336
68 344
69 86
69 88
69 132
69 136
69 166
69 173
69 177
69 185
69 234
69 242
69 261
69 288
69 291
69 297
69 332
70 99
70 127
70 221
70 237
70 250
70 264
70 338
71 109
71 120
71 138
71 234
71 251
71 316
71 347
72 94
72 97
72 113
72 132
72 157
72 200
72 227
72 264
72 275
72 286
72 307
72 314
72 334
73 77
73 115
73 123
73 138
73 152
73 192
73 216
73 226
73 233
73 235
73 301
74 113
74 133
74 194
74 266
74 271
74 274
74 302
74 304
75 108
75 111
75 136
75 152
75 158
75 160
75 171
75 189
75 215
75 254
75 255
75 282
75 300
76 80
76 95
76 108
76 115
76 120
76 121
76 139
76 152
76 235
76 270
76 288
76 298
77 79
77 117
77 140
77 175
77 232
77 241
77 244
77 254
77 287
77 291
77 313
77 315
78 114
78 142
78 177
78 179
78 189
78 192
78 195
78 237
78 249
78 293
79 248
79 273
79 298
79 305
79 335
80 131
80 136
80 148
80 182
80 286
80 303
80 348
80 349
81 82
81 132
81 173
81 220
81 290
81 320
81 323
81 330
81 337
82 85
82 110
82 160
82 175
82 279
82 294
82 319
82 327
82 350
83 151
83 216
83 246
83 308
84 92
84 95
84 106
84 148
84 160
84 198
84 231
84 262
84 270
84 286
84 300
84 303
84 309
84 318
85 88
85 148
85 158
85 169
85 192
85 196
85 219
85 260
85 322
86 94
86 97
86 107
86 240
86 320
86 329
87 127
87 134
87 148
87 263
87 276
87 304
87 325
88 125
88 144
88 150
88 171
88 176
88 185
88 302
88 343
88 350
89 110
89 144
89 187
89 189
89 250
89 251
89 257
89 269
89 299
89 326
90 111
90 112
90 130
90 140
90 148
90 161
90 179
90 185
90 240
90 260
90 295
91 201
91 223
91 311
92 97
92 168
92 182
92 235
92 346
92 350
93 121
93 212
93 255
93 261
93 273
93 274
93 341
94 105
94 114
94 139
94 178
94 182
94 266
94 288
94 312
95 100
95 101
95 107
95 115
95 123
95 145
95 260
95 330
96 98
96 106
96 127
96 177
96 182
96 185
96 228
96 270
96 277
96 286
96 297
97 113
97 118
97 166
97 167
97 171
97 174
97 189
97 206
97 231
97 257
97 327
98 126
98 170
98 233
98 244
98 328
99 131
99 174
100 114
100 192
100 204
100 337
101 154
101 161
101 166
101 179
101 188
101 201
101 215
101 250
101 263
101 298
102 182
102 198
102 216
102 245
102 249
102 275
102 290
102 318
102 329
102 331
102 346
103 120
103 142
103 148
103 196
103 198
103 218
103 220
103 231
103 275
103 292
103 312
103 346
104 106
104 118
104 203
105 138
105 165
105 170
105 192
105 198
105 213
105 265
105 266
105 267
105 274
105 284
105 286
105 303
105 309
106 227
106 242
106 268
106 272
107 119
107 155
107 167
107 180
107 185
107 188
107 193
107 194
107 244
107 272
107 288
108 165
108 171
108 185
108 187
108 239
108 269
108 295
109 112
109 176
109 181
109 182
109 231
109 323
110 128
110 164
110 167
110 185
110 186
110 214
110 225
110 237
110 260
110 278
110 291
110 302
110 331
111 160
111 176
111 202
111 212
111 229
111 289
111 326
111 337
112 129
112 176
112 177
112 327
113 114
113 116
113 130
113 206
113 257
113 277
113 281
113 301
113 314
113 330
114 172
114 173
114 191
114 213
114 220
114 234
114 235
114 265
114 283
114 318
114 338
115 142
115 144
115 156
115 172
115 176
115 225
115 251
115 256
115 257
115 288
115 293
115 313
116 117
116 128
116 211
116 243
116 262
116 345
117 225
117 232
117 267
117 290
117 296
117 300
117 307
117 312
117 320
117 346
118 164
118 172
118 182
118 202
118 216
118 241
118 258
118 334
118 339
119 141
119 150
119 180
119 211
119 255
119 274
119 283
119 287
119 324
119 334
120 130
120 190
120 204
120 213
120 253
120 293
120 307
121 131
121 181
121 182
121 188
121 225
121 255
121 259
121 280
121 284
121 317
121 335
122 126
122 135
122 211
122 219
122 259
122 264
122 304
122 335
123 137
123 183
123 190
123 278
123 279
123 317
123 343
124 183
124 214
124 235
124 261
124 303
124 349
125 180
125 182
125 187
125 190
125 222
125 231
125 233
125 243
125 250
125 260
125 292
125 294
126 141
126 222
126 262
126 275
126 307
127 189
127 210
127 212
127 245
127 255
127 256
127 259
127 269
127 290
127 304
128 157
128 158
128 171
128 199
128 230
128 257
128 282
129 133
129 176
129 194
129 301
129 343
130 152
130 164
130 185
130 206
130 232
130 233
130 284
131 196
131 219
131 220
131 236
131 284
131 292
131 301
131 312
131 337
131 347
132 145
132 176
132 214
132 253
132 257
132 350
133 135
133 161
133 196
133 202
133 245
133 257
133 347
134 178
134 225
134 234
134 246
134 262
134 300
134 305
134 336
134 344
135 186
135 190
135 196
135 244
135 291
135 313
135 319
135 344
136 195
136 199
136 215
136 275
136 276
136 279
136 334
136 340
137 170
137 229
137 281
137 298
138 195
138 259
138 264
138 299
138 317
138 319
139 172
139 178
139 200
139 212
139 229
140 156
140 160
140 182
140 207
140 235
140 245
140 276
140 314
140 316
140 329
141 142
141 161
141 164
141 175
141 195
141 225
141 262
141 264
141 277
141 280
141 328
141 342
142 166
142 209
142 250
142 261
142 286
142 300
143 156
143 158
143 194
143 258
143 317
143 349
144 147
144 160
144 216
144 219
144 225
144 232
144 249
144 255
144 274
144 314
144 331
145 166
145 167
145 237
145 252
145 266
145 333
145 346
146 171
146 174
146 188
146 221
146 233
146 238
146 332
146 333
147 158
147 191
147 219
147 229
147 249
147 302
147 318
147 324
147 335
148 314
148 320
148 346
149 158
149 161
149 256
149 264
149 265
149 269
149 270
149 278
149 294
149 341
150 194
150 196
150 204
150 257
151 156
151 241
151 323
151 336
152 168
152 171
152 234
153 158
153 264
153 268
153 276
153 294
153 300
153 303
153 323
154 179
154 192
154 218
154 246
154 256
155 196
155 199
155 209
155 224
155 227
155 273
155 297
155 311
155 348
156 183
156 254
156 297
156 303
156 315
156 319
156 321
156 327
157 195
157 238
157 269
157 306
157 349
158 185
158 246
159 167
159 178
159 340
160 197
160 198
160 215
160 220
160 259
160 260
160 295
160 316
160 319
161 168
161 215
161 237
161 244
161 264
161 338
162 171
162 175
162 201
162 308
163 239
163 270
163 293
163 308
164 219
164 260
164 261
164 296
164 313
165 172
165 189
165 219
165 311
165 330
166 176
166 192
166 291
166 333
167 225
167 234
167 257
167 260
167 272
167 297
167 311
167 315
167 326
167 341
167 345
168 173
168 178
168 189
168 198
168 235
168 237
168 245
168 247
169 212
169 224
169 241
169 244
169 298
170 175
170 218
170 219
170 302
171 232
171 305
172 218
172 284
173 193
173 196
173 200
173 208
173 209
173 309
173 319
174 230
174 257
174 279
174 287
174 317
174 338
175 186
175 218
175 222
175 313
176 249
176 281
176 291
176 295
176 325
177 184
177 204
177 221
177 241
177 294
177 305
177 319
177 321
177 325
177 339
177 344
177 346
178 242
178 261
178 271
178 295
178 330
178 334
178 335
178 337
179 311
179 345
180 230
180 233
180 244
180 286
181 205
181 308
181 342
181 349
182 190
182 209
182 214
182 215
182 241
182 256
182 291
182 300
182 328
182 338
183 186
183 224
183 242
183 262
183 312
183 331
184 215
184 216
184 231
184 233
184 241
184 304
184 310
184 320
184 345
185 195
185 261
185 332
185 333
186 211
186 218
186 224
186 237
186 283
186 285
186 293
186 346
187 227
187 231
187 241
187 275
187 306
187 336
187 346
188 308
188 323
189 190
189 237
189 259
189 273
190 222
190 243
190 275
190 333
190 349
191 202
191 225
191 266
191 281
191 331
191 333
191 342
192 213
192 250
192 258
192 263
192 326
192 340
193 235
193 288
193 293
193 297
193 312
193 334
193 338
194 209
194 264
194 269
194 328
194 340
195 207
195 224
195 245
195 291
195 307
195 309
196 229
196 240
196 259
196 308
196 310
196 329
197 246
197 275
197 287
197 326
198 199
198 207
198 255
198 268
198 272
198 291
198 295
198 312
198 319
199 218
199 223
199 288
199 289
199 310
199 325
199 327
199 340
199 343
200 201
200 282
200 304
200 311
200 313
200 328
201 322
202 235
202 258
202 268
202 281
202 292
202 304
202 311
202 325
202 327
202 339
202 341
203 226
203 227
203 243
203 259
203 269
203 303
203 305
203 311
203 316
203 324
204 219
204 310
205 231
205 253
205 295
205 298
205 304
205 324
206 316
206 339
207 325
208 240
208 277
208 310
208 323
208 332
209 212
209 213
209 282
209 329
209 348
210 219
210 226
210 312
211 224
211 253
211 280
211 297
212 258
212 261
212 301
212 304
213 243
213 253
213 262
214 342
215 274
215 349
216 224
216 234
216 236
216 251
216 275
216 296
216 313
217 226
217 260
217 279
217 314
218 222
219 314
219 318
219 326
219 329
219 339
219 349
220 221
220 271
220 292
220 301
221 304
221 311
221 314
221 333
222 269
222 283
223 312
223 314
224 310
224 316
225 256
225 321
225 323
225 333
225 341
226 237
226 254
226 284
226 299
226 312
226 313
227 277
227 293
227 298
227 301
227 344
228 243
228 265
228 320
228 333
229 247
229 259
229 324
230 235
230 253
230 330
230 346
231 284
231 298
231 339
232 242
232 264
232 267
232 308
232 336
232 341
233 287
233 348
234 237
234 252
236 246
236 247
236 258
236 268
236 309
237 275
237 307
238 259
238 290
239 242
239 248
239 277
239 308
239 311
239 327
240 258
240 292
240 326
241 256
241 302
242 282
242 294
242 341
242 347
243 255
243 280
243 311
244 266
244 314
245 281
245 299
245 335
245 338
246 253
246 293
247 289
247 312
247 321
247 348
248 250
248 256
248 271
248 280
248 307
249 262
249 297
250 253
250 268
251 259
251 331
252 267
253 300
254 285
254 286
255 317
255 319
256 277
256 304
256 322
256 327
257 337
257 339
258 267
258 272
258 274
258 286
258 334
259 292
259 299
259 335
259 339
259 342
259 350
260 294
260 297
260 329
260 350
261 318
262 291
262 314
262 322
262 329
262 342
263 264
263 273
263 287
263 336
264 266
264 289
265 274
265 297
265 332
266 275
266 279
266 304
266 310
266 313
266 326
267 271
267 275
267 307
267 336
268 282
268 301
268 303
268 305
268 320
268 326
268 346
269 272
269 294
269 319
270 284
270 295
270 300
271 276
271 282
271 325
272 307
272 309
272 310
272 313
273 282
273 310
273 339
273 350
274 297
274 328
274 329
276 320
276 347
277 279
277 299
277 307
277 347
278 303
278 322
278 342
279 288
279 312
280 282
280 297
280 302
280 325
281 289
281 316
281 318
282 291
284 298
284 299
284 325
284 344
285 300
285 309
286 292
286 302
286 334
286 337
287 303
287 336
289 304
289 313
290 292
290 304
290 338
291 311
292 301
292 312
292 343
293 331
294 339
295 311
295 338
296 327
297 320
297 342
298 350
299 310
299 312
299 320
299 346
300 306
300 335
301 310
301 316
302 303
302 350
303 347
304 322
304 345
305 308
305 311
305 345
306 307
306 310
306 321
306 326
307 333
309 312
309 334
310 335
310 343
311 346
312 321
313 323
313 331
313 334
313 337
313 343
314 320
314 336
316 335
317 328
318 337
319 321
320 341
323 343
323 344
324 330
325 327
325 328
330 341
331 337
332 342
337 339
337 340
344 345
346 349
349 350
