475 2894
1 7
1 51
1 94
1 106
1 130
1 139
1 141
1 143
1 180
1 244
1 255
1 313
1 355
1 368
1 370
1 378
1 429
2 42
2 50
2 63
2 140
2 158
2 182
2 333
2 353
2 382
2 444
3 57
3 63
3 104
3 153
3 180
3 207
3 212
3 225
3 261
3 307
3 308
3 320
3 321
3 334
3 364
4 9
4 42
4 64
4 122
4 138
4 184
4 212
4 248
4 311
4 318
4 341
4 379
4 383
4 445
4 469
5 50
5 51
5 58
5 81
5 109
5 133
5 240
5 259
5 364
5 368
5 369
5 370
5 415
6 59
6 94
6 104
6 125
6 144
6 198
6 221
6 286
6 344
6 348
6 382
6 457
7 130
7 180
7 207
7 283
7 335
7 391
8 30
8 173
8 256
8 332
8 362
8 400
8 419
8 455
8 463
8 466
9 116
9 120
9 279
9 283
9 340
9 353
9 413
9 415
9 420
9 421
9 455
9 459
10 38
10 40
10 47
10 80
10 121
10 122
10 125
10 131
10 168
10 235
10 266
10 342
10 435
11 35
11 48
11 130
11 185
11 210
11 244
11 259
11 284
11 290
11 372
11 411
11 459
12 19
12 38
12 75
12 127
12 132
12 140
12 150
12 156
12 244
12 429
13 139
13 258
13 329
13 331
13 334
13 346
13 350
13 379
13 397
13 411
13 465
14 29
14 31
14 33
14 83
14 114
14 117
14 125
14 148
14 171
14 214
14 219
14 220
14 281
14 342
14 376
14 381
14 411
14 436
14 447
14 451
14 454
15 24
15 26
15 65
15 127
15 137
15 151
15 175
15 201
15 210
15 344
15 425
15 426
15 451
16 41
16 91
16 96
16 126
16 134
16 199
17 34
17 99
17 115
17 168
17 170
17 174
17 230
17 236
17 283
17 298
17 312
17 322
17 325
17 327
17 334
17 397
17 461
17 471
18 64
18 71
18 125
18 223
18 344
18 422
18 469
18 475
19 67
19 159
19 182
19 209
19 229
19 384
19 419
20 46
20 73
20 96
20 108
20 110
20 212
20 249
20 266
20 346
21 26
21 80
21 130
21 230
21 234
21 282
21 338
21 347
21 366
22 61
22 67
22 99
22 115
22 129
22 156
22 182
22 188
22 295
22 304
22 325
22 407
22 412
22 435
23 56
23 65
23 103
23 174
23 190
23 241
23 340
23 347
23 446
24 79
24 85
24 102
24 255
24 261
24 340
24 370
24 371
24 382
25 67
25 88
25 106
25 127
25 146
25 154
25 159
25 182
25 325
25 354
25 418
25 431
25 457
26 92
26 157
26 199
26 237
26 436
26 451
27 194
27 205
27 242
27 258
27 293
27 360
28 42
28 167
28 192
28 255
28 294
28 320
28 344
28 358
28 369
28 373
28 393
28 402
28 431
28 437
28 451
29 30
29 98
29 152
29 185
29 218
29 220
29 221
29 232
29 233
29 393
30 111
30 200
30 235
30 255
30 275
30 297
30 303
30 356
30 364
30 377
30 409
30 436
30 443
31 73
31 157
31 186
31 306
31 347
31 349
31 351
31 361
31 369
31 445
31 447
32 55
32 63
32 92
32 96
32 113
32 116
32 128
32 148
32 180
32 214
32 227
32 235
32 267
32 274
32 295
32 372
32 437
32 463
33 34
33 36
33 44
33 68
33 92
33 150
33 165
33 187
33 243
33 285
33 305
33 315
33 325
33 398
33 437
33 451
33 465
33 466
34 60
34 144
34 194
34 304
34 328
34 329
34 347
34 414
34 417
34 472
35 76
35 117
35 122
35 217
35 218
35 225
35 255
35 376
35 384
35 396
35 426
35 442
36 66
36 80
36 211
36 275
36 306
36 315
36 318
36 361
36 375
36 384
36 392
36 417
36 447
36 453
37 60
37 98
37 119
37 147
37 168
37 204
37 221
37 280
37 304
37 346
37 365
37 410
37 447
37 464
37 474
38 99
38 221
38 234
38 250
38 255
38 292
38 349
38 418
38 440
38 466
39 94
39 153
39 193
39 199
39 400
39 422
39 446
39 455
40 111
40 127
40 144
40 195
40 215
40 219
40 223
40 246
40 250
40 302
40 316
40 347
40 359
40 370
41 52
41 55
41 119
41 144
41 271
41 317
41 404
42 83
42 154
42 186
42 298
42 301
42 367
42 371
42 384
42 394
42 443
42 450
42 469
43 44
43 82
43 161
43 163
43 236
43 327
43 372
43 424
43 454
43 466
44 88
44 192
44 267
44 288
44 337
44 348
44 394
44 413
44 449
45 58
45 88
45 103
45 292
45 336
45 375
45 411
45 438
45 445
46 76
46 101
46 119
46 164
46 203
46 264
46 279
46 283
46 338
46 349
46 365
46 463
46 473
47 53
47 67
47 166
47 180
47 277
47 283
47 349
47 396
48 146
48 226
48 287
48 377
48 382
48 431
48 468
49 55
49 83
49 123
49 137
49 163
49 266
49 370
49 404
49 406
49 419
50 94
50 121
50 145
50 146
50 212
50 226
50 250
50 310
50 356
50 365
50 427
50 455
50 468
51 61
51 161
51 169
51 175
51 191
52 65
52 122
52 127
52 193
52 198
52 251
52 285
52 303
52 316
52 364
52 375
52 409
52 421
52 461
52 473
53 56
53 58
53 68
53 70
53 77
53 180
53 186
53 205
53 212
53 223
53 257
53 298
53 308
53 323
53 367
53 375
53 381
53 418
53 434
54 151
54 292
54 358
54 359
55 93
55 120
55 154
55 247
55 251
55 272
55 352
55 360
55 379
56 93
56 95
56 98
56 109
56 127
56 128
56 132
56 169
56 239
56 327
56 360
56 364
56 368
56 431
57 119
57 147
57 152
57 315
57 329
58 65
58 81
58 100
58 121
58 137
58 155
58 176
58 210
58 262
58 333
58 347
58 402
58 452
58 456
59 62
59 86
59 89
59 124
59 147
59 310
59 364
59 388
59 418
59 470
60 108
60 125
60 150
60 161
60 185
60 222
60 326
60 335
60 352
60 354
60 384
60 385
61 101
61 212
61 287
61 290
61 291
61 410
61 416
61 460
61 474
62 135
62 152
62 214
62 215
62 222
62 259
62 321
62 340
62 354
62 363
62 401
62 430
62 431
63 90
63 102
63 108
63 150
63 297
63 307
63 314
63 365
63 382
63 389
63 398
64 86
64 90
64 97
64 150
64 184
64 266
64 377
65 169
65 206
65 216
65 218
65 228
65 278
65 292
65 307
65 335
65 342
65 354
65 398
65 408
65 473
66 73
66 83
66 106
66 124
66 138
66 143
66 178
66 202
66 206
66 232
66 299
66 329
66 352
66 369
66 385
66 387
66 453
67 87
67 88
67 115
67 168
67 171
67 181
67 225
67 250
67 326
67 373
67 408
68 76
68 84
68 157
68 259
68 304
68 328
68 369
68 390
68 402
68 437
68 462
69 153
69 197
69 295
69 347
69 369
69 371
69 386
69 394
69 450
70 85
70 116
70 153
70 162
70 189
70 200
70 231
70 252
70 255
70 265
70 267
70 350
70 395
70 398
70 430
70 443
70 469
71 83
71 98
71 119
71 124
71 151
71 201
71 211
71 232
71 249
71 306
71 311
71 337
71 355
71 356
71 387
72 73
72 234
72 304
72 307
72 382
72 386
72 458
72 475
73 175
73 176
73 197
73 228
73 247
73 257
73 305
73 338
73 344
73 379
73 383
73 455
74 156
74 193
74 215
74 220
74 236
74 283
74 319
74 334
74 343
74 434
74 439
74 454
75 154
75 158
75 256
75 261
75 287
75 297
75 308
75 339
75 359
75 449
75 466
76 126
76 148
76 149
76 193
76 211
76 238
76 249
76 266
76 279
76 288
76 300
76 422
76 457
76 464
77 85
77 112
77 116
77 118
77 159
77 165
77 321
77 460
77 474
78 87
78 115
78 204
78 213
78 261
78 268
78 429
78 445
79 115
79 256
79 311
79 318
79 329
79 352
79 415
79 447
79 469
80 121
80 129
80 148
80 193
80 232
80 351
80 419
80 460
81 119
81 126
81 136
81 168
81 206
81 214
81 234
81 284
81 324
81 353
81 396
81 400
81 402
81 413
81 464
82 94
82 144
82 256
82 257
82 258
82 282
82 348
82 353
82 429
83 99
83 104
83 139
83 146
83 200
83 233
83 243
83 261
83 284
83 291
83 292
83 350
83 417
83 419
83 431
84 86
84 117
84 149
84 170
84 316
84 323
84 327
84 408
84 413
85 97
85 122
85 198
85 199
85 389
85 445
85 447
86 147
86 231
86 234
86 247
86 312
86 362
86 373
86 411
87 147
87 227
87 250
87 264
87 283
87 294
87 301
87 443
88 124
88 157
88 214
88 252
88 273
88 317
88 338
88 364
88 381
88 383
89 104
89 111
89 113
89 134
89 137
89 157
89 167
89 295
89 320
89 325
89 408
89 424
89 447
89 452
89 457
89 464
90 111
90 255
90 268
90 440
91 117
91 172
91 214
91 244
91 450
91 471
92 142
92 202
92 257
92 318
92 322
92 342
92 387
93 114
93 133
93 135
93 153
93 173
93 201
93 274
93 286
93 392
93 416
93 461
94 99
94 330
94 364
95 122
95 166
95 192
95 194
95 234
95 287
95 395
95 439
95 463
96 119
96 239
96 240
97 108
97 114
97 131
97 137
97 171
97 175
97 202
97 295
97 307
97 311
97 334
97 352
97 354
97 360
97 367
97 445
98 100
98 161
98 216
98 231
98 254
98 285
98 310
98 327
98 449
99 117
99 185
99 216
99 217
99 262
99 293
99 314
99 322
99 382
99 400
99 434
99 446
99 464
100 183
100 254
100 259
100 288
100 382
100 387
100 428
100 456
101 125
101 160
101 198
101 248
101 311
101 362
101 394
101 406
102 104
102 107
102 166
102 169
102 203
102 208
102 210
102 231
102 328
102 360
102 423
102 444
103 114
103 155
103 230
103 309
103 356
103 368
103 374
103 424
103 451
103 454
103 456
104 111
104 145
104 195
104 200
104 246
104 257
104 288
104 315
104 416
104 443
104 451
105 116
105 137
105 187
105 225
105 238
105 355
105 369
106 122
106 181
106 199
106 255
106 278
106 295
106 309
106 346
106 365
106 373
106 375
106 391
106 451
107 135
107 154
107 155
107 162
107 181
107 227
107 245
107 353
107 390
107 409
108 150
108 155
108 167
108 179
108 237
108 269
108 282
108 284
108 296
108 326
108 335
108 420
108 426
108 468
108 472
109 145
109 167
109 180
109 185
109 194
109 269
109 289
109 364
109 426
110 210
110 274
110 302
110 387
110 412
110 456
111 283
111 294
111 299
111 330
111 414
111 426
111 444
112 203
112 226
112 231
112 249
112 338
112 362
112 385
112 389
112 398
112 470
113 121
113 126
113 135
113 147
113 198
113 200
113 270
113 283
113 295
113 302
113 340
113 440
114 134
114 176
114 182
114 302
114 336
114 447
115 180
115 216
115 221
115 243
115 258
115 266
115 271
115 364
115 376
115 433
115 466
115 473
116 170
116 178
116 204
116 210
116 218
116 227
116 248
116 343
116 355
116 427
116 431
116 439
117 213
117 247
117 275
117 326
117 342
117 365
117 385
118 136
118 211
118 280
118 332
118 369
118 379
119 144
119 194
119 258
119 309
119 376
119 381
119 409
119 473
120 182
120 250
120 273
120 275
120 285
120 425
121 277
121 471
122 178
122 227
122 235
122 317
122 334
122 355
122 356
122 372
122 395
123 144
123 148
123 202
123 206
123 273
123 335
123 357
123 405
123 474
123 475
124 144
124 181
124 187
124 280
124 299
124 305
124 338
124 361
124 362
124 374
124 395
124 432
124 443
124 462
125 126
125 138
125 149
125 159
125 191
125 197
125 375
125 408
125 457
125 464
125 470
126 388
126 464
127 158
127 169
127 198
127 223
127 246
127 276
127 312
127 322
127 326
127 331
127 356
127 420
127 437
127 462
128 198
128 214
128 328
128 365
128 464
129 133
129 219
129 231
129 271
129 311
129 328
129 334
129 365
129 405
129 431
129 436
129 452
129 460
130 208
130 247
130 293
130 334
130 346
130 350
130 413
130 452
131 349
131 350
132 213
132 279
132 447
132 466
132 468
132 469
133 209
133 211
133 237
133 251
133 288
133 371
133 426
133 449
134 135
134 144
134 155
134 162
134 202
134 227
134 264
134 293
134 301
134 333
134 342
134 410
134 413
134 419
135 166
135 266
135 277
135 310
135 387
135 438
135 451
135 474
136 152
136 208
136 227
136 319
136 368
136 397
137 168
137 197
137 223
137 306
137 309
137 367
137 381
137 389
137 450
138 299
138 398
138 407
138 412
138 464
139 153
139 168
139 170
139 181
139 202
139 225
139 249
139 302
139 305
139 338
139 347
139 370
139 389
139 413
139 429
140 216
140 232
140 286
140 294
140 296
140 315
140 332
140 336
140 346
140 373
140 394
140 461
140 473
141 270
141 325
141 390
141 449
142 166
142 239
142 269
142 300
142 302
142 356
142 421
142 426
143 151
143 185
143 217
143 232
143 255
143 257
143 265
143 300
143 310
143 318
143 321
143 337
143 358
143 405
144 205
144 265
144 287
144 335
144 337
144 347
144 383
144 396
144 439
144 445
144 470
145 180
145 181
145 194
145 200
145 217
145 294
145 297
145 333
145 349
145 356
145 444
146 151
146 212
146 261
146 333
146 338
146 416
146 450
146 457
146 468
147 205
147 252
147 405
147 429
147 447
148 190
148 222
148 230
148 276
148 292
148 360
148 395
148 428
149 173
149 244
149 297
149 325
149 372
149 382
149 436
149 449
149 463
150 189
150 191
150 251
150 262
150 373
150 388
150 391
150 400
150 419
150 425
150 445
150 470
151 355
151 416
152 158
152 209
152 222
152 238
152 243
152 251
152 252
152 303
152 363
152 368
152 451
152 462
152 463
153 182
153 220
153 252
153 277
153 366
153 412
153 415
153 440
154 168
154 219
154 298
154 309
154 349
154 384
154 407
154 426
154 455
155 181
155 193
155 244
155 304
155 368
155 380
155 393
156 185
156 187
156 194
156 336
156 340
156 371
156 422
156 445
156 472
157 168
157 228
157 261
157 278
157 322
157 326
157 328
157 356
157 399
157 456
157 460
158 160
158 168
158 172
158 201
158 265
158 371
159 166
159 183
159 190
159 205
159 214
159 245
159 395
159 414
159 449
160 181
160 210
160 223
160 227
160 341
160 355
160 365
161 191
161 203
161 218
161 227
161 228
161 253
161 305
161 332
161 352
161 374
161 421
161 445
162 234
162 235
162 255
162 357
162 375
162 439
163 207
163 230
163 272
163 335
163 370
163 384
163 431
163 468
164 172
164 235
164 280
164 313
164 366
164 428
165 170
165 181
165 184
165 229
165 266
165 285
165 323
165 352
165 409
165 428
165 436
165 451
166 196
166 209
166 217
166 227
166 243
166 284
166 343
167 187
167 292
167 368
167 406
167 433
168 208
168 246
168 286
168 313
168 315
168 361
168 372
168 436
168 450
169 210
169 266
169 269
169 304
169 328
169 347
169 448
169 457
170 172
170 173
170 202
170 224
170 249
170 282
170 295
170 326
170 358
170 394
170 419
170 446
170 449
170 465
171 204
171 206
171 265
171 276
171 388
171 390
171 401
171 451
172 211
172 306
172 452
172 456
173 225
173 230
173 298
173 300
173 363
173 391
173 397
174 210
174 226
174 283
174 296
174 319
174 349
174 361
174 421
174 436
175 184
175 212
175 218
175 277
175 372
175 444
175 451
175 456
176 181
176 202
176 244
176 245
176 268
176 276
176 289
176 370
176 390
176 418
176 442
177 198
177 215
177 325
177 330
177 357
177 386
177 450
178 195
178 227
178 293
178 324
178 361
178 363
178 443
178 468
179 203
179 230
179 233
179 234
179 293
179 364
179 379
179 437
180 235
180 330
180 337
180 441
180 462
181 182
181 191
181 264
181 317
181 346
181 394
181 396
181 403
181 438
182 191
182 209
182 230
182 236
182 297
182 316
182 374
182 378
182 401
182 443
182 444
183 214
183 256
183 315
183 367
183 454
183 470
184 190
184 209
184 247
184 339
184 350
184 368
184 403
184 444
184 459
185 207
185 247
185 266
185 278
185 298
185 318
185 327
185 343
185 371
185 386
185 392
185 462
186 187
186 196
186 238
186 243
186 319
186 332
186 386
186 402
186 410
186 447
186 461
187 189
187 203
187 249
187 303
187 313
187 314
187 459
188 192
188 222
188 227
188 319
188 336
189 250
189 255
189 301
189 331
189 359
189 363
189 404
189 437
190 208
190 240
190 256
190 280
190 288
190 366
190 405
191 284
191 335
191 342
191 367
191 403
191 447
191 461
192 202
192 220
192 227
192 289
192 296
192 297
192 311
192 319
192 325
192 383
192 401
192 423
192 429
192 463
193 232
193 257
193 260
193 310
193 432
193 442
193 468
194 206
194 246
194 264
194 311
194 411
194 457
194 463
195 224
195 245
195 279
195 280
195 298
195 331
195 429
195 459
195 473
196 205
196 208
196 233
196 260
196 270
196 290
196 299
196 340
196 342
196 414
197 234
197 237
197 249
197 263
197 294
197 302
197 307
197 308
197 314
197 322
197 333
197 467
198 205
198 240
198 251
198 341
198 391
198 408
198 433
198 442
198 464
199 249
199 273
199 291
199 376
199 460
199 465
200 202
200 212
200 299
200 302
200 315
200 358
200 382
200 388
200 402
201 213
201 221
201 257
201 261
201 263
201 386
201 444
201 465
202 291
202 308
202 338
202 353
202 390
203 317
203 417
203 437
203 472
204 208
204 223
204 224
204 355
204 437
204 453
205 215
205 281
205 289
205 351
205 378
205 396
206 243
206 248
206 259
206 275
206 313
206 345
206 441
206 451
207 242
207 261
207 286
207 304
207 319
207 357
207 368
207 414
207 422
207 424
207 432
207 444
208 261
208 264
208 428
209 239
209 241
209 260
209 275
209 279
209 281
209 434
210 235
210 264
210 289
210 347
210 352
210 365
210 415
210 420
210 447
211 299
211 359
211 378
211 391
211 394
211 472
212 237
212 306
212 365
212 464
213 215
213 223
213 231
213 249
213 253
213 270
213 374
213 468
214 266
214 313
214 358
214 474
215 219
215 254
215 262
215 274
215 337
215 363
216 295
216 305
216 417
217 249
217 334
217 364
217 366
217 397
217 405
218 261
218 301
218 363
218 469
219 269
219 339
219 432
219 447
220 248
220 249
220 270
220 311
220 316
221 245
221 263
221 329
221 393
221 394
221 406
221 431
222 262
222 302
222 322
222 448
223 249
223 337
223 369
223 379
223 399
223 440
223 460
224 254
224 284
224 292
224 330
224 335
224 345
224 426
224 428
224 442
225 241
225 348
225 375
225 430
226 296
226 302
226 310
226 311
226 322
226 337
227 229
227 230
227 233
227 262
227 284
227 287
227 304
227 306
227 337
227 448
228 276
228 299
228 407
228 425
228 448
229 302
229 331
229 383
229 387
229 432
229 433
229 449
230 250
230 253
230 391
230 397
230 410
230 435
230 447
231 287
231 347
231 374
231 431
232 235
232 255
232 258
232 295
232 319
232 336
232 368
232 470
233 234
233 258
233 374
233 382
233 415
233 450
233 464
234 279
234 365
234 366
234 393
234 437
234 449
235 239
235 264
235 273
235 278
235 337
235 376
235 392
235 457
236 262
236 366
236 380
236 385
236 422
236 425
237 313
237 390
237 427
237 466
238 241
238 270
238 339
238 367
239 290
239 362
239 387
239 390
239 415
239 438
240 259
240 285
240 397
240 423
240 444
241 251
241 269
241 407
241 433
242 285
242 321
242 446
243 250
243 257
243 314
243 421
243 445
244 255
244 268
244 289
244 291
244 327
244 338
244 354
244 418
244 426
244 449
245 247
245 266
245 287
245 292
245 384
245 399
245 413
245 416
245 457
245 465
246 255
246 343
246 347
246 381
246 397
246 422
247 251
247 315
247 339
247 393
247 408
247 460
248 269
248 305
248 315
248 319
248 325
248 376
249 259
249 315
249 344
249 389
249 404
249 454
250 303
250 361
250 398
250 427
251 264
251 275
251 302
252 276
252 409
252 457
253 262
253 362
253 391
253 412
254 270
254 315
254 394
254 438
254 464
255 343
255 385
256 262
256 391
256 448
256 465
256 474
257 291
257 303
257 306
257 330
257 380
257 413
257 448
258 316
258 382
258 413
259 262
259 270
259 299
259 435
259 457
260 463
261 291
261 308
261 314
261 406
261 429
261 447
262 271
262 334
262 394
262 419
262 452
263 274
263 300
263 310
263 318
263 325
263 342
263 387
263 406
263 459
264 290
264 291
264 297
264 317
264 319
264 323
264 335
264 338
264 441
265 295
265 338
265 342
265 391
265 435
265 451
266 280
266 296
266 303
266 313
266 323
266 332
266 367
266 372
266 429
266 471
267 280
267 318
267 323
267 350
267 351
267 359
267 410
268 275
268 334
268 410
269 285
269 317
269 373
269 377
269 401
269 429
270 280
270 283
270 356
270 364
270 372
270 429
271 342
271 367
271 369
271 465
272 329
272 368
272 411
272 469
273 292
273 408
273 441
274 389
274 429
274 436
275 457
276 324
276 351
276 370
276 380
276 396
276 398
276 409
276 448
277 332
277 384
278 286
278 305
278 337
278 346
278 403
278 410
278 442
279 317
279 323
279 395
279 415
279 421
279 439
279 443
280 317
280 369
280 410
280 429
281 284
281 289
281 304
281 316
281 357
281 375
281 395
281 407
282 290
282 437
283 286
283 309
283 330
283 347
283 358
283 391
283 418
283 458
284 292
284 348
284 351
284 439
285 378
285 390
285 412
286 295
286 314
286 336
286 444
287 290
287 353
287 382
287 455
287 458
288 346
288 428
289 347
289 467
290 350
290 443
291 320
291 326
291 341
291 351
291 371
292 333
292 345
292 433
292 443
292 454
293 329
293 333
293 373
293 374
294 351
294 362
294 396
294 419
294 454
294 474
295 299
295 340
295 351
296 330
296 350
296 352
296 392
297 331
297 366
297 383
297 392
297 406
297 430
297 464
298 443
298 447
299 307
299 453
300 319
300 343
300 350
300 408
300 412
300 441
300 452
300 464
301 321
301 433
301 453
301 457
302 306
302 362
302 374
302 382
302 427
302 430
302 464
303 369
303 389
303 409
303 428
303 438
304 316
304 418
305 320
305 347
305 396
306 316
306 325
306 330
306 331
306 445
306 449
307 310
307 344
307 384
307 420
307 421
307 439
308 417
308 456
308 457
308 475
309 353
309 366
309 377
309 405
310 342
310 413
310 419
311 355
311 361
311 416
311 457
311 459
311 474
312 340
312 361
312 423
313 346
313 376
313 394
313 450
313 475
314 390
314 463
315 387
315 395
315 400
316 372
316 404
316 455
316 469
317 392
317 415
317 416
317 425
317 443
317 474
318 323
318 338
318 352
318 391
318 422
318 466
319 341
319 436
319 475
320 338
320 369
320 387
320 414
320 473
321 384
322 355
322 385
322 472
323 334
323 336
323 376
323 380
323 403
323 412
324 442
325 350
325 380
326 365
326 387
326 430
327 341
327 367
327 373
327 475
328 372
328 429
328 440
328 447
328 450
329 330
329 331
329 372
329 398
329 442
329 472
329 475
330 354
330 369
330 397
330 411
330 422
330 452
331 351
331 354
331 380
332 350
332 431
332 432
332 467
333 366
333 376
333 432
333 444
333 446
334 357
334 382
334 386
334 420
334 431
334 469
335 351
336 386
336 399
336 404
336 441
336 446
336 469
337 340
337 355
337 460
337 471
337 473
338 343
338 363
338 406
338 422
338 437
338 438
338 449
339 369
339 390
339 407
339 463
341 359
341 382
341 447
341 464
342 382
343 348
343 379
343 386
343 392
343 443
343 449
343 474
344 381
344 444
344 447
345 358
345 368
345 442
345 457
345 462
346 347
346 351
346 380
346 446
346 450
347 432
347 445
348 397
348 404
348 409
348 436
348 442
349 429
350 371
350 385
350 390
350 459
351 352
351 383
351 403
351 463
352 362
352 372
352 386
353 356
353 357
353 371
353 374
353 406
353 460
354 377
354 381
354 425
354 446
355 371
355 381
355 403
355 433
356 439
357 363
357 371
357 405
357 409
358 359
358 372
358 399
358 402
358 447
359 378
359 387
359 402
360 377
360 395
361 386
361 398
361 421
362 385
362 474
363 389
363 410
363 441
363 442
364 386
364 403
364 422
364 428
364 464
365 458
366 406
366 469
366 470
367 375
367 440
367 456
367 469
367 474
368 429
368 448
369 373
369 380
369 453
369 455
369 473
370 442
371 410
371 441
372 391
373 388
373 463
374 410
374 412
375 418
376 389
376 424
377 458
379 407
379 433
380 397
380 405
380 440
381 382
381 452
382 430
383 392
383 405
383 416
383 437
383 445
385 411
385 417
385 452
387 472
388 417
389 423
389 425
389 471
390 446
391 430
391 442
392 449
392 451
393 404
393 434
393 446
393 447
393 452
395 414
395 426
395 434
395 459
396 410
397 422
398 428
398 463
399 475
401 416
401 434
402 432
402 450
403 418
403 459
404 450
404 462
404 475
405 419
405 435
405 448
406 417
406 455
406 472
407 421
407 428
407 447
409 431
409 455
410 420
410 450
411 432
411 437
411 456
413 467
414 439
414 451
415 436
416 450
416 462
417 439
417 457
418 444
418 454
419 425
420 473
421 461
423 440
423 462
423 464
423 467
424 427
424 436
424 455
425 430
425 436
425 475
426 459
428 437
429 446
430 442
433 469
434 451
434 452
434 461
434 472
435 458
437 465
438 459
439 446
441 444
441 452
441 453
444 445
445 463
446 464
446 465
447 464
448 457
449 461
454 471
457 474
458 472
459 467
460 474
461 473
465 474
