225 1156
1 84
1 121
1 154
1 173
1 210
2 19
2 57
2 60
2 61
2 73
2 79
2 81
2 120
2 147
2 148
2 154
2 178
2 194
2 216
3 40
3 41
3 59
3 84
3 92
3 110
3 139
3 158
3 177
3 186
3 215
3 219
4 12
4 48
4 75
4 83
4 91
4 96
4 143
4 170
4 196
4 200
4 217
5 20
5 21
5 22
5 29
5 52
5 72
5 107
5 112
5 121
5 161
5 165
5 176
5 183
5 201
6 7
6 60
6 75
6 88
6 100
6 115
6 126
6 140
6 143
6 147
7 12
7 27
7 44
7 46
7 63
7 70
7 77
7 108
7 191
7 223
8 56
8 62
8 85
8 91
8 97
8 120
8 135
8 147
8 203
9 26
9 49
9 53
9 54
9 79
9 81
9 112
9 130
9 148
9 199
9 205
9 218
10 88
10 132
11 26
11 29
11 72
11 83
11 120
11 126
11 149
11 150
11 153
11 171
11 175
11 189
11 219
12 42
12 50
12 55
12 112
12 122
12 131
12 140
12 159
12 171
12 178
12 215
13 46
13 56
13 57
13 68
13 80
13 86
13 217
13 218
14 18
14 29
14 37
14 98
14 106
14 144
14 155
14 203
14 205
15 36
15 49
15 58
15 77
15 124
15 125
15 162
15 174
15 214
16 29
16 42
16 86
16 111
16 125
16 141
16 155
16 162
16 169
16 189
16 210
17 24
17 25
17 88
17 123
17 131
17 132
17 158
17 183
17 209
18 79
18 84
18 114
18 125
18 149
18 175
18 203
19 36
19 40
19 44
19 57
19 138
20 30
20 81
20 128
20 147
20 156
20 181
20 201
20 217
20 220
21 44
21 50
21 99
21 123
21 167
21 192
21 209
22 36
22 67
22 82
22 159
22 166
22 192
22 213
23 28
23 40
23 56
23 59
23 108
23 173
24 52
24 55
24 90
24 91
24 96
24 122
24 153
24 176
24 185
25 49
25 81
25 82
25 93
25 102
25 114
25 160
25 197
26 35
26 84
26 93
26 115
26 191
26 199
26 205
27 52
27 75
27 113
27 123
27 172
28 57
28 66
28 167
28 185
28 186
29 46
29 151
29 152
29 174
29 189
29 214
29 221
30 60
30 126
30 129
30 143
30 144
30 152
30 190
30 194
30 200
30 208
30 225
31 41
31 91
31 134
31 143
31 148
31 202
32 42
32 75
32 76
32 96
32 111
32 131
32 175
32 197
32 218
32 221
32 222
33 49
33 58
33 65
33 94
33 131
33 133
33 144
33 145
33 151
33 152
33 164
33 180
33 191
33 193
33 214
34 80
34 109
34 111
34 189
35 104
35 121
35 154
35 163
36 40
36 43
36 94
36 171
36 188
36 204
37 49
37 101
37 110
37 140
37 154
37 195
38 43
38 49
38 88
38 123
38 152
38 153
38 155
38 202
39 67
39 75
39 197
39 209
39 214
40 46
40 49
40 51
40 75
40 97
40 106
40 115
40 143
40 157
40 172
40 178
40 222
40 224
41 126
41 166
41 189
41 211
41 218
41 220
41 221
42 58
42 61
42 77
42 81
42 87
42 90
42 117
42 174
42 176
42 199
42 205
43 55
43 94
43 97
43 99
43 129
43 155
43 159
43 199
43 207
44 72
44 76
44 81
44 110
44 116
44 127
44 130
44 182
44 202
44 219
45 50
45 64
45 79
45 150
45 168
45 170
45 178
45 219
46 50
46 59
46 124
46 141
46 146
46 196
46 202
47 69
47 89
47 101
47 104
47 106
47 108
47 155
47 160
47 187
47 190
47 216
48 50
48 54
48 82
48 139
48 151
48 179
48 193
48 215
48 222
49 118
49 127
49 128
49 152
49 220
50 61
50 63
50 67
50 126
50 131
50 140
50 156
51 104
51 122
51 140
51 158
51 191
51 202
51 220
52 62
52 75
52 83
52 85
52 94
52 103
52 104
52 123
52 133
52 139
52 173
52 175
52 194
52 199
52 216
52 220
53 59
53 61
53 144
53 152
53 162
53 182
53 220
54 136
54 143
54 152
54 165
54 182
54 223
55 62
55 63
55 100
55 147
55 149
55 153
55 176
55 186
55 195
55 201
55 205
56 81
56 99
56 107
56 120
56 122
56 148
56 169
57 74
57 77
57 86
57 115
57 127
57 142
57 163
57 167
57 221
58 72
58 103
58 146
58 152
58 153
58 168
58 210
59 72
59 75
59 169
59 191
59 200
60 61
60 80
60 98
60 117
60 126
60 134
60 149
60 153
60 168
60 185
60 193
61 82
61 96
61 97
61 115
61 122
61 166
61 189
61 192
61 206
62 65
62 83
62 115
62 165
62 177
62 188
62 192
62 197
63 67
63 101
63 106
63 147
63 177
63 213
63 221
64 80
65 81
65 99
65 114
65 124
65 162
65 165
65 174
65 197
66 86
66 133
66 148
66 159
66 199
66 217
66 218
67 70
67 85
67 119
67 128
67 158
67 184
67 225
68 74
68 86
68 118
68 140
68 153
68 165
68 187
69 82
69 123
69 124
69 140
69 170
69 171
69 174
69 183
69 199
70 82
70 116
70 122
70 177
70 200
70 216
70 224
71 76
71 110
71 135
71 177
71 200
71 203
72 109
73 94
73 135
74 87
74 108
74 118
74 183
74 225
75 113
75 137
75 144
75 157
75 168
75 203
75 207
76 97
76 116
76 123
76 143
76 151
76 155
76 177
76 178
76 181
76 184
76 186
76 191
76 194
76 207
77 183
77 192
78 82
78 131
78 140
78 164
78 216
79 113
79 116
79 119
79 152
79 207
79 225
80 95
80 108
80 163
80 177
80 202
80 220
81 83
81 93
81 131
81 158
81 183
81 198
81 204
81 210
81 225
82 86
82 117
82 119
82 122
82 128
82 147
82 165
82 172
82 192
83 108
83 123
83 144
83 147
83 185
83 187
84 112
84 163
84 167
84 182
84 184
85 92
85 102
85 127
85 135
85 144
85 158
85 166
85 179
86 112
86 122
86 148
86 163
86 173
86 201
86 209
86 217
87 96
87 103
87 118
87 134
87 159
87 174
88 112
88 129
88 159
88 175
88 202
88 211
88 219
89 104
89 127
89 154
89 188
89 198
89 208
89 213
89 219
90 97
90 165
90 210
91 92
91 93
91 98
91 101
91 109
91 186
91 189
91 202
91 220
92 101
92 108
92 113
92 115
92 169
92 170
92 172
92 183
92 184
92 214
92 217
92 220
93 94
93 96
93 114
93 118
93 122
93 222
94 95
94 128
94 137
94 167
94 177
94 188
95 101
95 110
95 142
95 148
95 216
96 111
96 114
96 127
96 166
96 173
96 183
97 122
97 183
98 142
98 146
98 165
98 175
98 181
98 196
98 199
98 214
99 158
99 160
99 170
99 189
100 103
100 131
100 138
100 139
100 156
100 189
100 199
101 112
101 131
101 138
101 160
101 181
101 208
101 210
101 216
102 110
102 113
102 121
102 128
102 136
102 156
102 158
102 161
102 198
102 207
103 146
103 150
103 193
103 196
103 202
104 122
104 128
104 130
104 145
104 157
104 160
104 179
104 198
104 223
105 128
105 142
105 158
105 203
106 154
107 111
107 139
107 188
107 214
108 131
108 148
108 154
108 159
108 176
108 181
108 197
108 209
108 217
109 127
109 138
109 152
109 177
109 197
109 215
110 186
110 192
110 195
110 202
110 203
110 211
110 223
111 116
111 143
111 149
111 154
111 171
111 192
112 175
112 205
112 206
112 225
113 116
113 155
113 161
113 164
113 178
113 181
113 192
113 195
114 120
114 181
114 188
114 212
114 217
115 120
115 125
115 196
116 141
116 155
116 170
116 179
116 195
116 200
117 131
117 133
117 136
117 142
117 181
117 184
117 222
118 130
118 146
118 160
118 173
118 217
119 149
119 167
119 169
119 172
119 186
120 144
120 149
120 196
120 203
121 126
121 145
121 158
121 176
121 182
121 186
122 159
122 161
122 191
122 192
122 219
122 222
123 150
123 162
123 220
123 221
123 225
124 172
124 176
124 179
124 183
124 212
125 137
125 162
125 209
126 158
126 170
126 183
126 190
126 213
126 215
126 216
128 133
128 137
128 147
128 152
128 163
128 200
128 204
128 217
128 225
129 140
129 150
129 153
129 176
130 171
131 141
131 152
131 158
131 201
131 202
131 215
132 186
132 217
133 142
133 167
133 179
133 182
134 153
134 223
135 177
135 180
135 184
136 150
136 153
136 175
136 185
136 212
137 140
137 153
137 173
137 176
137 190
137 199
137 200
137 210
137 217
138 139
138 152
138 156
138 189
138 197
138 198
138 208
138 223
139 178
139 180
139 184
139 190
139 198
139 204
139 205
140 141
140 160
140 182
140 197
140 205
141 167
141 189
141 220
142 184
142 215
143 146
143 171
143 178
143 198
144 159
144 213
145 170
146 147
146 175
146 193
146 210
147 150
147 172
147 175
147 201
147 218
147 219
148 151
148 166
148 190
149 153
149 157
149 189
149 201
149 225
150 151
150 154
150 205
150 213
150 218
151 161
151 167
151 214
152 168
152 189
152 210
153 197
153 207
153 208
153 209
153 217
154 163
154 172
154 187
154 205
154 213
155 161
155 171
155 184
155 186
155 204
155 225
156 183
156 204
156 219
157 162
157 166
157 179
157 205
157 220
158 178
158 187
158 197
158 201
159 160
159 199
159 208
159 212
159 222
160 161
160 198
160 218
161 174
161 206
162 171
162 189
162 206
163 177
163 220
164 220
165 170
165 182
165 204
165 211
165 212
165 225
166 194
167 178
167 200
168 188
168 199
168 210
169 195
169 219
170 184
171 180
171 199
172 203
173 196
173 215
173 220
175 199
175 202
175 225
177 210
177 222
177 223
178 188
179 184
179 195
179 196
179 202
180 197
180 199
181 186
181 208
181 209
182 212
183 187
183 204
183 206
183 213
184 207
184 223
185 194
185 206
186 198
186 213
186 218
186 219
187 192
187 194
187 200
188 192
188 223
190 199
190 201
190 217
190 220
191 192
192 217
192 218
193 206
194 206
194 224
195 208
195 214
196 197
196 204
196 207
197 206
197 220
198 207
198 218
198 221
198 223
199 221
199 225
200 206
200 209
202 208
202 223
204 212
205 214
205 222
206 223
209 218
211 212
212 216
220 225
