125 581
1 5
1 12
1 14
1 16
1 22
1 26
1 104
1 119
1 123
2 34
2 53
2 102
2 119
3 20
3 21
3 25
3 41
3 48
3 59
3 70
3 91
3 92
3 106
3 110
3 124
4 25
4 83
4 85
4 96
4 108
4 124
5 16
5 54
5 62
5 107
5 109
6 23
6 33
6 87
6 103
6 107
6 108
6 111
6 125
7 18
7 22
7 37
7 81
7 86
7 99
7 114
7 117
8 22
8 36
8 39
8 82
8 87
8 88
8 92
8 106
8 117
9 15
9 33
9 40
9 43
9 48
9 67
9 72
9 96
9 110
9 117
10 39
10 66
10 79
10 81
10 85
10 112
11 35
11 60
11 71
11 76
11 104
11 109
11 113
12 17
12 18
12 51
12 79
12 83
12 95
12 121
13 22
13 23
13 43
13 44
13 45
13 49
13 74
13 78
13 81
13 125
14 16
14 31
14 50
14 51
14 82
14 91
14 96
14 107
14 109
15 17
15 36
15 40
15 46
15 47
15 56
15 72
15 94
15 120
16 71
16 75
16 99
16 100
16 121
16 124
17 33
17 38
17 40
17 52
17 56
17 58
17 67
17 78
17 80
17 84
17 85
17 109
17 118
18 45
18 57
18 74
18 109
18 113
19 40
19 45
19 47
19 48
19 50
19 57
19 60
19 62
19 122
20 26
20 39
20 44
20 51
20 82
20 88
20 89
21 23
21 39
21 45
21 48
21 68
21 87
21 123
22 23
22 29
22 46
22 47
22 48
22 63
22 82
22 90
23 41
23 69
23 79
23 107
23 114
24 40
24 60
24 92
24 98
24 100
24 111
24 112
25 37
25 39
25 51
25 65
25 72
25 84
25 115
26 66
26 80
26 84
26 100
26 105
27 29
27 46
27 55
27 58
27 63
27 85
27 111
27 120
28 38
28 44
28 45
28 46
28 62
28 67
28 77
28 78
28 98
28 114
29 45
29 64
29 68
29 74
29 79
29 91
29 119
29 125
30 36
30 41
30 42
30 76
30 91
30 112
30 118
30 122
30 125
31 44
31 70
31 82
31 86
31 102
31 104
31 121
32 35
33 52
33 59
33 66
33 84
33 87
33 93
33 94
33 95
33 96
33 107
34 38
34 41
34 53
34 62
34 63
34 67
34 80
34 85
34 115
35 81
35 112
36 44
36 45
36 60
36 73
36 75
36 83
36 90
36 100
36 101
36 102
36 115
37 40
37 74
37 78
37 86
37 101
37 110
37 112
38 70
38 79
38 82
38 85
38 94
38 102
38 116
39 64
39 71
39 81
39 105
39 122
40 80
40 85
40 107
40 111
40 118
40 122
41 58
41 91
41 93
41 119
42 55
42 67
42 80
42 109
42 112
43 64
43 79
43 90
44 59
44 61
44 62
44 73
44 75
44 79
44 82
45 62
45 71
45 101
45 102
45 117
45 119
45 125
46 55
46 70
46 81
47 49
47 59
47 69
47 78
47 89
47 114
48 63
48 76
48 87
48 90
48 95
48 97
48 115
49 84
49 100
49 105
49 106
49 110
50 57
50 83
50 115
50 119
51 53
51 58
51 60
51 64
51 93
51 108
51 125
52 56
52 58
52 59
52 109
52 114
52 118
52 123
53 93
54 73
54 88
54 91
54 107
55 59
55 64
55 67
55 99
55 110
55 114
55 124
56 64
56 66
56 83
56 101
56 109
56 122
57 80
57 95
57 101
57 102
57 124
58 100
58 104
58 118
59 60
59 65
59 69
59 92
59 97
59 114
59 123
60 77
60 96
60 106
60 110
60 120
61 91
61 92
61 95
61 99
61 116
62 69
62 101
62 115
62 118
63 91
63 95
63 102
63 106
63 113
64 67
64 71
64 94
64 104
64 108
65 68
65 76
65 78
65 105
65 120
66 77
66 81
66 98
66 105
66 114
66 121
66 123
67 82
67 89
67 97
67 113
67 116
68 87
68 96
68 97
68 107
68 111
69 80
69 85
69 96
69 111
70 87
71 81
71 83
71 93
71 106
71 109
72 74
72 82
72 85
72 112
72 116
72 118
72 121
73 83
73 93
73 101
73 107
73 108
73 109
74 107
74 125
75 88
75 90
75 113
75 120
76 77
76 84
76 85
76 89
76 100
76 106
76 107
77 96
77 109
78 80
78 82
78 89
78 114
78 119
79 84
79 104
80 88
80 103
80 104
80 117
81 87
81 94
81 119
82 88
82 113
82 115
82 116
82 117
83 86
83 106
84 86
84 91
84 106
84 121
84 124
85 92
85 99
85 106
86 106
86 124
87 99
87 101
87 104
88 96
88 100
88 109
88 112
88 119
88 120
89 92
89 95
89 100
89 124
90 113
90 122
91 96
91 109
92 103
92 114
92 124
92 125
93 97
93 114
94 107
94 115
94 119
95 103
95 105
95 111
95 120
96 109
96 111
96 112
96 114
96 122
97 100
97 114
98 102
98 105
98 123
98 125
100 103
100 104
101 122
103 109
105 113
105 118
105 124
106 107
106 120
106 124
107 116
108 120
109 121
110 114
111 115
112 121
113 121
114 115
114 121
115 121
116 120
116 122
117 121
117 125
119 124
121 122
121 123
121 124
122 123
