150 225
1 11
1 51
1 132
2 36
2 110
2 134
3 35
3 60
3 67
4 32
4 34
4 109
5 28
5 108
5 111
6 58
6 99
6 110
7 57
7 89
7 128
8 68
8 72
8 144
9 31
9 75
9 105
10 73
10 120
10 137
11 118
11 150
12 43
12 54
12 62
13 28
13 37
13 44
14 80
14 123
14 124
15 53
15 128
15 141
16 77
16 82
16 111
17 65
17 89
17 135
18 26
18 114
18 129
19 24
19 138
19 141
20 26
20 52
20 68
21 34
21 42
21 74
22 27
22 43
22 83
23 63
23 84
23 98
24 40
24 117
25 33
25 116
25 139
26 48
27 98
27 144
28 30
29 59
29 73
29 87
30 57
30 150
31 65
31 76
32 60
32 92
33 113
33 144
34 118
35 42
35 70
36 62
36 68
37 106
37 130
38 78
38 110
38 124
39 69
39 72
39 108
40 63
40 106
41 46
41 91
41 95
42 134
43 131
44 47
44 117
45 75
45 82
45 101
46 48
46 112
47 58
47 129
48 56
49 92
49 111
49 148
50 54
50 67
50 91
51 74
51 138
52 92
52 93
53 90
53 97
54 81
55 123
55 133
55 146
56 94
56 109
57 122
58 85
59 118
59 139
60 87
61 78
61 103
61 121
62 137
63 78
64 70
64 135
64 148
65 76
66 130
66 140
66 143
67 94
69 72
69 96
70 140
71 82
71 138
71 141
73 115
74 95
75 86
76 145
77 119
77 150
79 114
79 127
79 143
80 98
80 102
81 96
81 100
83 97
83 147
84 130
84 148
85 104
85 145
86 88
86 149
87 140
88 93
88 103
89 102
90 125
90 139
91 105
93 142
94 147
95 131
96 126
97 133
99 103
99 136
100 122
100 147
101 143
101 149
102 120
104 105
104 112
106 127
107 127
107 128
107 134
108 142
109 113
112 113
114 136
115 131
115 132
116 120
116 132
117 136
119 122
119 135
121 124
121 125
123 149
125 126
126 133
129 137
142 146
145 146
