100 150
1 9
1 68
1 77
2 33
2 70
2 89
3 15
3 16
3 75
4 62
4 84
4 90
5 29
5 78
5 95
6 11
6 64
6 96
7 27
7 28
7 54
8 22
8 27
8 75
9 61
9 90
10 42
10 58
10 86
11 14
11 76
12 24
12 27
12 93
13 21
13 63
13 98
14 21
14 42
15 37
15 74
16 32
16 82
17 21
17 72
17 99
18 26
18 44
18 55
19 24
19 77
19 91
20 47
20 73
20 83
22 62
22 64
23 35
23 36
23 66
24 25
25 38
25 83
26 46
26 51
28 46
28 79
29 30
29 33
30 47
30 92
31 76
31 88
31 92
32 41
32 48
33 55
34 50
34 69
34 87
35 53
35 55
36 39
36 50
37 57
37 68
38 46
38 91
39 67
39 72
40 80
40 94
40 95
41 52
41 65
42 74
43 48
43 53
43 81
44 65
44 75
45 51
45 52
45 58
47 71
48 60
49 78
49 86
49 100
50 59
51 59
52 71
53 81
54 60
54 63
56 62
56 93
56 97
57 85
57 86
58 76
59 89
60 80
61 80
61 88
63 99
64 84
65 85
66 69
66 100
67 78
67 89
68 100
69 87
70 97
70 98
71 79
72 84
73 82
73 83
74 77
79 96
81 99
82 88
85 93
87 97
90 96
91 98
92 94
94 95
