1950 2925
1 362
1 514
1 634
2 177
2 199
2 474
3 367
3 863
3 1531
4 371
4 1416
4 1614
5 337
5 498
5 1072
6 49
6 162
6 1782
7 572
7 829
7 1110
8 522
8 1353
8 1828
9 568
9 1355
9 1584
10 90
10 622
10 1844
11 30
11 659
11 1091
12 625
12 1442
12 1604
13 612
13 1230
13 1391
14 719
14 867
14 1943
15 134
15 463
15 883
16 464
16 647
16 684
17 705
17 989
17 1453
18 190
18 674
18 1932
19 144
19 422
19 1737
20 698
20 1488
20 1876
21 1320
21 1577
21 1941
22 560
22 608
22 1755
23 406
23 847
23 1399
24 616
24 1065
24 1286
25 677
25 720
25 1261
26 566
26 886
26 1330
27 369
27 1081
27 1670
28 771
28 824
28 1743
29 828
29 1381
29 1400
30 319
30 1806
31 167
31 405
31 1211
32 611
32 1648
32 1660
33 387
33 830
33 1361
34 171
34 1075
34 1946
35 314
35 923
35 1371
36 874
36 1349
36 1503
37 260
37 1517
37 1807
38 73
38 438
38 563
39 1246
39 1535
39 1799
40 535
40 904
40 1802
41 131
41 1231
41 1357
42 131
42 215
42 682
43 580
43 1634
43 1836
44 742
44 1217
44 1484
45 114
45 321
45 328
46 1603
46 1686
46 1779
47 121
47 813
47 1671
48 109
48 1511
48 1877
49 263
49 1295
50 180
50 345
50 1499
51 169
51 1316
51 1325
52 670
52 1725
52 1793
53 75
53 644
53 846
54 197
54 1334
54 1509
55 869
55 1280
55 1600
56 479
56 1723
56 1790
57 224
57 770
57 808
58 515
58 703
58 1074
59 1171
59 1371
59 1579
60 328
60 806
60 909
61 408
61 1507
61 1812
62 232
62 265
62 830
63 250
63 415
63 1763
64 80
64 897
64 1804
65 732
65 1048
65 1247
66 264
66 748
66 1801
67 436
67 690
67 1550
68 165
68 1173
68 1612
69 476
69 1279
69 1572
70 297
70 614
70 1931
71 379
71 1421
71 1498
72 1257
72 1875
72 1948
73 141
73 1403
74 522
74 1134
74 1541
75 1048
75 1390
76 311
76 453
76 1549
77 525
77 667
77 784
78 496
78 1005
78 1659
79 299
79 771
79 1328
80 252
80 659
81 247
81 627
81 1232
82 707
82 886
82 1212
83 1128
83 1384
83 1879
84 454
84 1184
84 1519
85 199
85 565
85 961
86 374
86 1403
86 1454
87 461
87 727
87 1727
88 986
88 1061
88 1102
89 1317
89 1582
89 1599
90 824
90 1830
91 389
91 910
91 1317
92 436
92 1000
92 1286
93 746
93 1813
93 1834
94 1260
94 1360
94 1521
95 779
95 889
95 1811
96 725
96 1039
96 1219
97 243
97 1449
97 1784
98 1244
98 1681
98 1854
99 136
99 308
99 1025
100 442
100 993
100 1220
101 787
101 1336
101 1380
102 535
102 806
102 1448
103 493
103 783
103 894
104 754
104 857
104 1024
105 157
105 1187
105 1255
106 532
106 752
106 1833
107 111
107 488
107 1783
108 752
108 986
108 1154
109 825
109 1294
110 431
110 1427
110 1442
111 253
111 1482
112 360
112 1698
112 1931
113 617
113 629
113 1671
114 162
114 1615
115 632
115 1671
115 1708
116 456
116 1569
116 1943
117 574
117 907
117 1097
118 367
118 1378
118 1645
119 559
119 819
119 1098
120 233
120 618
120 1305
121 642
121 1128
122 829
122 878
122 1308
123 421
123 449
123 1380
124 500
124 766
124 1718
125 751
125 896
125 1736
126 127
126 749
126 801
127 252
127 327
128 603
128 1174
128 1533
129 774
129 832
129 1261
130 520
130 1313
130 1656
131 1279
132 526
132 1484
132 1612
133 921
133 1509
133 1641
134 282
134 770
135 547
135 704
135 1625
136 426
136 736
137 547
137 1523
137 1754
138 203
138 482
138 1867
139 799
139 1193
139 1388
140 255
140 1709
140 1831
141 540
141 583
142 223
142 512
142 594
143 528
143 877
143 1320
144 240
144 399
145 146
145 921
145 1522
146 573
146 1797
147 524
147 818
147 1684
148 298
148 477
148 1419
149 509
149 1389
149 1746
150 833
150 1451
150 1652
151 219
151 260
151 1211
152 276
152 518
152 646
153 902
153 1321
153 1723
154 516
154 557
154 1064
155 156
155 286
155 1630
156 902
156 1764
157 660
157 1518
158 881
158 1270
158 1444
159 608
159 648
159 1720
160 874
160 1158
160 1706
161 749
161 1363
161 1677
162 798
163 1372
163 1470
163 1732
164 619
164 1093
164 1605
165 433
165 1304
166 515
166 810
166 1789
167 717
167 1006
168 286
168 423
168 1580
169 1067
169 1740
170 375
170 1073
170 1471
171 512
171 528
172 1492
172 1825
172 1834
173 340
173 507
173 626
174 610
174 703
174 1381
175 234
175 896
175 1794
176 853
176 1374
176 1468
177 383
177 1190
178 1123
178 1826
178 1887
179 669
179 1132
179 1341
180 289
180 795
181 964
181 1209
181 1901
182 1159
182 1674
182 1720
183 307
183 597
183 790
184 278
184 424
184 1007
185 512
185 1139
185 1433
186 435
186 1336
186 1886
187 265
187 1129
187 1796
188 481
188 876
188 1615
189 362
189 536
189 1182
190 426
190 1219
191 503
191 612
191 1392
192 410
192 1620
192 1922
193 439
193 1073
193 1394
194 1060
194 1358
194 1508
195 238
195 1460
195 1470
196 1070
196 1106
196 1929
197 942
197 1906
198 835
198 1149
198 1324
199 1392
200 241
200 809
200 1657
201 712
201 805
201 1204
202 302
202 1432
202 1907
203 1225
203 1453
204 891
204 1060
204 1808
205 775
205 920
205 1137
206 332
206 1207
206 1850
207 539
207 1831
207 1911
208 615
208 864
208 1797
209 534
209 827
209 927
210 867
210 1696
210 1899
211 767
211 776
211 1933
212 234
212 390
212 1943
213 411
213 1010
213 1840
214 845
214 954
214 961
215 972
215 1565
216 622
216 924
216 1581
217 593
217 1345
217 1769
218 488
218 1524
218 1584
219 575
219 1423
220 645
220 1213
220 1587
221 1241
221 1608
221 1820
222 784
222 1336
222 1874
223 1133
223 1334
224 526
224 1907
225 357
225 464
225 967
226 815
226 999
226 1075
227 1150
227 1547
227 1623
228 460
228 979
228 1140
229 1249
229 1295
229 1456
230 788
230 1548
230 1858
231 491
231 1110
231 1447
232 650
232 1403
233 647
233 1190
234 1276
235 1410
235 1662
235 1663
236 255
236 1143
236 1913
237 654
237 687
237 1918
238 539
238 1095
239 541
239 601
239 1488
240 425
240 1945
241 1108
241 1788
242 948
242 1134
242 1135
243 817
243 1371
244 880
244 1155
244 1495
245 291
245 1086
245 1401
246 802
246 1136
246 1163
247 600
247 1017
248 643
248 919
248 1421
249 444
249 1594
249 1932
250 1099
250 1629
251 1124
251 1222
251 1644
252 335
253 1597
253 1879
254 478
254 1492
254 1670
255 1495
256 322
256 1201
256 1250
257 269
257 1485
257 1945
258 375
258 721
258 1251
259 321
259 803
259 1747
260 1218
261 390
261 849
261 1658
262 1425
262 1579
262 1841
263 595
263 768
264 1218
264 1622
265 579
266 1356
266 1623
266 1891
267 447
267 499
267 1069
268 419
268 916
268 1188
269 1265
269 1616
270 543
270 709
270 1556
271 1233
271 1719
271 1840
272 349
272 553
272 1334
273 474
273 1250
273 1744
274 954
274 1230
274 1499
275 842
275 936
275 1407
276 1651
276 1806
277 1025
277 1588
277 1785
278 1376
278 1569
279 433
279 1673
279 1712
280 1006
280 1041
280 1322
281 335
281 645
281 955
282 1126
282 1318
283 713
283 1178
283 1928
284 561
284 1726
284 1810
285 808
285 1433
285 1568
286 1445
287 392
287 489
287 1103
288 908
288 1055
288 1800
289 807
289 1210
290 763
290 839
290 1927
291 941
291 997
292 401
292 441
292 686
293 693
293 1510
293 1659
294 1098
294 1244
294 1275
295 307
295 1361
295 1469
296 1297
296 1656
296 1804
297 1311
297 1429
298 1121
298 1704
299 661
299 1788
300 781
300 1499
300 1885
301 1288
301 1609
301 1876
302 1244
302 1433
303 457
303 1525
303 1929
304 612
304 1619
304 1765
305 1448
305 1810
305 1870
306 915
306 1165
306 1808
307 1260
308 1717
308 1882
309 388
309 1063
309 1722
310 316
310 1151
310 1820
311 915
311 1572
312 941
312 1366
312 1744
313 1505
313 1519
313 1950
314 675
314 1776
315 414
315 1554
315 1921
316 699
316 1121
317 876
317 1206
317 1732
318 530
318 649
318 953
319 922
319 1567
320 336
320 883
320 1236
321 1431
322 1566
322 1624
323 767
323 1044
323 1544
324 1174
324 1543
324 1544
325 1034
325 1234
325 1311
326 868
326 1090
326 1242
327 425
327 554
328 906
329 330
329 1047
329 1109
330 689
330 1114
331 410
331 516
331 1817
332 905
332 1377
333 633
333 760
333 1004
334 336
334 1685
334 1845
335 1004
336 1032
337 602
337 745
338 388
338 820
338 914
339 780
339 945
339 1601
340 391
340 1508
341 1039
341 1243
341 1792
342 689
342 1676
342 1946
343 1042
343 1303
343 1930
344 609
344 677
344 788
345 607
345 1713
346 1379
346 1811
346 1818
347 475
347 1192
347 1272
348 1086
348 1092
348 1407
349 635
349 1118
350 384
350 513
350 1838
351 811
351 838
351 1361
352 801
352 1111
352 1313
353 548
353 747
353 849
354 394
354 1525
354 1807
355 710
355 1449
355 1890
356 457
356 782
356 1631
357 514
357 1212
358 1232
358 1327
358 1415
359 685
359 1755
359 1832
360 391
360 823
361 668
361 799
361 1387
362 994
363 1149
363 1203
363 1398
364 1276
364 1307
364 1315
365 1071
365 1079
365 1429
366 1130
366 1406
366 1893
367 1816
368 1493
368 1727
368 1771
369 783
369 1321
370 465
370 804
370 1731
371 435
371 940
372 999
372 1710
372 1742
373 1633
373 1699
373 1884
374 542
374 664
375 1679
376 1269
376 1434
376 1772
377 406
377 1357
377 1383
378 390
378 485
378 1591
379 1161
379 1598
380 682
380 1008
380 1207
381 879
381 1036
381 1122
382 410
382 475
382 1081
383 527
383 926
384 747
384 1094
385 482
385 977
385 1153
386 401
386 624
386 679
387 659
387 702
388 1214
389 726
389 1265
391 1345
392 722
392 1660
393 911
393 1009
393 1166
394 1392
394 1504
395 623
395 1283
395 1553
396 1125
396 1241
396 1593
397 837
397 847
397 1494
398 459
398 764
398 1755
399 479
399 814
400 1514
400 1549
400 1626
401 803
402 818
402 834
402 1395
403 1239
403 1240
403 1514
404 1434
404 1864
404 1930
405 1174
405 1689
406 1764
407 442
407 968
407 1632
408 905
408 1277
409 658
409 1054
409 1536
411 586
411 646
412 1271
412 1346
412 1789
413 726
413 1210
413 1483
414 772
414 1138
415 1120
415 1866
416 508
416 675
416 1070
417 708
417 1257
417 1364
418 1059
418 1409
418 1771
419 451
419 1094
420 431
420 845
420 1052
421 1360
421 1933
422 697
422 955
423 486
423 567
424 850
424 1907
425 1127
426 1295
427 832
427 1009
427 1323
428 551
428 1254
428 1417
429 1030
429 1285
429 1733
430 577
430 584
430 1647
431 505
432 1304
432 1368
432 1397
433 813
434 1023
434 1353
434 1408
435 1041
436 936
437 462
437 802
437 1116
438 892
438 1038
439 800
439 1618
440 812
440 928
440 1142
441 716
441 1742
442 536
443 733
443 1487
443 1550
444 580
444 925
445 1481
445 1619
445 1672
446 543
446 1269
446 1725
447 1298
447 1512
448 910
448 1256
448 1293
449 1240
449 1745
450 858
450 1654
450 1668
451 1115
451 1162
452 495
452 943
452 1523
453 485
453 1046
454 632
454 1733
455 965
455 1290
455 1785
456 1768
456 1780
457 1010
458 924
458 1031
458 1167
459 538
459 555
460 1300
460 1872
461 891
461 1942
462 1041
462 1054
463 1791
463 1873
464 1409
465 938
465 1073
466 1063
466 1181
466 1589
467 586
467 855
467 1369
468 987
468 1656
468 1687
469 609
469 767
469 1513
470 630
470 1228
470 1414
471 1206
471 1627
471 1927
472 856
472 1058
472 1925
473 774
473 1117
473 1520
474 1113
475 497
476 628
476 1823
477 1056
477 1267
478 1176
478 1346
479 1934
480 1069
480 1486
480 1628
481 564
481 928
482 1906
483 1252
483 1589
483 1592
484 774
484 1408
484 1928
485 1031
486 1050
486 1878
487 667
487 1678
487 1751
488 1636
489 547
489 1303
490 991
490 1474
490 1565
491 1472
491 1605
492 789
492 933
492 1104
493 933
493 1647
494 653
494 971
494 1305
495 621
495 1358
496 1634
496 1795
497 1237
497 1705
498 1198
498 1487
499 856
499 1842
500 1114
500 1864
501 675
501 743
501 1883
502 706
502 1497
502 1856
503 598
503 1662
504 640
504 981
504 1256
505 1725
505 1938
506 1020
506 1669
506 1939
507 1220
507 1780
508 730
508 1905
509 619
509 1682
510 674
510 1518
510 1635
511 544
511 663
511 992
513 1107
513 1248
514 1314
515 918
516 1108
517 745
517 1318
517 1540
518 533
518 982
519 570
519 1083
519 1246
520 966
520 1114
521 1268
521 1461
521 1552
522 1224
523 1208
523 1483
523 1906
524 674
524 1206
525 1687
525 1835
526 1553
527 893
527 1899
528 1010
529 754
529 787
529 1347
530 531
530 1067
531 601
531 1902
532 1051
532 1455
533 657
533 1551
534 973
534 1699
535 549
536 1775
537 974
537 1248
537 1341
538 981
538 1730
539 1724
540 1019
540 1154
541 1141
541 1739
542 666
542 1734
543 1302
544 1654
544 1833
545 566
545 579
545 1287
546 897
546 1226
546 1481
548 1189
548 1673
549 1243
549 1294
550 681
550 1293
550 1938
551 1022
551 1145
552 1088
552 1216
552 1682
553 1420
553 1438
554 1014
554 1287
555 797
555 1027
556 1113
556 1380
556 1528
557 1364
557 1648
558 676
558 764
558 1643
559 1077
559 1702
560 1093
560 1622
561 1131
561 1606
562 707
562 793
562 1386
563 836
563 1838
564 1645
564 1694
565 1881
565 1882
566 1648
567 997
567 1857
568 817
568 1185
569 613
569 827
569 1221
570 945
570 1621
571 834
571 1192
571 1394
572 1666
572 1694
573 723
573 1370
574 1414
574 1541
575 1849
575 1897
576 894
576 1024
576 1522
577 656
577 711
578 751
578 1628
578 1941
579 1705
580 711
581 590
581 1074
581 1729
582 706
582 888
582 1542
583 1457
583 1819
584 1344
584 1529
585 1028
585 1142
585 1909
586 1821
587 599
587 800
587 962
588 604
588 1296
588 1479
589 1142
589 1309
589 1505
590 880
590 1099
591 887
591 1080
591 1537
592 794
592 1613
592 1890
593 1068
593 1323
594 637
594 1393
595 714
595 1338
596 957
596 1180
596 1573
597 1691
597 1750
598 1203
598 1473
599 1430
599 1482
600 1197
600 1402
601 1465
602 1382
602 1913
603 670
603 1198
604 825
604 1504
605 1709
605 1752
605 1803
606 761
606 1594
606 1801
607 1545
607 1950
608 1285
609 1441
610 696
610 1516
611 653
611 1194
613 642
613 1861
614 984
614 1467
615 619
615 1729
616 1597
616 1711
617 868
617 1564
618 1218
618 1575
620 1028
620 1303
620 1335
621 676
621 1057
622 1912
623 776
623 1046
624 816
624 1259
625 842
625 1496
626 1299
626 1646
627 1585
627 1854
628 1002
628 1528
629 966
629 1667
630 852
630 1552
631 843
631 1557
631 1736
632 939
633 773
633 1929
634 1425
634 1467
635 729
635 1924
636 806
636 1316
636 1542
637 1278
637 1700
638 871
638 1356
638 1749
639 1320
639 1632
639 1774
640 863
640 1238
641 709
641 935
641 1532
642 737
643 1116
643 1413
644 1592
644 1877
645 1506
646 1362
647 949
648 1491
648 1750
649 672
649 1692
650 1531
650 1690
651 860
651 1317
651 1458
652 753
652 913
652 1158
653 1424
654 934
654 1314
655 1479
655 1617
655 1819
656 891
656 1758
657 951
657 1582
658 1183
658 1856
660 842
660 1262
661 665
661 1717
662 895
662 988
662 1280
663 1056
663 1908
664 1159
664 1355
665 868
665 1412
666 803
666 1177
667 1723
668 1027
668 1769
669 1278
669 1859
670 1529
671 1420
671 1759
671 1762
672 708
672 1885
673 1023
673 1231
673 1719
676 1199
677 1088
678 1195
678 1479
678 1896
679 1235
679 1837
680 857
680 982
680 1214
681 973
681 1178
682 1044
683 773
683 1155
683 1655
684 844
684 1538
685 1349
685 1858
686 689
686 1157
687 1288
687 1293
688 724
688 725
688 1102
690 1767
690 1809
691 755
691 822
691 1714
692 1493
692 1616
692 1892
693 919
693 1456
694 968
694 1092
694 1640
695 1112
695 1347
695 1768
696 1449
696 1748
697 947
697 1847
698 1388
698 1676
699 1007
699 1450
700 972
700 1076
700 1590
701 1418
701 1759
701 1881
702 969
702 1825
703 944
704 1250
704 1845
705 1045
705 1284
706 1571
707 1635
708 1190
709 1223
710 714
710 1527
711 1189
712 955
712 1324
713 1411
713 1784
714 895
715 759
715 1107
715 1277
716 1082
716 1264
717 960
717 1354
718 880
718 1642
718 1711
719 1013
719 1404
720 1291
720 1345
721 1104
721 1298
722 1104
722 1610
723 1178
723 1460
724 1089
724 1945
725 1340
726 1510
727 1288
727 1569
728 937
728 1753
728 1821
729 869
729 1387
730 838
730 1014
731 1560
731 1619
731 1933
732 1253
732 1705
733 1181
733 1728
734 815
734 1245
734 1352
735 757
735 1071
735 1326
736 1563
736 1673
737 932
737 1934
738 1175
738 1550
738 1693
739 946
739 1541
739 1848
740 1146
740 1169
740 1681
741 778
741 1514
741 1701
742 1578
742 1718
743 771
743 970
744 876
744 1066
744 1598
745 1758
746 1283
746 1496
747 1816
748 1266
748 1551
749 916
750 1004
750 1446
750 1707
751 1595
752 1002
753 1773
753 1836
754 1716
755 1745
755 1917
756 804
756 1223
756 1453
757 1281
757 1792
758 946
758 1306
758 1846
759 1530
759 1884
760 1245
760 1368
761 1562
761 1797
762 1074
762 1362
762 1566
763 1485
763 1621
764 889
765 1098
765 1386
765 1405
766 792
766 844
768 1031
768 1342
769 1226
769 1546
769 1741
770 922
772 1013
772 1262
773 1076
775 1773
775 1809
776 1647
777 814
777 1501
777 1877
778 1557
778 1855
779 1875
779 1919
780 1297
780 1547
781 1186
781 1520
782 1126
782 1586
783 882
784 1185
785 1094
785 1151
785 1826
786 1175
786 1667
786 1776
787 1846
788 1209
789 1048
789 1335
790 1519
790 1708
791 808
791 928
791 1427
792 1144
792 1294
793 1155
793 1603
794 1460
794 1735
795 1026
795 1848
796 888
796 1080
796 1860
797 1036
797 1311
798 1642
798 1720
799 1347
800 1119
801 1292
802 1901
804 1832
805 1134
805 1738
807 997
807 1000
809 1497
809 1616
810 898
810 1255
811 1543
811 1757
812 1257
812 1465
813 1332
814 1643
815 1149
816 1225
816 1446
817 1040
818 1680
819 932
819 1228
820 1650
820 1756
821 1437
821 1534
821 1910
822 1260
822 1506
823 1209
823 1385
824 1588
825 1126
826 941
826 971
826 980
827 1887
828 1061
828 1323
829 1822
830 1315
831 864
831 1007
831 1878
832 1551
833 1117
833 1367
834 1452
835 1161
835 1894
836 1006
836 1395
837 1313
837 1555
838 1661
839 1237
839 1333
840 1022
840 1734
840 1892
841 1752
841 1859
841 1912
843 1000
843 1547
844 1284
845 872
846 1536
846 1805
847 882
848 1532
848 1655
848 1880
849 1868
850 1415
850 1818
851 1018
851 1463
851 1476
852 878
852 1409
853 873
853 1873
854 911
854 1032
854 1238
855 1171
855 1362
856 1688
857 1593
858 1034
858 1668
859 1251
859 1270
859 1804
860 1340
860 1710
861 956
861 1829
861 1919
862 1658
862 1761
862 1802
863 975
864 1535
865 1239
865 1379
865 1476
866 1078
866 1132
866 1696
867 1356
869 1591
870 1411
870 1538
870 1666
871 1477
871 1540
872 1342
872 1477
873 1427
873 1921
874 1055
875 1123
875 1872
875 1904
877 1375
877 1639
878 1637
879 987
879 1462
881 1350
881 1807
882 1911
883 1622
884 1091
884 1255
884 1903
885 1132
885 1263
885 1910
886 1573
887 1639
887 1739
888 1486
889 1761
890 1492
890 1577
890 1828
892 1544
892 1851
893 1165
893 1234
894 1033
895 1282
896 1354
897 1166
898 1211
898 1620
899 1708
899 1712
899 1850
900 1035
900 1505
900 1883
901 1528
901 1545
901 1752
902 1436
903 1037
903 1111
903 1556
904 1289
904 1921
905 1067
906 1678
906 1813
907 1397
907 1947
908 1273
908 1329
909 1049
909 1464
910 1454
911 1025
912 1539
912 1739
912 1814
913 1306
913 1457
914 1536
914 1899
915 1631
916 1918
917 1461
917 1693
917 1889
918 925
918 1865
919 1088
920 1527
920 1942
921 1053
922 992
923 1417
923 1699
924 1437
925 1526
926 1879
926 1908
927 1601
927 1944
929 1152
929 1548
929 1796
930 1070
930 1468
930 1735
931 1268
931 1328
931 1698
932 1578
933 992
934 1177
934 1683
935 1627
935 1646
936 1251
937 1683
937 1836
938 1036
938 1489
939 1044
939 1405
940 1037
940 1110
942 1207
942 1668
943 1410
943 1814
944 1162
944 1781
945 1440
946 1384
947 979
947 1321
948 980
948 1852
949 1228
949 1587
950 1376
950 1665
950 1932
951 1533
951 1839
952 1166
952 1740
952 1863
953 1312
953 1651
954 1734
956 1438
956 1580
957 1153
957 1314
958 972
958 1352
958 1404
959 1604
959 1865
959 1922
960 1570
960 1869
961 1464
962 1597
962 1727
963 1034
963 1302
963 1631
964 1503
964 1893
965 1236
965 1344
966 1865
967 1269
967 1596
968 1412
969 1147
969 1246
970 1196
970 1644
971 977
973 1632
974 1163
974 1677
975 1299
975 1537
976 1180
976 1568
976 1873
977 1920
978 1138
978 1624
978 1756
979 1583
980 1059
981 1282
982 1737
983 1274
983 1661
983 1706
984 1128
984 1273
985 1047
985 1201
985 1830
986 1777
987 1947
988 1024
988 1827
989 1576
989 1779
990 1315
990 1420
990 1690
991 1310
991 1842
993 1472
993 1875
994 1474
994 1809
995 1200
995 1249
995 1898
996 1582
996 1618
996 1848
998 1243
998 1660
998 1798
999 1152
1001 1089
1001 1713
1001 1802
1002 1905
1003 1538
1003 1542
1003 1823
1005 1289
1005 1319
1008 1021
1008 1199
1009 1891
1011 1270
1011 1509
1011 1586
1012 1227
1012 1423
1012 1938
1013 1650
1014 1609
1015 1424
1015 1709
1015 1925
1016 1599
1016 1728
1016 1916
1017 1424
1017 1839
1018 1681
1018 1815
1019 1431
1019 1767
1020 1639
1020 1786
1021 1462
1021 1819
1022 1775
1023 1791
1026 1621
1026 1839
1027 1822
1028 1465
1029 1490
1029 1715
1029 1883
1030 1093
1030 1895
1032 1156
1033 1047
1033 1143
1035 1123
1035 1405
1037 1374
1038 1411
1038 1490
1039 1191
1040 1747
1040 1882
1042 1078
1042 1434
1043 1118
1043 1563
1043 1748
1045 1085
1045 1585
1046 1428
1049 1100
1049 1205
1050 1610
1050 1661
1051 1147
1051 1924
1052 1229
1052 1452
1053 1331
1053 1355
1054 1731
1055 1399
1056 1888
1057 1365
1057 1437
1058 1554
1058 1690
1059 1396
1060 1399
1061 1680
1062 1370
1062 1443
1062 1498
1063 1750
1064 1083
1064 1467
1065 1406
1065 1574
1066 1377
1066 1672
1068 1452
1068 1652
1069 1617
1071 1298
1072 1125
1072 1776
1075 1716
1076 1916
1077 1102
1077 1881
1078 1924
1079 1513
1079 1863
1080 1480
1081 1367
1082 1579
1082 1618
1083 1598
1084 1184
1084 1495
1084 1827
1085 1501
1085 1738
1086 1221
1087 1191
1087 1310
1087 1860
1089 1703
1090 1607
1090 1812
1091 1847
1092 1722
1095 1457
1095 1570
1096 1382
1096 1494
1096 1702
1097 1435
1097 1714
1099 1136
1100 1103
1100 1687
1101 1120
1101 1721
1101 1769
1103 1576
1105 1459
1105 1564
1105 1680
1106 1259
1106 1662
1107 1712
1108 1889
1109 1116
1109 1450
1111 1758
1112 1488
1112 1841
1113 1168
1115 1291
1115 1837
1117 1415
1118 1678
1119 1778
1119 1937
1120 1874
1121 1496
1122 1217
1122 1348
1124 1799
1124 1876
1125 1181
1127 1141
1127 1791
1129 1416
1129 1458
1130 1275
1130 1665
1131 1143
1131 1483
1133 1292
1133 1558
1135 1369
1135 1425
1136 1841
1137 1700
1137 1811
1138 1247
1139 1463
1139 1901
1140 1263
1140 1638
1141 1744
1144 1310
1144 1871
1145 1373
1145 1898
1146 1305
1146 1923
1147 1480
1148 1402
1148 1481
1148 1630
1150 1254
1150 1871
1151 1564
1152 1203
1153 1798
1154 1815
1156 1179
1156 1640
1157 1692
1157 1762
1158 1383
1159 1469
1160 1245
1160 1697
1160 1886
1161 1824
1162 1273
1163 1459
1164 1208
1164 1378
1164 1753
1165 1834
1167 1205
1167 1473
1168 1240
1168 1669
1169 1526
1169 1751
1170 1326
1170 1349
1170 1766
1171 1231
1172 1375
1172 1421
1172 1567
1173 1198
1173 1888
1175 1747
1176 1439
1176 1573
1177 1611
1179 1300
1179 1900
1180 1524
1182 1575
1182 1666
1183 1851
1183 1854
1184 1937
1185 1590
1186 1558
1186 1604
1187 1419
1187 1946
1188 1585
1188 1851
1189 1444
1191 1853
1192 1506
1193 1204
1193 1471
1194 1516
1194 1766
1195 1234
1195 1638
1196 1328
1196 1863
1197 1696
1197 1844
1199 1280
1200 1428
1200 1923
1201 1265
1202 1212
1202 1338
1202 1624
1204 1581
1205 1378
1208 1215
1210 1534
1213 1478
1213 1611
1214 1754
1215 1322
1215 1423
1216 1223
1216 1651
1217 1939
1219 1806
1220 1510
1221 1783
1222 1701
1222 1904
1224 1702
1224 1745
1225 1672
1226 1535
1227 1319
1227 1502
1229 1511
1229 1524
1230 1944
1232 1704
1233 1763
1233 1817
1235 1664
1235 1832
1236 1486
1237 1348
1238 1412
1239 1633
1241 1307
1242 1307
1242 1667
1247 1324
1248 1949
1249 1497
1252 1462
1252 1643
1253 1285
1253 1904
1254 1443
1256 1491
1258 1435
1258 1494
1258 1847
1259 1805
1261 1377
1262 1796
1263 1620
1264 1309
1264 1534
1266 1493
1266 1741
1267 1663
1267 1820
1268 1724
1271 1360
1271 1426
1272 1570
1272 1910
1274 1580
1274 1653
1275 1602
1276 1843
1277 1477
1278 1282
1279 1344
1281 1909
1281 1925
1283 1698
1284 1816
1286 1779
1287 1533
1289 1803
1290 1331
1290 1422
1291 1559
1292 1339
1296 1426
1296 1559
1297 1789
1299 1331
1300 1444
1301 1715
1301 1823
1301 1905
1302 1560
1304 1600
1306 1351
1308 1507
1308 1517
1309 1897
1312 1608
1312 1918
1316 1325
1318 1438
1319 1372
1322 1329
1325 1475
1326 1602
1327 1685
1327 1792
1329 1916
1330 1372
1330 1808
1332 1503
1332 1926
1333 1339
1333 1844
1335 1389
1337 1552
1337 1555
1337 1861
1338 1359
1339 1500
1340 1732
1341 1649
1342 1760
1343 1422
1343 1454
1343 1731
1346 1466
1348 1363
1350 1450
1350 1787
1351 1401
1351 1880
1352 1368
1353 1518
1354 1485
1357 1684
1358 1363
1359 1484
1359 1915
1364 1649
1365 1489
1365 1629
1366 1527
1366 1783
1367 1451
1369 1596
1370 1831
1373 1646
1373 1743
1374 1821
1375 1756
1376 1511
1379 1711
1381 1900
1382 1922
1383 1860
1384 1626
1385 1464
1385 1703
1386 1557
1387 1611
1388 1636
1389 1600
1390 1443
1390 1543
1391 1637
1391 1740
1393 1520
1393 1940
1394 1692
1395 1430
1396 1571
1396 1596
1397 1398
1398 1440
1400 1451
1400 1917
1401 1606
1402 1859
1404 1857
1406 1812
1407 1525
1408 1770
1410 1846
1413 1475
1413 1757
1414 1679
1416 1903
1417 1595
1418 1466
1418 1652
1419 1761
1422 1898
1426 1795
1428 1627
1429 1738
1430 1614
1431 1706
1432 1436
1432 1724
1435 1775
1436 1473
1439 1588
1439 1719
1440 1935
1441 1500
1441 1874
1442 1733
1445 1581
1445 1629
1446 1768
1447 1625
1447 1764
1448 1556
1455 1838
1455 1867
1456 1759
1458 1800
1459 1586
1461 1939
1463 1605
1466 1531
1468 1498
1469 1787
1470 1718
1471 1749
1472 1655
1474 1833
1475 1746
1476 1944
1478 1576
1478 1770
1480 1583
1482 1947
1487 1772
1489 1636
1490 1568
1491 1516
1500 1591
1501 1780
1502 1625
1502 1801
1504 1852
1507 1726
1508 1572
1512 1894
1512 1914
1513 1658
1515 1546
1515 1623
1515 1926
1517 1765
1521 1653
1521 1691
1522 1617
1523 1948
1526 1784
1529 1589
1530 1635
1530 1762
1532 1574
1537 1741
1539 1612
1539 1630
1540 1697
1545 1777
1546 1861
1548 1830
1549 1717
1553 1793
1554 1663
1555 1608
1558 1772
1559 1609
1560 1926
1561 1654
1561 1721
1561 1940
1562 1835
1562 1902
1563 1777
1565 1845
1566 1889
1567 1782
1571 1884
1574 1676
1575 1615
1577 1767
1578 1785
1583 1730
1584 1770
1587 1822
1590 1774
1592 1726
1593 1778
1594 1862
1595 1695
1599 1895
1601 1871
1602 1794
1603 1936
1606 1786
1607 1742
1607 1813
1610 1664
1613 1628
1613 1894
1614 1862
1626 1786
1633 1778
1634 1793
1637 1867
1638 1948
1640 1928
1641 1842
1641 1878
1642 1825
1644 1818
1645 1886
1649 1787
1650 1869
1653 1856
1657 1858
1657 1917
1659 1754
1664 1934
1665 1710
1669 1835
1670 1675
1674 1675
1674 1936
1675 1950
1677 1749
1679 1730
1682 1911
1683 1896
1684 1840
1685 1857
1686 1688
1686 1914
1688 1815
1689 1766
1689 1942
1691 1781
1693 1843
1694 1695
1695 1912
1697 1737
1700 1715
1701 1936
1703 1805
1704 1817
1707 1895
1707 1902
1713 1773
1714 1949
1716 1799
1721 1931
1722 1760
1728 1885
1729 1893
1735 1935
1736 1843
1743 1870
1746 1829
1748 1937
1751 1824
1753 1870
1757 1781
1760 1810
1763 1852
1765 1927
1771 1798
1774 1930
1782 1790
1788 1920
1790 1850
1794 1855
1795 1913
1800 1903
1803 1919
1814 1872
1824 1949
1826 1828
1827 1940
1829 1915
1837 1900
1849 1866
1849 1914
1853 1892
1853 1909
1855 1915
1862 1890
1864 1891
1866 1908
1868 1880
1868 1887
1869 1923
1888 1897
1896 1920
1935 1941
