1800 2700
1 92
1 1320
1 1737
2 34
2 189
2 1757
3 366
3 494
3 552
4 95
4 673
4 995
5 573
5 580
5 980
6 1087
6 1368
6 1646
7 526
7 873
7 1100
8 645
8 791
8 1015
9 956
9 1439
9 1658
10 126
10 659
10 1311
11 824
11 1014
11 1071
12 293
12 1093
12 1586
13 22
13 1441
13 1620
14 1379
14 1702
14 1753
15 913
15 1616
15 1737
16 42
16 1152
16 1581
17 539
17 977
17 1450
18 227
18 1130
18 1776
19 229
19 877
19 1227
20 309
20 1073
20 1385
21 1245
21 1451
21 1752
22 1046
22 1134
23 176
23 849
23 1788
24 72
24 1019
24 1523
25 136
25 1615
25 1633
26 447
26 632
26 1474
27 39
27 215
27 506
28 177
28 221
28 781
29 780
29 1345
29 1488
30 259
30 618
30 1502
31 457
31 796
31 1356
32 359
32 824
32 1177
33 62
33 100
33 1329
34 407
34 1784
35 403
35 748
35 1367
36 67
36 335
36 375
37 574
37 784
37 1291
38 730
38 878
38 1407
39 257
39 803
40 465
40 523
40 1640
41 890
41 1231
41 1582
42 707
42 1764
43 955
43 1051
43 1767
44 303
44 866
44 1001
45 132
45 913
45 972
46 645
46 856
46 1556
47 818
47 942
47 1774
48 181
48 564
48 1563
49 71
49 583
49 869
50 589
50 953
50 1677
51 223
51 472
51 1704
52 662
52 810
52 1577
53 422
53 503
53 1511
54 274
54 474
54 527
55 1057
55 1182
55 1468
56 1205
56 1273
56 1292
57 298
57 611
57 640
58 677
58 700
58 767
59 606
59 1092
59 1272
60 624
60 801
60 936
61 301
61 383
61 712
62 144
62 1279
63 983
63 1068
63 1690
64 234
64 255
64 1253
65 168
65 328
65 1200
66 430
66 507
66 864
67 557
67 1676
68 927
68 994
68 1139
69 634
69 972
69 1794
70 929
70 991
70 1496
71 411
71 858
72 1088
72 1780
73 1041
73 1210
73 1246
74 447
74 497
74 1115
75 728
75 996
75 1775
76 1062
76 1097
76 1628
77 804
77 822
77 1022
78 827
78 1348
78 1505
79 849
79 1033
79 1197
80 843
80 1636
80 1769
81 387
81 648
81 1490
82 840
82 864
82 903
83 105
83 766
83 1217
84 733
84 781
84 905
85 287
85 829
85 1093
86 750
86 932
86 1032
87 1225
87 1275
87 1385
88 510
88 812
88 1155
89 983
89 1660
89 1734
90 455
90 825
90 1067
91 118
91 560
91 818
92 837
92 1142
93 194
93 966
93 1711
94 639
94 828
94 1018
95 406
95 1761
96 1141
96 1498
96 1537
97 637
97 1103
97 1430
98 629
98 1059
98 1361
99 594
99 623
99 1178
100 1235
100 1691
101 195
101 560
101 1563
102 183
102 448
102 508
103 644
103 1529
103 1619
104 268
104 399
104 1796
105 301
105 746
106 1028
106 1325
106 1607
107 1076
107 1232
107 1290
108 248
108 369
108 1045
109 1053
109 1077
109 1112
110 578
110 776
110 1570
111 458
111 553
111 1357
112 439
112 776
112 1175
113 522
113 676
113 1446
114 345
114 521
114 1723
115 412
115 467
115 1796
116 245
116 1482
116 1518
117 243
117 938
117 1416
118 783
118 1477
119 741
119 1649
119 1791
120 363
120 1545
120 1692
121 315
121 992
121 1565
122 611
122 945
122 1352
123 979
123 1459
123 1632
124 259
124 606
124 1282
125 445
125 514
125 1390
126 636
126 1375
127 189
127 232
127 806
128 509
128 1177
128 1711
129 761
129 1099
129 1250
130 323
130 398
130 1326
131 214
131 1456
131 1800
132 144
132 549
133 695
133 1217
133 1664
134 431
134 1174
134 1404
135 892
135 1512
135 1724
136 689
136 1128
137 569
137 687
137 885
138 253
138 330
138 707
139 248
139 1241
139 1787
140 784
140 958
140 1226
141 197
141 702
141 1164
142 174
142 484
142 578
143 1003
143 1155
143 1313
144 463
145 793
145 1208
145 1778
146 725
146 1405
146 1422
147 547
147 660
147 737
148 183
148 238
148 787
149 255
149 685
149 1734
150 182
150 1453
150 1483
151 399
151 706
151 1208
152 368
152 1478
152 1765
153 464
153 925
153 1150
154 401
154 476
154 499
155 508
155 622
155 722
156 721
156 734
156 1333
157 354
157 689
157 729
158 614
158 648
158 853
159 860
159 1159
159 1470
160 373
160 1551
160 1700
161 703
161 939
161 1798
162 281
162 493
162 1571
163 282
163 338
163 914
164 288
164 510
164 1795
165 290
165 1489
165 1630
166 653
166 1656
166 1785
167 546
167 1045
167 1103
168 218
168 1639
169 756
169 1458
169 1595
170 635
170 981
170 1436
171 482
171 537
171 777
172 371
172 883
172 1710
173 324
173 445
173 1154
174 385
174 1704
175 179
175 444
175 1074
176 738
176 1376
177 851
177 1371
178 410
178 657
178 1619
179 640
179 1568
180 884
180 1331
180 1408
181 795
181 1171
182 692
182 1665
183 822
184 790
184 1259
184 1725
185 898
185 1659
185 1673
186 974
186 1061
186 1747
187 408
187 1149
187 1654
188 304
188 1046
188 1685
189 987
190 264
190 1138
190 1441
191 519
191 895
191 1228
192 496
192 659
192 1310
193 1471
193 1472
193 1641
194 1288
194 1529
195 205
195 1248
196 375
196 1268
196 1404
197 595
197 1381
198 959
198 1106
198 1397
199 272
199 785
199 1591
200 610
200 1327
200 1772
201 302
201 1203
201 1585
202 715
202 1499
202 1556
203 928
203 930
203 1149
204 789
204 1545
204 1662
205 274
205 329
206 1049
206 1278
206 1392
207 507
207 1183
207 1444
208 291
208 1215
208 1546
209 408
209 461
209 1466
210 458
210 827
210 1483
211 465
211 952
211 1565
212 900
212 987
212 1552
213 1111
213 1616
213 1777
214 262
214 846
215 717
215 1681
216 525
216 1267
216 1393
217 453
217 556
217 637
218 926
218 1026
219 550
219 771
219 1675
220 509
220 654
220 802
221 901
221 1531
222 1086
222 1420
222 1592
223 1422
223 1668
224 726
224 1051
224 1069
225 1112
225 1265
225 1526
226 325
226 631
226 946
227 920
227 992
228 775
228 910
228 1647
229 886
229 1699
230 886
230 964
230 1511
231 1137
231 1324
231 1599
232 757
232 1612
233 291
233 481
233 1562
234 905
234 1326
235 649
235 1261
235 1327
236 735
236 875
236 943
237 1161
237 1358
237 1753
238 1114
238 1475
239 1313
239 1526
239 1637
240 412
240 1412
240 1587
241 620
241 1063
241 1729
242 350
242 1392
242 1688
243 909
243 1118
244 704
244 1276
244 1790
245 320
245 1681
246 258
246 1109
246 1756
247 755
247 1339
247 1362
248 1413
249 605
249 904
249 1067
250 1063
250 1297
250 1536
251 753
251 1322
251 1387
252 592
252 1066
252 1156
253 600
253 1317
254 807
254 906
254 1410
255 1202
256 650
256 1414
256 1434
257 554
257 1664
258 393
258 680
259 1083
260 1059
260 1402
260 1644
261 1015
261 1436
261 1687
262 890
262 1343
263 698
263 733
263 1072
264 357
264 1129
265 659
265 660
265 663
266 827
266 1303
266 1508
267 305
267 1179
267 1452
268 1220
268 1760
269 493
269 1418
269 1645
270 792
270 1590
270 1673
271 975
271 1150
271 1569
272 295
272 1320
273 575
273 1017
273 1193
274 321
275 989
275 1176
275 1323
276 337
276 1074
276 1476
277 1079
277 1088
277 1285
278 1319
278 1437
278 1507
279 697
279 846
279 1410
280 464
280 1552
280 1674
281 1505
281 1636
282 1614
282 1727
283 328
283 1108
283 1575
284 571
284 709
284 1747
285 337
285 691
285 950
286 863
286 1031
286 1618
287 683
287 1615
288 1146
288 1386
289 1247
289 1347
289 1438
290 644
290 1759
291 1567
292 530
292 540
292 772
293 1226
293 1434
294 338
294 832
294 1005
295 298
295 834
296 546
296 1016
296 1685
297 304
297 1131
297 1590
298 1343
299 384
299 1347
299 1677
300 703
300 975
300 984
301 732
302 1183
302 1798
303 638
303 878
304 1453
305 1295
305 1629
306 549
306 726
306 1666
307 465
307 797
307 897
308 568
308 1506
308 1622
309 477
309 919
310 670
310 1401
310 1633
311 702
311 1336
311 1459
312 370
312 452
312 1640
313 782
313 1064
313 1333
314 808
314 1332
314 1394
315 696
315 801
316 673
316 1070
316 1445
317 545
317 676
317 812
318 1435
318 1559
318 1609
319 342
319 622
319 1566
320 1314
320 1433
321 377
321 907
322 902
322 1627
322 1723
323 882
323 1219
324 1170
324 1784
325 1144
325 1714
326 677
326 1022
326 1160
327 608
327 673
327 1012
328 1028
329 486
329 1030
330 651
330 1427
331 528
331 723
331 931
332 552
332 595
332 1161
333 724
333 1017
333 1055
334 1145
334 1370
334 1650
335 985
335 1250
336 555
336 604
336 1682
337 1377
338 1561
339 1097
339 1309
339 1551
340 483
340 1019
340 1669
341 736
341 1258
341 1629
342 685
342 1494
343 612
343 655
343 1262
344 493
344 530
344 932
345 508
345 568
346 1480
346 1562
346 1665
347 1192
347 1349
347 1428
348 705
348 1002
348 1563
349 833
349 896
349 1497
350 1411
350 1672
351 1050
351 1483
351 1770
352 541
352 874
352 1211
353 590
353 1166
353 1305
354 1156
354 1348
355 690
355 692
355 797
356 415
356 523
356 1597
357 870
357 1289
358 403
358 853
358 899
359 1750
359 1798
360 666
360 1178
360 1564
361 896
361 1240
361 1689
362 377
362 525
362 1225
363 968
363 1334
364 1487
364 1543
364 1679
365 384
365 1334
365 1559
366 547
366 1424
367 585
367 933
367 1201
368 963
368 1363
369 706
369 1300
370 467
370 1264
371 1373
371 1756
372 432
372 1181
372 1367
373 995
373 1748
374 994
374 1159
374 1521
375 553
376 1373
376 1511
376 1522
377 1683
378 860
378 917
378 1327
379 1097
379 1249
379 1278
380 777
380 1134
380 1760
381 747
381 814
381 1060
382 1541
382 1617
382 1757
383 1166
383 1446
384 720
385 471
385 1123
386 1055
386 1538
386 1753
387 986
387 1759
388 455
388 1207
388 1744
389 618
389 1694
389 1703
390 873
390 997
390 1499
391 1110
391 1463
391 1626
392 536
392 809
392 1421
393 652
393 879
394 662
394 1186
394 1742
395 678
395 921
395 1063
396 908
396 1108
396 1370
397 1200
397 1459
397 1461
398 742
398 913
399 1754
400 686
400 989
400 1674
401 1128
401 1540
402 410
402 1336
402 1572
403 564
404 435
404 579
404 621
405 764
405 1423
405 1645
406 599
406 1080
407 889
407 1704
408 1318
409 769
409 1162
409 1378
410 1464
411 1548
411 1684
412 1672
413 605
413 1257
413 1504
414 1037
414 1471
414 1717
415 1133
415 1625
416 1023
416 1251
416 1794
417 1215
417 1455
417 1504
418 884
418 1471
418 1492
419 475
419 939
419 1645
420 655
420 1107
420 1670
421 485
421 911
421 933
422 712
422 1317
423 833
423 1207
423 1481
424 619
424 767
424 930
425 1048
425 1160
425 1444
426 1120
426 1352
426 1373
427 756
427 971
427 1064
428 476
428 682
428 1270
429 927
429 1269
429 1687
430 698
430 1620
431 443
431 1181
432 704
432 1104
433 608
433 1083
433 1317
434 502
434 511
434 1066
435 1247
435 1754
436 1034
436 1467
436 1496
437 1173
437 1458
437 1519
438 1667
438 1720
438 1726
439 1248
439 1763
440 916
440 1350
440 1579
441 675
441 1116
441 1398
442 545
442 562
442 770
443 448
443 1038
444 785
444 997
445 1783
446 452
446 1331
446 1794
447 1270
448 1716
449 1246
449 1438
449 1560
450 592
450 1530
450 1654
451 646
451 1213
451 1229
452 479
453 512
453 760
454 528
454 667
454 1086
455 1431
456 1117
456 1508
456 1770
457 865
457 1024
458 840
459 1349
459 1406
459 1456
460 541
460 751
460 839
461 557
461 716
462 665
462 754
462 1621
463 1043
463 1612
464 1078
466 934
466 1261
466 1341
467 1513
468 616
468 1106
468 1233
469 865
469 1253
469 1344
470 822
470 894
470 1075
471 1155
471 1767
472 534
472 1631
473 718
473 965
473 1415
474 934
474 1432
475 945
475 1335
476 1366
477 1558
477 1768
478 857
478 1042
478 1375
479 1189
479 1300
480 666
480 1287
480 1316
481 705
481 1557
482 723
482 742
483 487
483 646
484 826
484 863
485 549
485 1073
486 619
486 699
487 1346
487 1371
488 678
488 954
488 1052
489 524
489 1086
489 1199
490 533
490 1403
490 1515
491 664
491 734
491 944
492 741
492 882
492 1533
494 1069
494 1353
495 826
495 1466
495 1643
496 1163
496 1648
497 696
497 1023
498 725
498 1127
498 1443
499 783
499 1789
500 1247
500 1426
500 1611
501 875
501 1089
501 1109
502 850
502 1092
503 546
503 606
504 883
504 1653
504 1750
505 577
505 786
505 1705
506 758
506 791
507 1122
509 1449
510 903
511 642
511 1151
512 749
512 1587
513 675
513 695
513 988
514 1178
514 1638
515 908
515 1124
515 1486
516 871
516 1356
516 1725
517 871
517 891
517 1081
518 906
518 940
518 1519
519 926
519 1274
520 791
520 921
520 1765
521 1440
521 1695
522 1030
522 1082
523 1341
524 1411
524 1616
525 925
526 1031
526 1598
527 713
527 762
528 1433
529 633
529 1549
529 1789
530 1204
531 1101
531 1223
531 1318
532 980
532 1488
532 1689
533 762
533 978
534 1297
534 1679
535 563
535 570
535 796
536 1336
536 1773
537 548
537 1195
538 1431
538 1532
538 1649
539 1192
539 1703
540 804
540 1175
541 1139
542 1214
542 1355
542 1582
543 752
543 944
543 1079
544 960
544 1202
544 1387
545 1230
547 1497
548 731
548 1692
550 724
550 1613
551 560
551 638
551 1700
552 1419
553 1661
554 884
554 1231
555 661
555 1721
556 1358
556 1754
557 979
558 1011
558 1583
558 1652
559 604
559 664
559 1156
561 628
561 1328
561 1731
562 1189
562 1719
563 1540
563 1627
564 1214
565 671
565 862
565 1774
566 1395
566 1580
566 1715
567 682
567 1193
567 1656
568 652
569 1697
569 1770
570 836
570 1113
571 1288
571 1376
572 586
572 1165
572 1304
573 1384
573 1572
574 883
574 1070
575 982
575 1602
576 803
576 1221
576 1779
577 1629
577 1653
578 1627
579 608
579 1353
580 1136
580 1379
581 616
581 1196
581 1539
582 596
582 915
582 1280
583 1102
583 1323
584 714
584 958
584 1740
585 1230
585 1715
586 829
586 1408
587 1261
587 1291
587 1791
588 595
588 658
588 1555
589 962
589 1140
590 1110
590 1470
591 1125
591 1427
591 1745
592 999
593 721
593 1166
593 1368
594 937
594 1567
596 971
596 1406
597 856
597 1125
597 1452
598 894
598 1277
598 1768
599 1222
599 1793
600 711
600 750
601 906
601 1061
601 1544
602 800
602 1401
602 1414
603 656
603 855
603 1237
604 946
605 1208
607 627
607 1060
607 1273
609 615
609 1338
609 1648
610 1399
610 1604
611 1176
612 821
612 1581
613 788
613 1564
613 1566
614 1691
614 1781
615 1040
615 1135
616 1413
617 975
617 1180
617 1267
618 1370
619 1463
620 998
620 1128
621 743
621 1527
622 1424
623 1157
623 1652
624 1251
624 1310
625 912
625 1394
625 1707
626 862
626 1409
626 1516
627 990
627 1660
628 1170
628 1693
629 758
629 1560
630 1135
630 1510
630 1593
631 828
631 1355
632 1622
632 1644
633 845
633 921
634 1292
634 1786
635 1363
635 1495
636 973
636 1502
637 1479
638 1546
639 1296
639 1782
640 794
641 801
641 858
641 1349
642 889
642 1279
643 1003
643 1185
643 1423
644 1089
645 1399
646 1411
647 754
647 1003
647 1478
648 1302
649 686
649 1568
650 879
650 898
651 765
651 1053
652 1552
653 740
653 962
654 1256
654 1389
655 1281
656 1612
656 1713
657 668
657 693
658 1271
658 1744
660 1377
661 885
661 1084
662 1643
663 770
663 1290
664 699
665 1169
665 1710
666 915
667 902
667 1408
668 1632
668 1634
669 854
669 959
669 1244
670 1371
670 1454
671 1257
671 1663
672 1129
672 1180
672 1719
674 749
674 956
674 1494
675 1383
676 1354
677 1330
678 1120
679 1048
679 1122
679 1752
680 1342
680 1350
681 844
681 965
681 1168
682 1285
683 842
683 1626
684 731
684 1035
684 1581
685 1491
686 1611
687 1105
687 1293
688 833
688 881
688 1769
689 1312
690 745
690 1477
691 1260
691 1425
692 976
693 1016
693 1554
694 804
694 960
694 969
695 855
696 1435
697 836
697 1657
698 1202
699 937
700 782
700 1116
701 1002
701 1094
701 1346
702 1359
703 1498
704 1436
705 1187
706 990
707 1020
708 891
708 1113
708 1138
709 973
709 1211
710 815
710 1190
710 1628
711 1006
711 1147
712 1701
713 759
713 838
714 1024
714 1090
715 1052
715 1418
716 1380
716 1758
717 1185
717 1655
718 1410
718 1517
719 1264
719 1487
719 1569
720 1353
720 1554
721 1374
722 824
722 1276
723 880
724 1140
725 736
726 747
727 996
727 1034
727 1271
728 757
728 1062
729 1020
729 1056
730 895
730 930
731 895
732 1197
732 1199
733 837
734 838
735 1294
735 1744
736 1539
737 739
737 1553
738 1071
738 1698
739 1293
739 1439
740 1043
740 1126
741 1140
742 1304
743 1295
743 1727
744 1236
744 1480
744 1684
745 1357
745 1682
746 1252
746 1558
747 758
748 867
748 1729
749 1435
750 1792
751 806
751 1600
752 992
752 1741
753 959
753 1293
754 1103
755 1453
755 1800
756 1018
757 1577
759 1465
759 1779
760 792
760 1096
761 896
761 980
762 1384
763 1058
763 1145
763 1787
764 1132
764 1700
765 868
765 1388
766 848
766 1641
767 1277
768 844
768 1338
768 1400
769 1734
769 1788
770 1137
771 1472
771 1769
772 931
772 1478
773 1047
773 1260
773 1675
774 1148
774 1580
774 1766
775 1087
775 1521
776 860
777 1682
778 1092
778 1154
778 1322
779 1266
779 1737
779 1740
780 1239
780 1245
781 1126
782 935
783 1686
784 1565
785 1659
786 1072
786 1557
787 1052
787 1059
788 1094
788 1164
789 900
789 1732
790 872
790 1736
792 1618
793 1054
793 1125
794 1501
794 1638
795 1195
795 1199
796 952
797 1623
798 1146
798 1396
798 1752
799 1002
799 1008
799 1724
800 877
800 1386
802 970
802 1044
803 994
805 909
805 950
805 1579
806 1784
807 970
807 1485
808 1090
808 1599
809 1356
809 1493
810 1104
810 1481
811 849
811 1173
811 1800
812 1732
813 1448
813 1469
813 1592
814 1503
814 1550
815 872
815 964
816 907
816 1491
816 1664
817 835
817 985
817 1501
818 1635
819 820
819 1218
819 1749
820 1099
820 1724
821 1100
821 1390
823 966
823 1574
823 1785
825 859
825 1712
826 1143
828 947
829 1608
830 872
830 1167
830 1749
831 1177
831 1693
831 1697
832 1152
832 1329
834 1146
834 1210
835 1492
835 1635
836 1705
837 876
838 857
839 1763
839 1797
840 1250
841 1058
841 1273
841 1561
842 1579
842 1588
843 979
843 1755
844 1578
845 996
845 1671
846 960
847 1205
847 1256
847 1586
848 981
848 1728
850 1102
850 1195
851 1668
851 1748
852 1168
852 1272
852 1312
853 1099
854 1015
854 1104
855 1315
856 1656
857 1602
858 1056
859 926
859 1442
861 1495
861 1607
861 1699
862 1403
863 1303
864 1495
865 1680
866 1144
866 1153
867 908
867 1124
868 1450
868 1537
869 1395
869 1712
870 1044
870 1712
871 1142
873 1605
874 1077
874 1507
875 1194
876 1540
876 1653
877 1691
878 1263
879 1782
880 1196
880 1257
881 954
881 1078
882 955
885 1427
886 1037
887 928
887 974
887 1209
888 938
888 986
888 1334
889 1255
890 1039
891 1701
892 1127
892 1532
893 1084
893 1359
893 1549
894 1498
897 942
897 1387
898 1775
899 988
899 1109
900 1368
901 1158
901 1278
902 1012
903 1153
904 1251
904 1294
905 1321
907 1510
909 1301
910 1542
910 1556
911 1683
911 1745
912 1416
912 1706
914 929
914 1239
915 1678
916 1025
916 1369
917 1044
917 1075
918 998
918 1023
918 1047
919 1557
919 1764
920 1246
920 1628
922 1207
922 1383
922 1515
923 1220
923 1223
923 1578
924 1114
924 1559
924 1663
925 1165
927 1419
928 1397
929 1033
931 1773
932 1342
933 1736
934 1179
935 1600
935 1686
936 1075
936 1604
937 1468
938 1571
939 1541
940 1550
940 1566
941 1221
941 1466
941 1758
942 978
943 1122
943 1728
944 1586
945 1313
946 1158
947 1101
947 1623
948 1027
948 1524
948 1600
949 1013
949 1209
949 1355
950 1690
951 1312
951 1561
951 1773
952 1268
953 1553
953 1710
954 1644
955 1447
956 1465
957 976
957 1151
957 1657
958 1522
961 1587
961 1715
961 1787
962 1227
963 1112
963 1341
964 1318
965 1493
966 1799
967 984
967 1388
967 1513
968 1028
968 1547
969 1147
969 1444
970 1132
971 1152
972 1525
973 1085
974 1437
976 1669
977 1437
977 1643
978 1402
981 1217
982 1393
982 1469
983 1398
984 1740
985 1190
986 1188
987 1460
988 1733
989 1755
990 1162
991 1646
991 1751
993 1283
993 1337
993 1451
995 1509
997 1123
998 1765
999 1583
999 1619
1000 1160
1000 1301
1000 1479
1001 1585
1001 1742
1004 1463
1004 1519
1004 1720
1005 1242
1005 1524
1006 1117
1006 1230
1007 1254
1007 1358
1007 1727
1008 1301
1008 1698
1009 1190
1009 1354
1009 1689
1010 1050
1010 1141
1010 1286
1011 1578
1011 1709
1012 1726
1013 1610
1013 1738
1014 1200
1014 1585
1016 1415
1017 1068
1018 1405
1019 1545
1020 1595
1021 1040
1021 1111
1021 1562
1022 1076
1024 1391
1025 1203
1025 1624
1026 1338
1026 1492
1027 1415
1027 1462
1029 1158
1029 1461
1029 1623
1030 1382
1031 1163
1032 1650
1032 1743
1033 1262
1034 1775
1035 1056
1035 1781
1036 1095
1036 1697
1036 1717
1037 1396
1038 1062
1038 1601
1039 1352
1039 1500
1040 1286
1041 1307
1041 1518
1042 1043
1042 1615
1045 1240
1046 1464
1047 1571
1048 1721
1049 1139
1049 1407
1050 1232
1051 1680
1053 1343
1054 1115
1054 1555
1055 1351
1057 1397
1057 1507
1058 1315
1060 1295
1061 1448
1064 1198
1065 1141
1065 1306
1065 1574
1066 1297
1067 1589
1068 1187
1069 1176
1070 1319
1071 1588
1072 1647
1073 1361
1074 1597
1076 1219
1077 1767
1078 1502
1079 1649
1080 1479
1080 1551
1081 1191
1081 1742
1082 1201
1082 1243
1083 1464
1084 1085
1085 1637
1087 1119
1088 1390
1089 1497
1090 1732
1091 1445
1091 1457
1091 1476
1093 1462
1094 1438
1095 1696
1095 1708
1096 1157
1096 1668
1098 1422
1098 1470
1098 1524
1100 1289
1101 1306
1102 1501
1105 1400
1105 1530
1106 1526
1107 1671
1107 1676
1108 1582
1110 1284
1111 1337
1113 1714
1114 1388
1115 1796
1116 1515
1117 1147
1118 1298
1118 1780
1119 1243
1119 1254
1120 1245
1121 1203
1121 1396
1121 1708
1123 1283
1124 1534
1126 1738
1127 1181
1129 1211
1130 1367
1130 1509
1131 1309
1131 1477
1132 1713
1133 1189
1133 1536
1134 1220
1135 1547
1136 1172
1136 1677
1137 1609
1138 1678
1142 1419
1143 1345
1143 1722
1144 1194
1145 1750
1148 1235
1148 1625
1149 1361
1150 1377
1151 1528
1153 1584
1154 1503
1157 1216
1159 1783
1161 1204
1162 1575
1163 1299
1164 1167
1165 1430
1167 1420
1168 1596
1169 1212
1169 1739
1170 1762
1171 1591
1171 1739
1172 1242
1172 1676
1173 1730
1174 1321
1174 1520
1175 1191
1179 1733
1180 1342
1182 1505
1182 1702
1183 1661
1184 1284
1184 1381
1184 1735
1185 1564
1186 1238
1186 1359
1187 1258
1188 1634
1188 1722
1191 1281
1192 1268
1193 1228
1194 1739
1196 1593
1197 1523
1198 1409
1198 1756
1201 1481
1204 1548
1205 1447
1206 1218
1206 1296
1206 1684
1209 1793
1210 1603
1212 1331
1212 1447
1213 1500
1213 1726
1214 1417
1215 1219
1216 1669
1216 1797
1218 1692
1221 1639
1222 1305
1222 1751
1223 1232
1224 1286
1224 1523
1224 1608
1225 1285
1226 1238
1227 1255
1228 1741
1229 1260
1229 1298
1231 1670
1233 1236
1233 1262
1234 1533
1234 1591
1234 1661
1235 1482
1236 1781
1237 1369
1237 1548
1238 1771
1239 1340
1240 1421
1241 1568
1241 1723
1242 1574
1243 1514
1244 1305
1244 1360
1248 1324
1249 1449
1249 1799
1252 1621
1252 1757
1253 1708
1254 1542
1255 1696
1256 1673
1258 1287
1259 1403
1259 1605
1263 1304
1263 1636
1264 1282
1265 1618
1265 1699
1266 1455
1266 1538
1267 1360
1269 1467
1269 1698
1270 1573
1271 1609
1272 1786
1274 1391
1274 1425
1275 1535
1275 1722
1276 1321
1277 1549
1279 1394
1280 1596
1280 1790
1281 1289
1282 1357
1283 1685
1284 1621
1287 1543
1288 1655
1290 1315
1291 1617
1292 1316
1294 1340
1296 1351
1298 1333
1299 1325
1299 1378
1300 1675
1302 1651
1302 1694
1303 1614
1306 1706
1307 1528
1307 1701
1308 1345
1308 1510
1308 1793
1309 1473
1310 1456
1311 1554
1311 1706
1314 1546
1314 1652
1316 1735
1319 1473
1320 1426
1322 1506
1323 1679
1324 1569
1325 1337
1326 1695
1328 1339
1328 1393
1329 1428
1330 1527
1330 1576
1332 1490
1332 1610
1335 1362
1335 1416
1339 1778
1340 1792
1344 1531
1344 1589
1346 1782
1347 1434
1348 1374
1350 1780
1351 1482
1354 1662
1360 1369
1362 1460
1363 1398
1364 1486
1364 1683
1364 1795
1365 1476
1365 1709
1365 1730
1366 1527
1366 1714
1372 1405
1372 1514
1372 1576
1374 1696
1375 1531
1376 1716
1378 1651
1379 1786
1380 1535
1380 1776
1381 1517
1382 1385
1382 1421
1383 1630
1384 1741
1386 1795
1389 1457
1389 1637
1391 1537
1392 1441
1395 1572
1399 1428
1400 1760
1401 1777
1402 1529
1404 1776
1406 1560
1407 1622
1409 1525
1412 1460
1412 1597
1413 1603
1414 1667
1417 1702
1417 1791
1418 1603
1420 1632
1423 1489
1424 1543
1425 1534
1426 1631
1429 1487
1429 1658
1429 1681
1430 1608
1431 1450
1432 1528
1432 1635
1433 1486
1439 1598
1440 1614
1440 1747
1442 1446
1442 1624
1443 1541
1443 1694
1445 1594
1448 1461
1449 1606
1451 1484
1452 1532
1454 1602
1454 1751
1455 1475
1457 1514
1458 1601
1462 1620
1465 1763
1467 1720
1468 1547
1469 1672
1472 1719
1473 1539
1474 1553
1474 1766
1475 1584
1480 1687
1484 1678
1484 1718
1485 1634
1485 1764
1488 1522
1489 1774
1490 1738
1491 1716
1493 1642
1494 1573
1496 1693
1499 1533
1500 1663
1503 1665
1504 1772
1506 1743
1508 1516
1509 1660
1512 1650
1512 1721
1513 1538
1516 1610
1517 1534
1518 1680
1520 1748
1520 1771
1521 1647
1525 1688
1530 1746
1535 1711
1536 1575
1542 1626
1544 1633
1544 1667
1550 1705
1555 1580
1558 1709
1567 1729
1570 1648
1570 1718
1573 1766
1576 1606
1577 1631
1583 1797
1584 1746
1588 1595
1589 1799
1590 1759
1592 1779
1593 1717
1594 1625
1594 1749
1596 1674
1598 1655
1599 1607
1601 1617
1604 1785
1605 1690
1606 1640
1611 1743
1613 1642
1613 1728
1624 1654
1630 1707
1638 1713
1639 1783
1641 1758
1642 1762
1646 1762
1651 1666
1657 1792
1658 1771
1659 1725
1662 1731
1666 1733
1670 1789
1671 1688
1686 1768
1695 1772
1703 1755
1707 1731
1718 1790
1730 1761
1735 1745
1736 1746
1761 1777
1778 1788
