700 1050
1 537
1 566
1 650
2 110
2 508
2 520
3 389
3 529
3 552
4 259
4 578
4 662
5 72
5 519
5 604
6 164
6 341
6 485
7 370
7 592
7 629
8 318
8 359
8 652
9 73
9 515
9 536
10 131
10 204
10 243
11 96
11 595
11 611
12 40
12 287
12 397
13 326
13 640
13 692
14 44
14 450
14 548
15 69
15 391
15 516
16 26
16 162
16 672
17 80
17 501
17 655
18 259
18 425
18 565
19 170
19 560
19 688
20 352
20 391
20 462
21 52
21 78
21 577
22 197
22 359
22 423
23 407
23 439
23 623
24 334
24 346
24 517
25 70
25 150
25 262
26 28
26 640
27 69
27 128
27 452
28 36
28 180
29 99
29 177
29 665
30 143
30 628
30 687
31 282
31 430
31 690
32 129
32 320
32 610
33 212
33 282
33 463
34 327
34 345
34 433
35 41
35 173
35 487
36 327
36 415
37 246
37 367
37 454
38 244
38 367
38 461
39 73
39 263
39 590
40 140
40 622
41 202
41 423
42 131
42 145
42 148
43 473
43 548
43 661
44 267
44 697
45 333
45 501
45 561
46 156
46 348
46 689
47 101
47 135
47 506
48 64
48 87
48 515
49 167
49 342
49 679
50 172
50 440
50 675
51 55
51 81
51 573
52 282
52 564
53 198
53 578
53 602
54 345
54 373
54 433
55 238
55 372
56 138
56 234
56 298
57 133
57 184
57 511
58 153
58 302
58 643
59 305
59 322
59 502
60 82
60 338
60 473
61 199
61 233
61 278
62 94
62 422
62 641
63 414
63 626
63 633
64 248
64 421
65 297
65 397
65 474
66 206
66 289
66 679
67 158
67 264
67 324
68 524
68 527
68 623
69 395
70 302
70 357
71 401
71 681
71 694
72 490
72 613
73 509
74 216
74 333
74 628
75 207
75 300
75 489
76 320
76 339
76 404
77 343
77 468
77 551
78 352
78 635
79 149
79 456
79 465
80 213
80 399
81 359
81 457
82 507
82 676
83 413
83 499
83 656
84 467
84 576
84 583
85 143
85 189
85 407
86 115
86 186
86 211
87 149
87 373
88 232
88 497
88 556
89 126
89 264
89 542
90 101
90 171
90 276
91 290
91 314
91 354
92 174
92 206
92 343
93 117
93 166
93 538
94 124
94 512
95 470
95 543
95 557
96 248
96 416
97 235
97 406
97 461
98 190
98 375
98 459
99 460
99 670
100 384
100 458
100 592
101 107
102 250
102 572
102 634
103 356
103 610
103 694
104 364
104 368
104 578
105 365
105 440
105 542
106 124
106 139
106 572
107 307
107 514
108 354
108 434
108 444
109 170
109 257
109 500
110 119
110 632
111 113
111 246
111 346
112 301
112 512
112 553
113 311
113 420
114 557
114 558
114 645
115 386
115 410
116 504
116 610
116 669
117 284
117 540
118 181
118 307
118 409
119 140
119 172
120 222
120 477
120 615
121 211
121 444
121 605
122 531
122 539
122 640
123 336
123 478
123 499
124 638
125 450
125 591
125 609
126 269
126 482
127 128
127 285
127 499
128 582
129 392
129 627
130 228
130 229
130 404
131 677
132 159
132 272
132 521
133 347
133 574
134 236
134 522
134 624
135 457
135 588
136 318
136 459
136 481
137 344
137 593
137 650
138 193
138 577
139 471
139 583
140 636
141 170
141 403
141 543
142 147
142 374
142 598
143 686
144 291
144 463
144 492
145 344
145 368
146 166
146 195
146 324
147 270
147 313
148 225
148 262
149 153
150 309
150 488
151 233
151 278
151 514
152 243
152 315
152 418
153 252
154 226
154 597
154 639
155 410
155 426
155 443
156 549
156 606
157 437
157 576
157 689
158 182
158 607
159 418
159 517
160 251
160 348
160 616
161 279
161 599
161 641
162 399
162 488
163 451
163 460
163 547
164 419
164 446
165 177
165 334
165 551
166 383
167 646
167 698
168 217
168 283
168 602
169 403
169 596
169 620
171 241
171 254
172 634
173 351
173 654
174 194
174 212
175 281
175 546
175 595
176 273
176 362
176 683
177 201
178 319
178 339
178 681
179 331
179 343
179 670
180 426
180 641
181 203
181 479
182 302
182 512
183 388
183 550
183 571
184 297
184 656
185 249
185 300
185 631
186 277
186 387
187 313
187 362
187 390
188 537
188 658
188 677
189 664
189 672
190 247
190 700
191 431
191 470
191 477
192 320
192 366
192 544
193 372
193 687
194 311
194 439
195 203
195 700
196 360
196 388
196 467
197 268
197 633
198 268
198 490
199 263
199 274
200 260
200 375
200 579
201 472
201 632
202 275
202 286
203 435
204 205
204 228
205 509
205 607
206 698
207 396
207 681
208 475
208 494
208 646
209 240
209 560
209 695
210 292
210 432
210 525
211 518
212 666
213 398
213 425
214 472
214 619
214 668
215 392
215 580
215 626
216 323
216 450
217 298
217 691
218 308
218 382
218 614
219 350
219 384
219 647
220 316
220 469
220 659
221 244
221 321
221 328
222 505
222 522
223 237
223 269
223 651
224 464
224 545
224 586
225 346
225 548
226 275
226 418
227 317
227 496
227 672
228 428
229 299
229 370
230 308
230 349
230 581
231 243
231 567
231 612
232 313
232 521
233 351
234 371
234 528
235 481
235 563
236 436
236 479
237 324
237 535
238 411
238 495
239 293
239 394
239 630
240 314
240 570
241 361
241 456
242 267
242 542
242 572
244 357
245 288
245 342
245 453
246 695
247 472
247 491
248 642
249 411
249 520
250 352
250 377
251 339
251 544
252 280
252 505
253 303
253 314
253 412
254 257
254 503
255 440
255 445
255 674
256 316
256 416
256 455
257 660
258 356
258 397
258 678
259 420
260 400
260 591
261 481
261 552
261 594
262 651
263 306
264 311
265 266
265 528
265 575
266 554
266 674
267 685
268 442
269 427
270 335
270 374
271 382
271 473
271 699
272 347
272 390
273 362
273 383
274 317
274 673
275 683
276 526
276 532
277 635
277 639
278 345
279 353
279 524
280 538
280 634
281 601
281 639
283 296
283 309
284 520
284 671
285 332
285 480
286 565
286 682
287 368
287 662
288 577
288 618
289 487
289 693
290 570
290 696
291 331
291 377
292 492
292 618
293 365
293 476
294 459
294 462
294 466
295 409
295 549
295 656
296 614
296 682
297 310
298 486
299 304
299 519
300 662
301 576
301 626
303 570
303 645
304 556
304 692
305 593
305 629
306 617
306 675
307 385
308 452
309 483
310 379
310 684
312 376
312 575
312 588
315 461
315 623
316 510
317 338
318 631
319 448
319 558
321 433
321 636
322 380
322 601
323 514
323 617
325 383
325 562
325 687
326 550
326 564
327 574
328 395
328 647
329 589
329 648
329 667
330 356
330 384
330 522
331 355
332 369
332 684
333 690
334 535
335 458
335 644
336 371
336 642
337 412
337 498
337 604
338 566
340 491
340 605
340 657
341 400
341 609
342 344
347 406
348 365
349 385
349 417
350 446
350 590
351 616
353 422
353 694
354 506
355 510
355 622
357 543
358 462
358 568
358 665
360 426
360 590
361 373
361 627
363 480
363 567
363 630
364 502
364 575
366 478
366 519
367 439
369 411
369 436
370 480
371 374
372 464
375 585
376 390
376 612
377 682
378 417
378 568
378 580
379 454
379 616
380 513
380 534
381 524
381 527
381 636
382 534
385 469
386 523
386 651
387 637
387 642
388 679
389 427
389 559
391 536
392 468
393 430
393 600
393 698
394 581
394 670
395 663
396 448
396 637
398 562
398 676
399 468
400 449
401 467
401 484
402 413
402 489
402 582
403 584
404 653
405 504
405 554
405 624
406 696
407 540
408 447
408 620
408 649
409 432
410 558
412 485
413 628
414 425
414 615
415 535
415 608
416 420
417 613
419 421
419 553
421 497
422 582
423 654
424 445
424 517
424 615
427 525
428 452
428 551
429 611
429 648
429 692
430 567
431 586
431 658
432 454
434 505
434 648
435 523
435 693
436 491
437 533
437 546
438 538
438 630
438 643
441 479
441 603
441 633
442 619
442 680
443 475
443 573
444 530
445 487
446 494
447 451
447 497
448 675
449 599
449 663
451 643
453 506
453 571
455 654
455 678
456 493
457 594
458 518
460 627
463 563
464 625
465 569
465 673
466 646
466 669
469 518
470 550
471 652
471 659
474 492
474 536
475 649
476 483
476 557
477 597
478 531
482 496
482 659
483 677
484 555
484 581
485 534
486 621
486 695
488 537
489 545
490 645
493 545
493 608
494 495
495 697
496 680
498 553
498 612
500 569
500 588
501 624
502 554
503 655
503 658
504 605
507 544
507 555
508 516
508 561
509 574
510 668
511 650
511 671
513 602
513 690
515 569
516 644
521 638
523 673
525 649
526 584
526 635
527 598
528 573
529 608
529 661
530 561
530 596
531 606
532 585
532 688
533 559
533 685
539 560
539 621
540 603
541 547
541 565
541 611
546 637
547 591
549 619
552 617
555 686
556 699
559 601
562 568
563 600
564 603
566 606
571 665
579 589
579 596
580 599
583 609
584 667
585 629
586 593
587 597
587 622
587 684
589 652
592 607
594 663
595 674
598 666
600 653
604 644
613 667
614 669
618 671
620 638
621 647
625 657
625 666
631 668
632 680
653 697
655 676
657 693
660 678
660 696
661 699
664 686
664 688
683 689
685 691
691 700
