2000 3000
1 175
1 639
1 1359
2 570
2 1451
2 1543
3 362
3 734
3 1599
4 709
4 944
4 1987
5 848
5 997
5 1226
6 129
6 1856
6 1991
7 268
7 420
7 1533
8 47
8 578
8 1698
9 977
9 1454
9 1576
10 538
10 932
10 1113
11 841
11 1294
11 1360
12 108
12 165
12 1212
13 676
13 1336
13 1446
14 423
14 1696
14 1722
15 972
15 1251
15 1622
16 120
16 603
16 1124
17 1203
17 1308
17 1581
18 180
18 671
18 1785
19 218
19 357
19 1440
20 1048
20 1657
20 1677
21 721
21 1042
21 1836
22 908
22 1255
22 1965
23 393
23 635
23 1838
24 881
24 1155
24 1238
25 1474
25 1604
25 1809
26 548
26 1061
26 1279
27 707
27 1505
27 1865
28 1040
28 1314
28 1568
29 1032
29 1404
29 1510
30 889
30 1877
30 1964
31 106
31 693
31 1457
32 894
32 1126
32 1766
33 713
33 1492
33 1650
34 99
34 413
34 1272
35 706
35 1744
35 1854
36 470
36 790
36 1895
37 405
37 695
37 942
38 513
38 1653
38 1662
39 105
39 659
39 1045
40 396
40 621
40 1354
41 97
41 824
41 1463
42 498
42 779
42 1123
43 689
43 1021
43 1776
44 953
44 1314
44 1971
45 453
45 959
45 1715
46 443
46 1681
46 1774
47 571
47 1102
48 234
48 525
48 1173
49 510
49 792
49 1461
50 957
50 1456
50 1494
51 1072
51 1483
51 1764
52 454
52 924
52 965
53 473
53 805
53 1110
54 959
54 1035
54 1844
55 429
55 823
55 1962
56 383
56 909
56 1285
57 134
57 1836
57 1973
58 349
58 411
58 1240
59 83
59 1343
59 1633
60 354
60 1523
60 1968
61 87
61 185
61 1714
62 183
62 770
62 1366
63 326
63 804
63 1321
64 334
64 450
64 1271
65 1278
65 1378
65 1819
66 643
66 1219
66 1301
67 1188
67 1822
67 1887
68 159
68 931
68 2000
69 323
69 1290
69 1635
70 74
70 671
70 701
71 207
71 437
71 1526
72 1119
72 1591
72 1914
73 229
73 726
73 974
74 1005
74 1888
75 971
75 1076
75 1591
76 406
76 1027
76 1446
77 561
77 1101
77 1691
78 455
78 668
78 750
79 610
79 679
79 1717
80 368
80 843
80 1724
81 314
81 776
81 1020
82 322
82 607
82 1104
83 440
83 819
84 689
84 698
84 1655
85 180
85 1583
85 1642
86 227
86 1112
86 1927
87 796
87 1004
88 186
88 914
88 1427
89 704
89 1357
89 1904
90 928
90 1742
90 1941
91 119
91 457
91 1191
92 1182
92 1662
92 1765
93 845
93 1066
93 1349
94 1477
94 1486
94 1759
95 401
95 743
95 1834
96 305
96 1136
96 1281
97 958
97 993
98 135
98 943
98 1385
99 860
99 1193
100 670
100 1559
100 1940
101 211
101 1143
101 1251
102 139
102 901
102 1598
103 529
103 965
103 979
104 588
104 919
104 1866
105 369
105 458
106 1055
106 1444
107 569
107 597
107 821
108 226
108 476
109 636
109 1017
109 1083
110 441
110 711
110 751
111 249
111 1609
111 1853
112 127
112 500
112 803
113 356
113 559
113 1899
114 989
114 1309
114 1844
115 1026
115 1396
115 1501
116 1137
116 1485
116 1731
117 416
117 844
117 1348
118 119
118 1653
118 1869
119 1079
120 659
120 860
121 321
121 853
121 1008
122 637
122 1057
122 1465
123 613
123 882
123 1609
124 372
124 1053
124 1502
125 565
125 694
125 788
126 283
126 1163
126 1277
127 782
127 1436
128 157
128 1691
128 1839
129 596
129 1900
130 163
130 1249
130 1288
131 217
131 388
131 1651
132 480
132 487
132 1730
133 722
133 995
133 1305
134 1007
134 1256
135 1220
135 1478
136 1037
136 1612
136 1635
137 505
137 737
137 1330
138 241
138 312
138 448
139 621
139 746
140 866
140 1180
140 1595
141 381
141 417
141 1575
142 1615
142 1758
142 1884
143 1039
143 1239
143 1670
144 521
144 640
144 1657
145 401
145 967
145 1029
146 509
146 543
146 1694
147 767
147 830
147 987
148 987
148 1009
148 1629
149 735
149 858
149 1530
150 691
150 1282
150 1413
151 176
151 697
151 1670
152 571
152 1076
152 1606
153 492
153 1022
153 1067
154 183
154 233
154 721
155 459
155 1197
155 1590
156 1046
156 1094
156 1312
157 634
157 1801
158 284
158 426
158 1341
159 290
159 322
160 504
160 1080
160 1269
161 900
161 1186
161 1426
162 1410
162 1810
162 1970
163 270
163 1896
164 411
164 1097
164 1790
165 1475
165 1508
166 651
166 1495
166 1821
167 484
167 563
167 872
168 640
168 1963
168 1976
169 513
169 569
169 1069
170 789
170 1785
170 1985
171 254
171 1788
171 1867
172 1092
172 1640
172 1993
173 1432
173 1433
173 1984
174 962
174 1098
174 1435
175 1403
175 1490
176 816
176 828
177 209
177 852
177 1180
178 646
178 1416
178 1838
179 284
179 331
179 1441
180 526
181 539
181 956
181 1408
182 533
182 563
182 1575
183 1667
184 340
184 1481
184 1917
185 231
185 1799
186 188
186 285
187 546
187 570
187 1280
188 957
188 1013
189 846
189 1417
189 1803
190 740
190 805
190 1698
191 438
191 1718
191 1767
192 1118
192 1625
192 1752
193 728
193 935
193 1553
194 254
194 1166
194 1911
195 386
195 477
195 925
196 654
196 1364
196 1504
197 444
197 1134
197 1958
198 342
198 718
198 1849
199 1794
199 1971
199 1977
200 479
200 877
200 1789
201 723
201 1343
201 1816
202 405
202 916
202 1716
203 345
203 559
203 1171
204 674
204 1424
204 1857
205 1304
205 1741
205 1810
206 261
206 283
206 1499
207 1401
207 1860
208 681
208 832
208 1296
209 568
209 1621
210 402
210 670
210 1700
211 353
211 1839
212 231
212 1250
212 1281
213 593
213 662
213 1610
214 288
214 550
214 779
215 800
215 1391
215 1827
216 654
216 664
216 902
217 1376
217 1572
218 1171
218 1344
219 478
219 700
219 724
220 1115
220 1671
220 1848
221 280
221 347
221 820
222 1114
222 1415
222 1961
223 820
223 834
223 1439
224 626
224 631
224 866
225 895
225 1348
225 1456
226 775
226 1531
227 835
227 1356
228 747
228 1421
228 1770
229 1371
229 1744
230 684
230 960
230 1406
231 439
232 733
232 1024
232 1708
233 1400
233 1540
234 315
234 940
235 992
235 1051
235 1800
236 955
236 1400
236 1852
237 951
237 1347
237 1990
238 338
238 1078
238 1103
239 867
239 1365
239 1642
240 984
240 990
240 1059
241 1067
241 1385
242 613
242 906
242 1090
243 1184
243 1409
243 1871
244 590
244 904
244 1704
245 728
245 956
245 1870
246 731
246 930
246 1732
247 633
247 1237
247 1563
248 791
248 1075
248 1851
249 1095
249 1585
250 365
250 1257
250 1915
251 1049
251 1348
251 1749
252 276
252 1329
252 1896
253 301
253 1123
253 1445
254 1200
255 889
255 1235
255 1369
256 1410
256 1757
256 1890
257 893
257 1193
257 1808
258 679
258 1111
258 1630
259 326
259 397
259 1742
260 304
260 1300
260 1648
261 570
261 1473
262 332
262 430
262 1772
263 320
263 841
263 1746
264 402
264 727
264 1753
265 440
265 1149
265 1615
266 448
266 1295
266 1534
267 347
267 703
267 1487
268 580
268 790
269 333
269 757
269 869
270 1438
270 1845
271 706
271 1697
271 1858
272 872
272 1269
272 1724
273 276
273 1394
273 1663
274 330
274 495
274 920
275 1069
275 1173
275 1608
276 1139
277 669
277 1246
277 1824
278 371
278 466
278 492
279 878
279 907
279 1815
280 1158
280 1413
281 1362
281 1665
281 1867
282 712
282 1321
282 1686
283 1887
284 406
285 349
285 1676
286 398
286 905
286 1849
287 689
287 994
287 1997
288 486
288 645
289 461
289 718
289 726
290 590
290 1373
291 449
291 629
291 932
292 1381
292 1556
292 1663
293 1528
293 1545
293 1648
294 389
294 716
294 1083
295 1274
295 1383
295 1797
296 1060
296 1076
296 1407
297 566
297 646
297 1122
298 315
298 793
298 1751
299 921
299 1901
299 1934
300 967
300 1077
300 1156
301 896
301 905
302 786
302 1257
302 1704
303 480
303 1294
303 1710
304 557
304 569
305 1338
305 1986
306 370
306 1011
306 1244
307 417
307 933
307 1602
308 693
308 810
308 1614
309 1491
309 1801
309 1941
310 793
310 1032
310 1852
311 1041
311 1465
311 1744
312 752
312 1061
313 1000
313 1793
313 1966
314 1837
314 1895
315 1548
316 830
316 1297
316 1712
317 498
317 1168
317 1347
318 432
318 616
318 1231
319 1116
319 1273
319 1660
320 968
320 1101
321 1389
321 1470
322 580
323 1270
323 1522
324 435
324 1042
324 1841
325 433
325 1423
325 1541
326 1834
327 531
327 1138
327 1356
328 547
328 796
328 1072
329 460
329 1406
329 1752
330 371
330 1955
331 692
331 896
332 1181
332 1873
333 398
333 1384
334 1647
334 1984
335 392
335 746
335 1155
336 1316
336 1493
336 1805
337 339
337 1721
337 1903
338 657
338 1004
339 1167
339 1383
340 773
340 930
341 607
341 817
341 1055
342 1102
342 1727
343 763
343 1073
343 1427
344 869
344 1274
344 1414
345 618
345 1262
346 395
346 1008
346 1751
347 486
348 1159
348 1613
348 1708
349 1646
350 589
350 745
350 1812
351 624
351 1070
351 1733
352 1022
352 1564
352 1770
353 1232
353 1853
354 432
354 497
355 696
355 1138
355 1395
356 420
356 1874
357 1508
357 1539
358 404
358 489
358 638
359 970
359 1219
359 1852
360 555
360 1701
360 1753
361 438
361 671
361 1106
362 1558
362 1914
363 617
363 1768
363 1911
364 784
364 800
364 1768
365 1206
365 1972
366 907
366 1487
366 1812
367 616
367 1159
367 1490
368 483
368 789
369 888
369 1717
370 1143
370 1692
371 1038
372 1290
372 1926
373 437
373 826
373 1882
374 649
374 768
374 1586
375 1386
375 1531
375 1928
376 1107
376 1399
376 1674
377 934
377 985
377 1682
378 691
378 1022
378 1591
379 587
379 650
379 899
380 803
380 1706
380 1774
381 479
381 1433
382 777
382 1331
382 1375
383 950
383 1311
384 1221
384 1553
384 1909
385 991
385 1084
385 1460
386 574
386 1449
387 538
387 1002
387 1828
388 432
388 519
389 883
389 1325
390 690
390 1217
390 1617
391 940
391 1078
391 1618
392 629
392 1642
393 477
393 1781
394 544
394 806
394 1913
395 560
395 610
396 969
396 1381
397 1476
397 1507
398 1616
399 431
399 660
399 1331
400 641
400 875
400 1335
401 499
402 885
403 468
403 1353
403 1712
404 544
404 1337
405 1471
406 1421
407 1420
407 1557
407 1943
408 611
408 1617
408 1798
409 564
409 1515
409 1788
410 694
410 1382
410 1538
411 1667
412 553
412 849
412 1899
413 1554
413 1906
414 1195
414 1405
414 1957
415 1310
415 1450
415 1497
416 1905
416 1919
417 473
418 1132
418 1242
418 1497
419 997
419 1479
419 1527
420 754
421 1555
421 1818
421 1947
422 498
422 781
422 1283
423 699
423 908
424 875
424 1726
424 1866
425 1792
425 1805
425 1878
426 1247
426 1897
427 996
427 1428
427 1462
428 684
428 1146
428 1840
429 931
429 1928
430 1211
430 1999
431 1859
431 1907
433 481
433 581
434 523
434 575
434 1574
435 1464
435 1720
436 897
436 964
436 1125
437 1604
438 1560
439 1142
439 1563
440 758
441 1761
441 1930
442 817
442 1884
442 1995
443 899
443 1106
444 1019
444 1893
445 1178
445 1860
445 1867
446 739
446 1368
446 1728
447 804
447 1037
447 1257
448 938
449 1225
449 1941
450 826
450 925
451 1048
451 1197
451 1963
452 915
452 926
452 1733
453 1166
453 1951
454 670
454 1899
455 799
455 1267
456 611
456 686
456 1772
457 652
457 921
458 1558
458 1820
459 484
459 632
460 892
460 1222
461 1308
461 1868
462 600
462 1216
462 1254
463 1517
463 1703
463 1882
464 1489
464 1572
464 1596
465 591
465 1605
465 1850
466 628
466 642
467 619
467 783
467 1935
468 518
468 1864
469 1265
469 1428
469 1859
470 867
470 1170
471 751
471 1871
471 1911
472 696
472 1352
472 1734
473 1627
474 512
474 1040
474 1131
475 577
475 928
475 1988
476 708
476 1511
477 886
478 1015
478 1114
479 1568
480 1112
481 493
481 1179
482 722
482 840
482 863
483 524
483 1639
484 871
485 806
485 867
485 945
486 1729
487 1376
487 1854
488 773
488 1344
488 1485
489 1259
489 1809
490 1658
490 1743
490 1913
491 1215
491 1680
491 1880
492 1225
493 1193
493 1521
494 692
494 1460
494 1974
495 714
495 1248
496 531
496 1319
496 1457
497 1475
497 1980
499 1332
499 1905
500 943
500 1334
501 1064
501 1561
501 1736
502 764
502 1536
502 1544
503 535
503 1002
503 1835
504 880
504 926
505 1020
505 1878
506 1304
506 1458
506 1748
507 1132
507 1405
507 1782
508 1087
508 1569
508 1697
509 534
509 919
510 708
510 1230
511 922
511 1454
511 1603
512 1023
512 1715
513 1740
514 745
514 951
514 1640
515 685
515 1211
515 1987
516 1339
516 1620
516 1630
517 1199
517 1254
517 1674
518 756
518 1566
519 938
519 1546
520 677
520 729
520 1051
521 1105
521 1724
522 558
522 1847
522 1954
523 1239
523 1293
524 907
524 1438
525 528
525 1244
526 1328
526 1571
527 1619
527 1973
527 1993
528 695
528 1690
529 1301
529 1476
530 1271
530 1398
530 1885
531 1140
532 732
532 856
532 1734
533 745
533 1153
534 1152
534 1898
535 818
535 1102
536 1362
536 1485
536 1986
537 665
537 1147
537 1314
538 1354
539 1033
539 1171
540 1253
540 1594
540 1847
541 630
541 957
541 1010
542 1760
542 1888
542 1916
543 665
543 1761
544 1480
545 976
545 1455
545 1469
546 680
546 1418
547 833
547 1512
548 856
548 1628
549 617
549 1776
549 1999
550 917
550 1504
551 739
551 1128
551 1509
552 1458
552 1705
552 1862
553 1056
553 1091
554 618
554 676
554 853
555 580
555 833
556 680
556 1551
556 1676
557 1325
557 1361
558 916
558 1626
559 603
560 1291
560 1627
561 674
561 1466
562 723
562 1685
562 1900
563 1437
564 647
564 1317
565 1017
565 1429
566 1298
566 1633
567 579
567 928
567 1695
568 995
568 1640
571 909
572 813
572 1165
572 1891
573 648
573 699
573 1906
574 1144
574 1528
575 1623
575 1981
576 753
576 760
576 1427
577 1083
577 1377
578 1014
578 1392
579 1518
579 1755
581 1104
581 1248
582 1174
582 1297
582 1393
583 1101
583 1155
583 1261
584 1100
584 1420
584 1552
585 1106
585 1144
585 1953
586 659
586 836
586 1272
587 738
587 1851
588 1058
588 1540
589 994
589 1953
590 1164
591 740
591 896
592 1009
592 1020
592 1790
593 1627
593 1824
594 1577
594 1687
594 1830
595 873
595 1535
595 1675
596 1230
596 1508
597 1250
597 1597
598 1272
598 1388
598 1402
599 1003
599 1145
599 1693
600 809
600 1822
601 1126
601 1306
601 1369
602 1024
602 1149
602 1439
603 1519
604 785
604 1214
604 1672
605 638
605 873
605 1543
606 1139
606 1318
606 1425
607 1266
608 668
608 1682
608 1758
609 611
609 1347
609 1364
610 1783
612 702
612 953
612 1908
613 1767
614 742
614 876
614 1062
615 687
615 861
615 1287
616 1983
617 1222
618 735
619 1059
619 1649
620 1574
620 1576
620 1880
621 1821
622 708
622 832
622 1890
623 913
623 1517
623 1603
624 1016
624 1284
625 650
625 1264
625 1711
626 1632
626 1804
627 1434
627 1624
627 1643
628 832
628 887
629 1610
630 637
630 1414
631 948
631 1782
632 1228
632 1486
633 972
633 1997
634 1350
634 1442
635 1506
635 1611
636 865
636 1016
637 1085
638 1593
639 874
639 1684
640 794
641 647
641 1263
642 1223
642 1985
643 1638
643 1962
644 1023
644 1521
644 1756
645 700
645 1320
646 1600
647 1396
648 1114
648 1827
649 784
649 1265
650 1927
651 706
651 711
652 667
652 1823
653 802
653 1440
653 1994
654 868
655 810
655 1533
655 1680
656 697
656 1281
656 1914
657 679
657 880
658 723
658 811
658 2000
660 789
660 1471
661 750
661 1050
661 1359
662 1638
662 1969
663 897
663 1119
663 1704
664 1369
664 1915
665 1677
666 776
666 814
666 1660
667 1492
667 1579
668 1417
669 733
669 1278
672 863
672 1141
672 1349
673 1374
673 1737
673 1741
674 1620
675 695
675 1142
675 1167
676 976
677 1132
677 1303
678 1362
678 1542
678 1805
680 1481
681 1153
681 1539
682 1308
682 1727
682 1940
683 1484
683 1561
683 1702
684 1556
685 1085
685 1759
686 1067
686 1866
687 812
687 1033
688 760
688 1093
688 1882
690 1799
690 1818
691 1523
692 813
693 719
694 1391
696 1737
697 1872
698 787
698 1624
699 1987
700 1965
701 1212
701 1886
702 964
702 1842
703 918
703 1040
704 852
704 1184
705 871
705 988
705 1319
707 913
707 1938
709 1150
709 1725
710 747
710 1411
710 1459
711 1322
712 1705
712 1856
713 1100
713 1549
714 1327
714 1777
715 1224
715 1283
715 1426
716 791
716 1726
717 725
717 1268
717 1324
718 1606
719 982
719 1552
720 861
720 1355
720 1563
721 1947
722 927
724 1320
724 1733
725 1147
725 1252
726 1196
727 886
727 1002
728 1556
729 1219
729 1885
730 930
730 1604
730 1713
731 1660
731 1840
732 839
732 1780
733 1690
734 1096
734 1174
735 1775
736 749
736 983
736 1649
737 1057
737 1948
738 936
738 1452
739 1169
740 1468
741 1134
741 1426
741 1786
742 1097
742 1326
743 1709
743 1937
744 1250
744 1578
744 1630
746 921
747 1370
748 1568
748 1819
748 1868
749 1448
749 1589
750 1972
751 1229
752 1332
752 1446
753 1150
753 1645
754 1510
754 1522
755 848
755 1306
755 1498
756 1243
756 1592
757 1331
757 1444
758 918
758 1333
759 927
759 1046
759 1950
760 947
761 817
761 1117
761 1243
762 1438
762 1473
762 1906
763 1405
763 1462
764 1566
764 1683
765 778
765 840
765 1996
766 1391
766 1683
766 1842
767 1829
767 1978
768 1357
768 1781
769 1172
769 1273
769 1636
770 1093
770 1564
771 1099
771 1210
771 1372
772 1196
772 1313
772 1737
773 1830
774 1656
774 1784
774 1919
775 1346
775 1873
776 865
777 859
777 1115
778 811
778 1791
779 919
780 978
780 1223
780 1241
781 968
781 975
782 1315
782 1723
783 1049
783 1806
784 1976
785 968
785 1449
786 1282
786 1938
787 1569
787 1756
788 1025
788 1650
790 829
791 1365
792 1472
792 1739
793 1653
794 1313
794 1990
795 895
795 985
795 1442
796 1705
797 843
797 1480
797 1981
798 976
798 1095
798 1747
799 978
799 1814
800 1298
801 1326
801 1658
801 1772
802 1238
802 1395
803 1998
804 1500
805 1026
806 1320
807 954
807 998
807 1098
808 905
808 982
808 1137
809 1118
809 1839
810 1060
811 1466
812 1253
812 1939
813 1665
814 828
814 878
815 1550
815 1700
815 1808
816 1361
816 1817
818 870
818 910
819 1080
819 1453
820 1533
821 1634
821 1807
822 1748
822 1894
822 1949
823 1276
823 1367
824 1401
824 1837
825 1056
825 1373
825 1787
826 1519
827 1738
827 1777
827 1991
828 1065
829 1557
829 1922
830 1111
831 1296
831 1306
831 1903
833 1240
834 1121
834 1859
835 1359
835 1761
836 1111
836 1277
837 1036
837 1209
837 1681
838 937
838 1422
838 1534
839 1316
839 1496
840 924
841 1381
842 898
842 1503
842 1544
843 1626
844 1247
844 1947
845 1047
845 1751
846 1618
846 1654
847 996
847 1282
847 1766
848 1771
849 1614
849 1645
850 890
850 971
850 1003
851 929
851 961
851 988
852 971
853 1519
854 1003
854 1355
854 1637
855 1006
855 1542
855 1891
856 1923
857 953
857 1157
857 1500
858 1434
858 1836
859 1346
859 1752
860 1408
861 1997
862 1464
862 1769
862 1791
863 1130
864 923
864 1236
864 1723
865 1956
866 1889
868 1562
868 1745
869 1959
870 1015
870 1749
871 1504
872 1117
873 1673
874 1365
874 1592
875 1500
876 1038
876 1931
877 1160
877 1650
878 1488
879 959
879 1090
879 1628
880 1503
881 893
881 1466
882 937
882 1952
883 925
883 1873
884 1141
884 1532
884 1929
885 1600
885 1835
886 1179
887 1615
887 1792
888 1047
888 1662
889 1970
890 1109
890 1829
891 1039
891 1393
891 1975
892 1084
892 1238
893 1569
894 1234
894 1623
895 1883
897 1698
898 1763
898 1964
899 1530
900 963
900 1045
901 1055
901 1397
902 1226
902 1371
903 1371
903 1506
903 1998
904 1655
904 1689
906 1168
906 1764
908 1838
909 933
910 1328
910 1743
911 977
911 1043
911 1406
912 913
912 1399
912 1668
914 1456
914 1501
915 934
915 1246
916 1877
917 1567
917 1892
918 1394
920 1488
920 1753
922 1639
922 1750
923 1255
923 1379
924 1734
926 1470
927 1754
929 1200
929 1412
931 1945
932 1163
933 1802
934 1231
935 1001
935 1832
936 1081
936 1430
937 986
938 1091
939 1311
939 1435
939 1994
940 980
941 1302
941 1646
941 1900
942 1162
942 1452
943 1789
944 1513
944 1924
945 1043
945 1088
946 1068
946 1137
946 1679
947 1206
947 1632
948 1028
948 1912
949 1071
949 1537
949 1727
950 1158
950 1334
951 1933
952 1372
952 1550
952 1661
954 1095
954 1315
955 1214
955 1300
956 1566
958 1816
958 1936
960 1144
960 1729
961 1169
961 1213
962 1092
962 1342
963 1215
963 1773
964 1192
965 966
966 1416
966 1689
967 1820
969 1233
969 1608
970 1766
970 1920
972 1680
973 1411
973 1469
973 1892
974 1072
974 1544
975 1674
975 1889
977 1133
978 1015
979 1554
979 1718
980 1502
980 1762
981 1480
981 1863
981 1983
982 1000
983 1175
983 1759
984 1146
984 1258
985 1172
986 1153
986 1699
987 1163
988 1863
989 1518
989 1968
990 1275
990 1543
991 1068
991 1205
992 1487
992 1813
993 1643
993 1796
994 1415
995 1897
996 1283
997 1189
998 1834
998 1855
999 1133
999 1869
999 1978
1000 1295
1001 1089
1001 1750
1004 1472
1005 1065
1005 1176
1006 1034
1006 1383
1007 1071
1007 1583
1008 1417
1009 1999
1010 1156
1010 1299
1011 1190
1011 1202
1012 1292
1012 1389
1012 1763
1013 1262
1013 1989
1014 1094
1014 1798
1016 1979
1017 1622
1018 1397
1018 1735
1018 1896
1019 1277
1019 1431
1021 1421
1021 1703
1023 1894
1024 1135
1025 1038
1025 1491
1026 1864
1027 1199
1027 1225
1028 1322
1028 1713
1029 1177
1029 1579
1030 1113
1030 1125
1030 1441
1031 1562
1031 1612
1031 1631
1032 1784
1033 1440
1034 1580
1034 1725
1035 1322
1035 1781
1036 1484
1036 1951
1037 1828
1039 1857
1041 1373
1041 1491
1042 1795
1043 1513
1044 1244
1044 1668
1044 1707
1045 1711
1046 1923
1047 1666
1048 1462
1049 1846
1050 1529
1050 1587
1051 1266
1052 1584
1052 1666
1052 1750
1053 1309
1053 1468
1054 1150
1054 1416
1054 1710
1056 1495
1057 1554
1058 1071
1058 1971
1059 1245
1060 1241
1061 1862
1062 1467
1062 1760
1063 1203
1063 1389
1063 1505
1064 1081
1064 1994
1065 1567
1066 1506
1066 1888
1068 1675
1069 1085
1070 1502
1070 1693
1073 1418
1073 1822
1074 1179
1074 1779
1074 1786
1075 1586
1075 1955
1077 1424
1077 1959
1078 1550
1079 1210
1079 1525
1080 1317
1081 1555
1082 1684
1082 1773
1082 1799
1084 1612
1086 1118
1086 1323
1086 1481
1087 1499
1087 1804
1088 1696
1088 1912
1089 1483
1089 1688
1090 1851
1091 1474
1092 1204
1093 1342
1094 1218
1096 1108
1096 1186
1097 1458
1098 1460
1099 1713
1099 1875
1100 1542
1103 1124
1103 1275
1104 1934
1105 1644
1105 1813
1107 1497
1107 1576
1108 1893
1108 1933
1109 1186
1109 1905
1110 1586
1110 1780
1112 1412
1113 1833
1115 1363
1116 1600
1116 1940
1117 1613
1119 1778
1120 1602
1120 1703
1120 1953
1121 1915
1121 1937
1122 1530
1122 1909
1123 1802
1124 1135
1125 1967
1126 1394
1127 1326
1127 1701
1127 1739
1128 1323
1128 1628
1129 1208
1129 1333
1129 1622
1130 1696
1130 1778
1131 1343
1131 1377
1133 1785
1134 1280
1135 1413
1136 1332
1136 1769
1138 1175
1139 1148
1140 1418
1140 1441
1141 1995
1142 1675
1143 1431
1145 1364
1145 1894
1146 1223
1147 1991
1148 1582
1148 1690
1149 1156
1151 1258
1151 1437
1151 1578
1152 1388
1152 1876
1154 1213
1154 1939
1154 1992
1157 1262
1157 1483
1158 1256
1159 1944
1160 1194
1160 1255
1161 1245
1161 1445
1161 1505
1162 1523
1162 1740
1164 1731
1164 1780
1165 1610
1165 1828
1166 1729
1167 1663
1168 1654
1169 1629
1170 1594
1170 1765
1172 1189
1173 1551
1174 1795
1175 1923
1176 1317
1176 1707
1177 1453
1177 1687
1178 1845
1178 1949
1180 1651
1181 1289
1181 1603
1182 1599
1182 1942
1183 1259
1183 1312
1183 1816
1184 1652
1185 1403
1185 1527
1185 1695
1187 1404
1187 1875
1187 1926
1188 1672
1188 1804
1189 1484
1190 1540
1190 1749
1191 1454
1191 1898
1192 1720
1192 1982
1194 1860
1194 1869
1195 1891
1195 1948
1196 1353
1197 1806
1198 1249
1198 1407
1198 1469
1199 1706
1200 1843
1201 1234
1201 1293
1201 1681
1202 1392
1202 1616
1203 1810
1204 1593
1204 1890
1205 1220
1205 1442
1206 1826
1207 1340
1207 1848
1207 1954
1208 1631
1208 1658
1209 1524
1209 1996
1210 1789
1211 1830
1212 1817
1213 1646
1214 1296
1215 1832
1216 1636
1216 1922
1217 1360
1217 1525
1218 1425
1218 1429
1220 1719
1221 1289
1221 1439
1222 1978
1224 1285
1224 1561
1226 1448
1227 1614
1227 1955
1227 1965
1228 1522
1228 1529
1229 1684
1229 1745
1230 1694
1231 1607
1232 1694
1232 1794
1233 1590
1233 1782
1234 1678
1235 1242
1235 1431
1236 1725
1236 1946
1237 1758
1237 1881
1239 1842
1240 1390
1241 1916
1242 1746
1243 1419
1245 1606
1246 1807
1247 1748
1248 1260
1249 1957
1251 1261
1252 1377
1252 1908
1253 1408
1254 1560
1256 1327
1258 1929
1259 1841
1260 1835
1260 1932
1261 1265
1263 1511
1263 1935
1264 1415
1264 1599
1266 1976
1267 1700
1267 1874
1268 1527
1268 1633
1269 1581
1270 1361
1270 1498
1271 1352
1273 1986
1274 1546
1275 1372
1276 1661
1276 1925
1278 1962
1279 1464
1279 1635
1280 1432
1284 1764
1284 1864
1285 1621
1286 1358
1286 1643
1286 1963
1287 1775
1287 1944
1288 1791
1288 1817
1289 1528
1290 1472
1291 1397
1291 1581
1292 1448
1292 1512
1293 1315
1294 1792
1295 1625
1297 1588
1298 1904
1299 1525
1299 1760
1300 1813
1301 1419
1302 1590
1302 1687
1303 1492
1303 1553
1304 1351
1305 1512
1305 1762
1307 1404
1307 1582
1307 1980
1309 1451
1310 1601
1310 1702
1311 1902
1312 1913
1313 1771
1316 1350
1318 1611
1318 1952
1319 1351
1321 1678
1323 1757
1324 1557
1324 1584
1325 1370
1327 1960
1328 1333
1329 1345
1329 1585
1330 1395
1330 1652
1334 2000
1335 1536
1335 1936
1336 1872
1336 1909
1337 1459
1337 1478
1338 1549
1338 1969
1339 1685
1339 1769
1340 1443
1340 1814
1341 1746
1341 1808
1342 1858
1344 1495
1345 1490
1345 1870
1346 1699
1349 1655
1350 1973
1351 1547
1352 1706
1353 1812
1354 1685
1355 1647
1356 1893
1357 1461
1358 1613
1358 1854
1360 1555
1363 1368
1363 1515
1366 1589
1366 1726
1367 1475
1367 1974
1368 1721
1370 1958
1374 1402
1374 1730
1375 1732
1375 1912
1376 1619
1378 1657
1378 1738
1379 1401
1379 1756
1380 1539
1380 1598
1380 1730
1382 1432
1382 1450
1384 1654
1384 1887
1385 1883
1386 1496
1386 1580
1387 1617
1387 1672
1387 1826
1388 1693
1390 1430
1390 1447
1392 1699
1393 1716
1396 1686
1398 1754
1398 1995
1399 1517
1400 1843
1402 1968
1403 1482
1407 1796
1409 1457
1409 1745
1410 1587
1411 1641
1412 1946
1414 1679
1419 1443
1420 1479
1422 1571
1422 1641
1423 1592
1423 1621
1424 1855
1425 1605
1428 1853
1429 1910
1430 1931
1433 1709
1434 1946
1435 1450
1436 1516
1436 1757
1437 1728
1443 1479
1444 1934
1445 1477
1447 1532
1447 1541
1449 1826
1451 1478
1452 1712
1453 1862
1455 1564
1455 1833
1459 1510
1461 1661
1463 1537
1463 1948
1465 1794
1467 1688
1467 1763
1468 1595
1470 1820
1471 1858
1473 1902
1474 1879
1476 1833
1477 1777
1482 1765
1482 1983
1486 1611
1488 1583
1489 1659
1489 1898
1493 1719
1493 1935
1494 1695
1494 1988
1496 1827
1498 1878
1499 1795
1501 1892
1503 1876
1507 1715
1507 1961
1509 1601
1509 1928
1511 1922
1513 1793
1514 1521
1514 1742
1514 1811
1515 1798
1516 1831
1516 1925
1518 1980
1520 1596
1520 1929
1520 1969
1524 1623
1524 1942
1526 1552
1526 1767
1529 1710
1531 1669
1532 1917
1534 1875
1535 1582
1535 1659
1536 1659
1537 1585
1538 1673
1538 1943
1541 1797
1545 1924
1545 1943
1546 1692
1547 1692
1547 1714
1548 1637
1548 1989
1549 1977
1551 1668
1558 1949
1559 1865
1559 1998
1560 1837
1562 1723
1565 1580
1565 1783
1565 1800
1567 1609
1570 1738
1570 1902
1570 1992
1571 1776
1572 1676
1573 1601
1573 1626
1573 1664
1574 1972
1575 1631
1577 1932
1577 1939
1578 1964
1579 1677
1584 1966
1587 1743
1588 1783
1588 1844
1589 1921
1593 1607
1594 1865
1595 1861
1596 1982
1597 1722
1597 1861
1598 1871
1602 1956
1605 1855
1607 1918
1608 1982
1616 1951
1618 1784
1619 1908
1620 1645
1624 1779
1625 1702
1629 1666
1632 1786
1634 1651
1634 1707
1636 1669
1637 1981
1638 1920
1639 1960
1641 1945
1644 1930
1644 1957
1647 1975
1648 1824
1649 1970
1652 1815
1656 1720
1656 1755
1664 1850
1664 1924
1665 1927
1667 1728
1669 1879
1670 1979
1671 1731
1671 1885
1673 1979
1678 1691
1679 1847
1682 1870
1683 1774
1686 1717
1688 1868
1689 1996
1697 1800
1701 1821
1708 1932
1709 1714
1711 1897
1716 1850
1718 1823
1719 1825
1721 1735
1722 1921
1732 1921
1735 1831
1736 1829
1736 1907
1739 1840
1740 1819
1741 1930
1747 1779
1747 1952
1754 1904
1755 1863
1762 1815
1768 1874
1770 1775
1771 1856
1773 1919
1778 1985
1787 1846
1787 1950
1788 1895
1790 1872
1793 1807
1796 1806
1797 1883
1801 1936
1802 1950
1803 1944
1803 1945
1809 1984
1811 1966
1811 1990
1814 1925
1818 1975
1823 1907
1825 1849
1825 1903
1831 1901
1832 1993
1841 1918
1843 1881
1845 1884
1846 1942
1848 1989
1857 1961
1861 1881
1876 1959
1877 1967
1879 1958
1880 1960
1886 1889
1886 1920
1901 1933
1910 1967
1910 1988
1916 1937
1917 1931
1918 1938
1926 1954
1956 1974
1977 1992
