1450 2175
1 783
1 916
1 1128
2 708
2 1106
2 1313
3 347
3 438
3 730
4 258
4 377
4 767
5 513
5 897
5 1256
6 392
6 1014
6 1147
7 672
7 930
7 959
8 65
8 906
8 1418
9 414
9 833
9 1136
10 374
10 1005
10 1052
11 392
11 1132
11 1162
12 529
12 573
12 617
13 113
13 306
13 1299
14 967
14 1001
14 1276
15 560
15 717
15 1220
16 237
16 292
16 440
17 596
17 861
17 1307
18 173
18 192
18 1272
19 1071
19 1308
19 1329
20 302
20 349
20 676
21 23
21 171
21 634
22 238
22 716
22 873
23 136
23 348
24 312
24 958
24 1252
25 153
25 831
25 1446
26 614
26 693
26 1229
27 56
27 194
27 672
28 753
28 824
28 1404
29 994
29 1045
29 1372
30 174
30 416
30 878
31 766
31 949
31 1078
32 867
32 1358
32 1392
33 880
33 1063
33 1321
34 298
34 1113
34 1367
35 91
35 184
35 1159
36 417
36 740
36 941
37 213
37 446
37 458
38 194
38 364
38 1288
39 513
39 842
39 1066
40 725
40 839
40 1403
41 570
41 737
41 1322
42 276
42 726
42 896
43 563
43 633
43 1071
44 213
44 937
44 1269
45 594
45 1130
45 1433
46 178
46 246
46 1224
47 117
47 664
47 678
48 372
48 388
48 751
49 158
49 1090
49 1441
50 748
50 851
50 1237
51 659
51 1142
51 1256
52 68
52 1086
52 1257
53 623
53 920
53 1049
54 214
54 233
54 1397
55 316
55 578
55 1277
56 669
56 1375
57 756
57 886
57 920
58 320
58 480
58 917
59 428
59 1094
59 1138
60 333
60 585
60 1419
61 682
61 739
61 1287
62 204
62 714
62 1385
63 482
63 548
63 1301
64 83
64 412
64 1223
65 1431
65 1445
66 501
66 1416
66 1438
67 752
67 1300
67 1354
68 362
68 952
69 458
69 1310
69 1320
70 369
70 632
70 745
71 703
71 898
71 1084
72 167
72 723
72 1254
73 109
73 334
73 696
74 416
74 1070
74 1148
75 1286
75 1333
75 1337
76 163
76 325
76 894
77 404
77 908
77 1363
78 82
78 624
78 904
79 109
79 450
79 467
80 443
80 670
80 1088
81 167
81 465
81 1411
82 412
82 923
83 655
83 743
84 88
84 906
84 1223
85 120
85 331
85 1398
86 305
86 592
86 1056
87 833
87 905
87 1070
88 169
88 1366
89 234
89 1036
89 1395
90 428
90 932
90 1412
91 590
91 662
92 390
92 676
92 1422
93 1015
93 1271
93 1429
94 850
94 1013
94 1308
95 910
95 989
95 1249
96 471
96 1214
96 1423
97 479
97 485
97 525
98 525
98 961
98 1396
99 212
99 626
99 1032
100 382
100 391
100 701
101 527
101 1177
101 1330
102 518
102 1090
102 1389
103 435
103 788
103 793
104 122
104 503
104 575
105 186
105 211
105 1390
106 134
106 562
106 858
107 635
107 1036
107 1137
108 489
108 1292
108 1393
109 1271
110 582
110 1131
110 1183
111 478
111 680
111 1303
112 352
112 395
112 993
113 810
113 1233
114 546
114 939
114 1363
115 279
115 569
115 1264
116 330
116 796
116 1021
117 795
117 1301
118 146
118 411
118 554
119 180
119 1298
119 1339
120 246
120 1016
121 245
121 840
121 1147
122 1069
122 1204
123 868
123 1095
123 1225
124 190
124 1103
124 1139
125 140
125 147
125 1199
126 323
126 1097
126 1337
127 352
127 988
127 1067
128 598
128 724
128 819
129 799
129 1377
129 1383
130 1206
130 1300
130 1444
131 510
131 1090
131 1443
132 418
132 1317
132 1319
133 200
133 274
133 1093
134 160
134 454
135 605
135 814
135 1448
136 880
136 1409
137 548
137 700
137 943
138 508
138 1360
138 1377
139 167
139 993
139 1252
140 520
140 772
141 353
141 998
141 1051
142 228
142 1289
142 1411
143 974
143 1092
143 1326
144 673
144 779
144 1109
145 600
145 993
145 1389
146 419
146 782
147 407
147 694
148 606
148 748
148 1342
149 356
149 641
149 1195
150 514
150 640
150 1194
151 272
151 572
151 846
152 320
152 969
152 1037
153 447
153 1003
154 640
154 905
154 918
155 503
155 828
155 954
156 1131
156 1140
156 1288
157 375
157 822
157 904
158 384
158 711
159 977
159 1119
159 1241
160 197
160 1445
161 492
161 832
161 1115
162 795
162 943
162 1309
163 592
163 1185
164 280
164 782
164 871
165 313
165 812
165 1182
166 295
166 852
166 1172
168 690
168 946
168 1154
169 263
169 728
170 1173
170 1241
170 1285
171 792
171 1304
172 320
172 926
172 1418
173 410
173 463
174 301
174 537
175 206
175 715
175 1245
176 788
176 958
176 1064
177 771
177 837
177 1065
178 501
178 639
179 955
179 1179
179 1349
180 529
180 1208
181 396
181 1014
181 1027
182 675
182 855
182 1377
183 228
183 777
183 1327
184 1257
184 1314
185 531
185 618
185 662
186 564
186 814
187 381
187 571
187 711
188 397
188 1033
188 1250
189 463
189 1087
189 1115
190 1216
190 1277
191 609
191 610
191 1390
192 494
192 583
193 1152
193 1403
193 1410
194 530
195 530
195 738
195 1205
196 330
196 936
196 1132
197 326
197 980
198 307
198 443
198 1002
199 611
199 882
199 898
200 1006
200 1203
201 860
201 907
201 1134
202 400
202 507
202 524
203 558
203 798
203 1036
204 219
204 1226
205 730
205 1027
205 1431
206 1025
206 1272
207 388
207 1004
207 1041
208 776
208 787
208 1028
209 808
209 1143
209 1264
210 441
210 557
210 1315
211 405
211 1052
212 1048
212 1280
213 1360
214 504
214 839
215 459
215 559
215 1172
216 647
216 780
216 793
217 449
217 760
217 1412
218 431
218 1156
218 1406
219 1284
219 1346
220 224
220 521
220 1014
221 498
221 842
221 1033
222 1227
222 1255
222 1270
223 1367
223 1381
223 1387
224 338
224 663
225 811
225 1223
225 1437
226 781
226 893
226 1292
227 475
227 773
227 1111
228 1121
229 826
229 834
229 1055
230 312
230 657
230 1364
231 395
231 1141
231 1302
232 688
232 922
232 1385
233 350
233 1197
234 1055
234 1251
235 277
235 370
235 647
236 499
236 823
236 1117
237 393
237 1369
238 1011
238 1235
239 782
239 1100
239 1338
240 462
240 506
240 1347
241 901
241 1144
241 1174
242 451
242 1238
242 1244
243 807
243 956
243 1403
244 337
244 836
244 929
245 554
245 715
246 702
247 394
247 960
247 1076
248 554
248 779
248 924
249 723
249 847
249 964
250 291
250 718
250 1401
251 567
251 724
251 1116
252 291
252 691
252 1397
253 625
253 840
253 1293
254 439
254 518
254 794
255 538
255 925
255 1304
256 717
256 865
256 1149
257 733
257 753
257 1017
258 1074
258 1222
259 517
259 1224
259 1355
260 285
260 460
260 1368
261 656
261 855
261 1105
262 314
262 700
262 809
263 679
263 1234
264 628
264 796
264 1028
265 622
265 744
265 1323
266 446
266 800
266 1182
267 511
267 743
267 1066
268 506
268 858
268 1188
269 550
269 1298
269 1301
270 483
270 542
270 1379
271 809
271 891
271 1416
272 297
272 468
273 871
273 1231
273 1448
274 847
274 1390
275 672
275 750
275 1077
276 884
276 1396
277 342
277 1123
278 800
278 1039
278 1190
279 1370
279 1400
280 959
280 1295
281 790
281 797
281 1279
282 955
282 1020
282 1251
283 380
283 1031
283 1169
284 638
284 831
284 950
285 957
285 1339
286 777
286 1247
286 1359
287 559
287 876
287 1280
288 664
288 1161
288 1317
289 908
289 1016
289 1073
290 292
290 429
290 909
291 531
292 526
293 343
293 706
293 921
294 473
294 986
294 1349
295 467
295 574
296 610
296 706
296 1373
297 965
297 1219
298 567
298 810
299 599
299 1031
299 1086
300 546
300 1191
300 1333
301 851
301 1318
302 440
302 1093
303 323
303 890
303 1286
304 344
304 593
304 1022
305 979
305 1214
306 865
306 1345
307 1132
307 1294
308 604
308 750
308 857
309 410
309 414
309 1262
310 459
310 707
310 1047
311 553
311 1343
311 1359
312 500
313 472
313 1332
314 768
314 1216
315 610
315 854
315 1046
316 326
316 406
317 402
317 845
317 948
318 401
318 843
318 1363
319 670
319 940
319 945
321 937
321 1112
321 1231
322 681
322 920
322 1418
323 791
324 423
324 507
324 857
325 356
325 1380
326 971
327 601
327 627
327 1018
328 491
328 912
328 1199
329 486
329 1006
329 1012
330 732
331 333
331 336
332 385
332 875
332 1030
333 945
334 603
334 1279
335 535
335 971
335 1450
336 394
336 1139
337 666
337 1191
338 875
338 960
339 701
339 1168
339 1172
340 499
340 1127
340 1227
341 471
341 596
341 1372
342 598
342 1447
343 478
343 1029
344 593
344 838
345 613
345 952
345 1294
346 509
346 974
346 985
347 590
347 1212
348 394
348 735
349 564
349 802
350 837
350 979
351 360
351 1209
351 1335
352 363
353 544
353 1106
354 443
354 729
354 1221
355 692
355 1083
355 1194
356 576
357 889
357 922
357 1282
358 436
358 763
358 960
359 642
359 741
359 1160
360 378
360 479
361 1019
361 1180
361 1188
362 476
362 485
363 733
363 1401
364 369
364 466
365 477
365 1349
365 1438
366 549
366 1382
366 1427
367 896
367 1084
367 1120
368 617
368 1010
368 1225
369 710
370 1011
370 1106
371 462
371 495
371 1329
372 599
372 1007
373 723
373 1175
373 1260
374 521
374 1122
375 475
375 557
376 773
376 988
376 1398
377 852
377 1110
378 417
378 1186
379 601
379 792
379 1009
380 1107
380 1236
381 649
381 1167
382 552
382 1160
383 976
383 1100
383 1351
384 884
384 1444
385 442
385 516
386 622
386 1123
386 1395
387 792
387 988
387 1118
388 1209
389 1137
389 1217
389 1232
390 397
390 670
391 595
391 692
392 1276
393 545
393 1184
395 915
396 720
396 1113
397 719
398 739
398 1203
398 1345
399 487
399 1322
399 1368
400 919
400 1110
401 956
401 1285
402 534
402 739
403 930
403 1064
403 1272
404 873
404 1085
405 648
405 863
406 1278
406 1335
407 952
407 954
408 579
408 934
408 1124
409 652
409 1061
409 1361
410 578
411 630
411 681
412 1083
413 517
413 1258
413 1366
414 1342
415 759
415 1362
415 1378
416 712
417 708
418 977
418 1419
419 578
419 1184
420 644
420 973
420 1337
421 612
421 833
421 1080
422 889
422 1164
422 1254
423 490
423 591
424 609
424 713
424 789
425 497
425 606
425 1428
426 528
426 913
426 1240
427 485
427 779
427 1077
428 1171
429 512
429 651
430 480
430 937
430 1256
431 1060
431 1091
432 1136
432 1350
432 1413
433 761
433 762
433 909
434 566
434 742
434 878
435 848
435 1068
436 453
436 466
437 765
437 899
437 930
438 536
438 695
439 733
439 1446
440 884
441 708
441 1192
442 923
442 1375
444 553
444 558
444 1096
445 776
445 1154
445 1156
446 1312
447 1158
447 1350
448 561
448 986
448 1174
449 488
449 968
450 519
450 658
451 1269
451 1414
452 803
452 1286
452 1425
453 1097
453 1194
454 678
454 924
455 608
455 633
455 1248
456 473
456 534
456 1290
457 470
457 656
457 912
458 611
459 981
460 764
460 1424
461 953
461 1253
461 1417
462 1266
463 1318
464 506
464 1150
464 1238
465 550
465 972
466 1008
467 1023
468 1230
468 1235
469 638
469 734
469 1198
470 565
470 1226
471 1209
472 870
472 1293
473 1021
474 577
474 624
474 903
475 719
476 1276
476 1432
477 758
477 1187
478 754
479 1369
480 1235
481 483
481 684
481 1411
482 577
482 1009
483 613
484 642
484 922
484 991
486 843
486 1103
487 667
487 1083
488 541
488 602
489 1343
489 1400
490 594
490 1121
491 1135
491 1361
492 783
492 990
493 507
493 602
493 999
494 709
494 1447
495 729
495 1167
496 924
496 1062
496 1212
497 1150
497 1239
498 682
498 728
499 521
500 541
500 1069
501 891
502 538
502 1206
502 1347
503 524
504 590
504 881
505 973
505 1210
505 1394
508 1118
508 1427
509 731
509 1267
510 940
510 1353
511 515
511 674
512 620
512 823
513 928
514 637
514 1348
515 621
515 805
516 712
516 1176
517 699
518 1049
519 1273
519 1328
520 745
520 1245
522 536
522 695
522 1201
523 675
523 836
523 1420
524 1215
525 685
526 834
526 1246
527 1087
527 1361
528 738
528 1078
529 935
530 623
531 981
532 661
532 686
532 812
533 651
533 862
533 1063
534 1049
535 770
535 928
536 1309
537 538
537 926
539 814
539 824
539 1114
540 734
540 859
540 1263
541 1423
542 608
542 1413
543 796
543 815
543 1240
544 1026
544 1352
545 1201
545 1450
546 1370
547 569
547 1281
547 1396
548 602
549 760
549 1089
550 1372
551 883
551 979
551 1213
552 1071
552 1079
553 574
555 911
555 1127
555 1222
556 572
556 816
556 975
557 1177
558 634
559 643
560 1198
560 1435
561 586
561 838
562 862
562 1332
563 967
563 1358
564 1416
565 1087
565 1144
566 1043
566 1180
567 1155
568 859
568 1032
568 1166
569 820
570 868
570 1431
571 818
571 1442
572 982
573 822
573 1332
574 817
575 717
575 1364
576 759
576 830
577 1305
579 696
579 1038
580 818
580 1170
580 1428
581 665
581 787
581 1320
582 1233
582 1434
583 1059
583 1095
584 771
584 1168
584 1260
585 1149
585 1152
586 1141
586 1157
587 736
587 845
587 1054
588 637
588 990
588 1044
589 726
589 768
589 1068
591 1012
591 1415
592 911
593 883
594 1243
595 1153
595 1398
596 845
597 801
597 842
597 1040
598 1185
599 1051
600 778
600 971
601 689
603 763
603 935
604 1261
604 1413
605 759
605 820
606 1075
607 618
607 972
607 1423
608 1208
609 1225
611 734
612 827
612 1323
613 689
614 895
614 1041
615 1008
615 1026
615 1268
616 1002
616 1157
616 1386
617 649
618 893
619 677
619 1291
619 1433
620 687
620 955
621 778
621 1380
622 1255
623 1142
624 976
625 885
625 946
626 897
626 1105
627 757
627 1414
628 996
628 1072
629 832
629 998
629 1029
630 1221
630 1365
631 648
631 1057
631 1384
632 808
632 1128
633 1196
634 1392
635 927
635 1137
636 639
636 849
636 1408
637 1392
638 761
639 694
640 1119
641 1042
641 1408
642 1274
643 1082
643 1111
644 916
644 1346
645 1112
645 1306
645 1384
646 1099
646 1171
646 1434
647 1249
648 811
649 652
650 712
650 963
650 1208
651 1314
652 716
653 944
653 982
653 1344
654 869
654 878
654 888
655 787
655 929
656 900
657 1023
657 1154
658 1086
658 1283
659 1030
659 1435
660 844
660 1038
660 1233
661 844
661 917
662 1273
663 843
663 1320
664 1378
665 694
665 756
666 704
666 874
667 710
667 1200
668 1024
668 1123
668 1186
669 1226
669 1242
671 926
671 984
671 985
673 1176
673 1406
674 1178
674 1242
675 785
676 781
677 731
677 1040
678 1211
679 1003
679 1183
680 931
680 1054
681 991
682 1185
683 928
683 1063
683 1068
684 887
684 1096
685 1065
685 1334
686 754
686 1035
687 726
687 1205
688 918
688 1268
689 697
690 1062
690 1368
691 934
691 1151
692 1422
693 699
693 839
695 1316
696 1072
697 709
697 1196
698 716
698 1350
698 1376
699 860
700 853
701 1297
702 1238
702 1338
703 810
703 914
704 964
704 1056
705 823
705 1222
705 1362
706 856
707 1178
707 1228
709 876
710 1308
711 1331
713 1057
713 1415
714 877
714 1035
715 1145
718 720
718 1058
719 1283
720 1164
721 745
721 1197
721 1436
722 900
722 914
722 1178
724 1004
725 847
725 1109
727 863
727 1012
727 1033
728 815
729 1369
730 773
731 1441
732 902
732 942
735 895
735 1248
736 783
736 1128
737 1062
737 1274
738 813
740 967
740 1254
741 1055
741 1245
742 1296
742 1328
743 1239
744 1027
744 1395
746 1051
746 1153
746 1353
747 827
747 862
747 966
748 996
749 750
749 813
749 896
751 890
751 1073
752 754
752 784
753 828
755 1189
755 1257
755 1299
756 1220
757 938
757 1201
758 789
758 857
760 1391
761 927
762 1120
762 1371
763 1290
764 1081
764 1162
765 954
765 1192
766 1250
766 1259
767 1193
767 1415
768 1262
769 821
769 1082
769 1374
770 1034
770 1336
771 978
772 933
772 1297
774 1010
774 1193
774 1445
775 806
775 939
775 1089
776 935
777 987
778 869
780 1058
780 1381
781 1314
784 854
784 1050
785 980
785 1310
786 1126
786 1156
786 1259
788 1442
789 1174
790 828
790 1134
791 852
791 1227
793 1420
794 1126
794 1293
795 1175
797 981
797 1192
798 901
798 1387
799 953
799 1290
800 900
801 902
801 1312
802 826
802 1439
803 1195
803 1344
804 1048
804 1078
804 1285
805 827
805 1354
806 859
806 1166
807 970
807 1232
808 1437
809 1124
811 901
812 929
813 1005
815 1307
816 835
816 1165
817 1007
817 1190
818 965
819 1111
819 1211
820 1450
821 1275
821 1442
822 1353
824 1147
825 970
825 1015
825 1255
826 959
829 919
829 1362
829 1379
830 898
830 1003
831 853
832 1019
834 1449
835 849
835 913
836 1189
837 1102
838 1243
840 1262
841 868
841 879
841 1067
844 947
846 1205
846 1306
848 925
848 1031
849 1067
850 1202
850 1420
851 1085
853 1449
854 1421
855 1143
856 1047
856 1434
858 1253
860 1302
861 907
861 991
863 1291
864 899
864 904
864 921
865 1297
866 888
866 1000
866 1343
867 1356
867 1367
869 1186
870 939
870 1213
871 1122
872 1020
872 1326
872 1422
873 1129
874 1155
874 1289
875 1234
876 1001
877 1085
877 1357
879 1326
879 1388
880 917
881 1100
881 1146
882 1089
882 1443
883 1114
885 1282
885 1382
886 1069
886 1347
887 1034
887 1324
888 1341
889 996
890 1399
891 1076
892 948
892 1099
892 1327
893 1305
894 1095
894 1117
895 984
897 910
899 1210
902 942
903 1041
903 1267
905 1331
906 1432
907 1057
908 972
909 1426
910 1010
911 997
912 965
913 1384
914 1066
915 1228
915 1259
916 1025
918 1065
919 1275
921 1307
923 1252
925 1302
927 1244
931 1108
931 1406
932 976
932 1393
933 938
933 1261
934 1429
936 943
936 1029
938 1140
940 1005
941 1007
941 1044
942 1399
944 1113
944 1155
945 963
946 1207
947 1016
947 1242
948 1417
949 964
949 1202
950 1002
950 1018
951 1042
951 1125
951 1340
953 1102
956 1316
957 1116
957 1251
958 1365
961 1006
961 1181
962 1091
962 1104
962 1105
963 966
966 1193
968 1053
968 1311
969 995
969 1306
970 1011
973 1447
974 1274
975 1278
975 1359
977 1151
978 1270
978 1387
980 1213
982 1059
983 1278
983 1303
983 1352
984 1093
985 1329
986 1094
987 1334
987 1358
989 1047
989 1443
990 1383
992 1022
992 1351
992 1429
994 1258
994 1440
995 997
995 1163
997 1339
998 1357
999 1211
999 1380
1000 1267
1000 1400
1001 1351
1004 1050
1008 1020
1009 1284
1013 1215
1013 1345
1015 1260
1017 1181
1017 1229
1018 1074
1019 1101
1021 1391
1022 1253
1023 1444
1024 1084
1024 1341
1025 1261
1026 1303
1028 1134
1030 1263
1032 1218
1034 1407
1035 1219
1037 1237
1037 1389
1038 1388
1039 1045
1039 1230
1040 1234
1042 1319
1043 1216
1043 1440
1044 1371
1045 1373
1046 1129
1046 1197
1048 1207
1050 1088
1052 1313
1053 1120
1053 1273
1054 1130
1056 1292
1058 1294
1059 1370
1060 1119
1060 1374
1061 1079
1061 1115
1064 1258
1070 1265
1072 1419
1073 1318
1074 1386
1075 1094
1075 1173
1076 1340
1077 1288
1079 1373
1080 1103
1080 1296
1081 1300
1081 1393
1082 1250
1088 1145
1091 1346
1092 1143
1092 1394
1096 1133
1097 1330
1098 1133
1098 1158
1098 1282
1099 1348
1101 1204
1101 1247
1102 1348
1104 1199
1104 1357
1107 1236
1107 1426
1108 1200
1108 1298
1109 1412
1110 1157
1112 1405
1114 1220
1116 1283
1117 1325
1118 1311
1121 1207
1122 1371
1124 1198
1125 1141
1125 1269
1126 1247
1127 1166
1129 1385
1130 1376
1131 1271
1133 1289
1135 1364
1135 1439
1136 1167
1138 1342
1138 1436
1139 1410
1140 1352
1142 1219
1144 1338
1145 1436
1146 1277
1146 1317
1148 1341
1148 1397
1149 1170
1150 1325
1151 1214
1152 1291
1153 1195
1158 1425
1159 1237
1159 1310
1160 1268
1161 1264
1161 1354
1162 1182
1163 1330
1163 1425
1164 1382
1165 1187
1165 1408
1168 1331
1169 1399
1169 1409
1170 1394
1171 1421
1173 1295
1175 1206
1176 1229
1177 1315
1179 1328
1179 1376
1180 1430
1181 1391
1183 1410
1184 1360
1187 1287
1188 1315
1189 1281
1190 1365
1191 1241
1196 1224
1200 1281
1202 1375
1203 1449
1204 1279
1210 1356
1212 1366
1215 1248
1217 1409
1217 1432
1218 1299
1218 1402
1221 1430
1228 1441
1230 1379
1231 1266
1232 1319
1236 1407
1239 1433
1240 1414
1243 1374
1244 1336
1246 1340
1246 1402
1249 1335
1263 1324
1265 1440
1265 1446
1266 1304
1270 1437
1275 1309
1280 1313
1284 1381
1287 1311
1295 1305
1296 1336
1312 1356
1316 1388
1321 1428
1321 1448
1322 1383
1323 1424
1324 1378
1325 1386
1327 1426
1333 1334
1344 1407
1355 1404
1355 1405
1401 1438
1402 1405
1404 1439
1417 1427
1421 1424
1430 1435
