300 450
1 127
1 207
1 214
2 60
2 144
2 169
3 15
3 98
3 292
4 200
4 206
4 237
5 34
5 150
5 210
6 281
6 287
6 288
7 115
7 163
7 284
8 51
8 53
8 280
9 76
9 198
9 283
10 23
10 81
10 155
11 127
11 203
11 239
12 137
12 249
12 291
13 94
13 96
13 191
14 133
14 224
14 269
15 117
15 189
16 23
16 36
16 220
17 203
17 218
17 296
18 22
18 129
18 195
19 95
19 104
19 160
20 234
20 254
20 300
21 94
21 235
21 258
22 129
22 150
23 267
24 29
24 169
24 174
25 91
25 131
25 279
26 144
26 243
26 273
27 108
27 121
27 132
28 208
28 215
28 223
29 45
29 144
30 39
30 162
30 206
31 103
31 186
31 261
32 72
32 161
32 212
33 123
33 276
33 288
34 192
34 214
35 55
35 82
35 146
36 62
36 146
37 89
37 148
37 285
38 86
38 199
38 225
39 205
39 262
40 41
40 104
40 277
41 167
41 255
42 179
42 293
42 297
43 116
43 128
43 201
44 54
44 213
44 239
45 145
45 175
46 149
46 181
46 232
47 108
47 171
47 207
48 66
48 73
48 269
49 85
49 193
49 261
50 167
50 182
50 251
51 101
51 272
52 60
52 102
52 201
53 134
53 194
54 113
54 166
55 100
55 151
56 58
56 208
56 222
57 76
57 105
57 250
58 180
58 277
59 132
59 202
59 239
60 78
61 106
61 116
61 221
62 178
62 238
63 135
63 192
63 226
64 67
64 250
64 266
65 221
65 237
65 296
66 137
66 185
67 228
67 249
68 88
68 270
68 280
69 78
69 147
69 160
70 87
70 213
70 290
71 156
71 161
71 194
72 117
72 139
73 273
73 290
74 93
74 124
74 202
75 151
75 211
75 292
76 102
77 155
77 164
77 196
78 97
79 87
79 94
79 125
80 99
80 233
80 276
81 98
81 209
82 236
82 255
83 151
83 234
83 236
84 153
84 240
84 291
85 110
85 223
86 114
86 120
87 288
88 114
88 298
89 261
89 290
90 190
90 219
90 231
91 174
91 182
92 172
92 222
92 275
93 205
93 289
95 223
95 264
96 107
96 114
97 189
97 266
98 256
99 284
99 295
100 147
100 259
101 170
101 293
102 204
103 143
103 225
104 168
105 125
105 271
106 253
106 259
107 279
107 291
108 219
109 122
109 187
109 228
110 178
110 207
111 187
111 229
111 238
112 130
112 142
112 181
113 134
113 139
115 156
115 243
116 198
117 214
118 174
118 226
118 243
119 143
119 196
119 259
120 121
120 262
121 128
122 188
122 285
123 222
123 295
124 204
124 256
125 176
126 177
126 194
126 212
127 268
128 257
129 263
130 138
130 280
131 240
131 247
132 135
133 168
133 227
134 282
135 216
136 190
136 191
136 260
137 153
138 162
138 274
139 198
140 196
140 230
140 242
141 158
141 272
141 281
142 269
142 278
143 281
145 203
145 231
146 161
147 149
148 229
148 257
149 250
150 272
152 183
152 253
152 278
153 192
154 230
154 240
154 274
155 258
156 176
157 215
157 237
157 246
158 206
158 298
159 248
159 271
159 292
160 254
162 163
163 171
164 224
164 263
165 227
165 241
165 282
166 173
166 286
167 273
168 215
169 270
170 180
170 197
171 242
172 252
172 286
173 218
173 220
175 191
175 265
176 294
177 251
177 263
178 197
179 246
179 267
180 225
181 293
182 300
183 235
183 249
184 185
184 226
184 253
185 294
186 245
186 257
187 297
188 224
188 247
189 218
190 299
193 275
193 287
195 230
195 282
197 217
199 252
199 300
200 217
200 248
201 208
202 267
204 210
205 244
209 216
209 228
210 286
211 227
211 289
212 213
216 252
217 232
219 255
220 245
221 260
229 296
231 246
232 298
233 235
233 265
234 254
236 276
238 268
241 251
241 299
242 287
244 258
244 283
245 260
247 268
248 266
256 295
262 275
264 278
264 289
265 271
270 299
274 297
277 294
279 284
283 285
