1500 2250
1 812
1 1134
1 1441
2 426
2 1056
2 1328
3 103
3 1078
3 1496
4 572
4 971
4 993
5 143
5 332
5 407
6 1297
6 1359
6 1462
7 129
7 972
7 1402
8 46
8 267
8 631
9 180
9 731
9 1210
10 811
10 820
10 1000
11 240
11 824
11 1350
12 172
12 650
12 706
13 411
13 1028
13 1200
14 84
14 819
14 989
15 38
15 150
15 401
16 889
16 980
16 1091
17 920
17 1032
17 1407
18 253
18 658
18 1300
19 673
19 986
19 1369
20 1116
20 1232
20 1320
21 219
21 394
21 1173
22 34
22 711
22 1352
23 462
23 970
23 1234
24 634
24 1107
24 1429
25 508
25 1311
25 1325
26 369
26 944
26 1125
27 339
27 927
27 1221
28 126
28 1064
28 1385
29 177
29 611
29 1242
30 677
30 1200
30 1243
31 43
31 160
31 1338
32 480
32 508
32 788
33 364
33 507
33 530
34 571
34 1126
35 271
35 280
35 1456
36 427
36 620
36 1491
37 479
37 596
37 628
38 386
38 525
39 202
39 748
39 1258
40 78
40 1204
40 1436
41 487
41 540
41 1169
42 1275
42 1302
42 1489
43 272
43 402
44 972
44 1105
44 1117
45 683
45 702
45 1189
46 616
46 968
47 1030
47 1464
47 1482
48 78
48 1351
48 1471
49 196
49 432
49 552
50 531
50 815
50 1205
51 976
51 1088
51 1466
52 155
52 566
52 1306
53 285
53 1191
53 1206
54 259
54 338
54 1106
55 669
55 964
55 1304
56 293
56 614
56 735
57 297
57 514
57 772
58 250
58 954
58 1009
59 201
59 408
59 1397
60 457
60 589
60 1400
61 374
61 1122
61 1349
62 450
62 574
62 1493
63 159
63 349
63 1025
64 759
64 990
64 1445
65 483
65 1213
65 1417
66 343
66 622
66 705
67 133
67 246
67 1411
68 477
68 984
68 1325
69 326
69 641
69 975
70 455
70 728
70 1243
71 263
71 742
71 923
72 229
72 1314
72 1346
73 256
73 745
73 826
74 104
74 641
74 1317
75 658
75 660
75 1028
76 266
76 712
76 1209
77 367
77 391
77 1474
78 640
79 319
79 1159
79 1203
80 174
80 736
80 884
81 814
81 877
81 934
82 121
82 642
82 1485
83 811
83 868
83 935
84 546
84 1402
85 719
85 872
85 1375
86 258
86 558
86 1381
87 645
87 1196
87 1201
88 766
88 871
88 874
89 434
89 1122
89 1261
90 230
90 573
90 1463
91 1279
91 1333
91 1361
92 862
92 961
92 1390
93 446
93 1365
93 1374
94 204
94 452
94 747
95 525
95 804
95 995
96 305
96 872
96 1454
97 572
97 837
97 1047
98 323
98 794
98 912
99 767
99 1180
99 1497
100 285
100 633
100 1258
101 241
101 843
101 903
102 544
102 1006
102 1056
103 908
103 1347
104 712
104 1374
105 308
105 710
105 732
106 588
106 1146
106 1488
107 843
107 1103
107 1483
108 457
108 936
108 1056
109 1239
109 1259
109 1330
110 734
110 932
110 1372
111 543
111 1276
111 1455
112 826
112 967
112 1354
113 459
113 901
113 1097
114 975
114 1083
114 1322
115 193
115 523
115 1329
116 198
116 526
116 761
117 1276
117 1338
117 1471
118 1055
118 1207
118 1209
119 279
119 384
119 1367
120 591
120 1171
120 1352
121 148
121 673
122 217
122 266
122 401
123 423
123 659
123 686
124 1156
124 1323
124 1331
125 288
125 891
125 1394
126 1092
126 1490
127 1101
127 1114
127 1151
128 138
128 304
128 698
129 295
129 1219
130 588
130 943
130 1343
131 302
131 359
131 1217
132 478
132 754
132 1127
133 409
133 1176
134 365
134 1077
134 1465
135 494
135 699
135 967
136 377
136 554
136 1017
137 348
137 1319
137 1366
138 566
138 1351
139 369
139 426
139 615
140 541
140 1288
140 1305
141 291
141 716
141 1141
142 660
142 1188
142 1223
143 682
143 1274
144 223
144 361
144 609
145 248
145 780
145 1266
146 830
146 1147
146 1375
147 480
147 750
147 1230
148 922
148 927
149 186
149 220
149 985
150 236
150 1226
151 1124
151 1377
151 1426
152 518
152 1083
152 1202
153 260
153 444
153 1093
154 630
154 653
154 1359
155 213
155 1163
156 242
156 1006
156 1117
157 160
157 631
157 1274
158 745
158 1011
158 1365
159 795
159 1285
160 473
161 764
161 1045
161 1469
162 444
162 1231
162 1383
163 1408
163 1423
163 1429
164 436
164 738
164 827
165 486
165 804
165 1038
166 167
166 365
166 1339
167 189
167 1371
168 548
168 793
168 896
169 298
169 608
169 1344
170 235
170 1186
170 1442
171 215
171 638
171 1093
172 418
172 1376
173 242
173 247
173 1007
174 1382
174 1474
175 690
175 692
175 1434
176 598
176 819
176 1458
177 319
177 1152
178 619
178 850
178 1079
179 494
179 639
179 1211
180 575
180 1356
181 817
181 936
181 1205
182 434
182 482
182 1062
183 1155
183 1267
183 1286
184 658
184 692
184 1037
185 568
185 1084
185 1171
186 1249
186 1369
187 657
187 1144
187 1164
188 203
188 282
188 639
189 689
189 1098
190 435
190 1355
190 1427
191 224
191 290
191 1408
192 579
192 1165
192 1227
193 654
193 1122
194 830
194 1087
194 1265
195 513
195 533
195 633
196 258
196 373
197 815
197 977
197 1109
198 481
198 895
199 703
199 1167
199 1483
200 470
200 533
200 847
201 685
201 739
202 1109
202 1417
203 289
203 1142
204 476
204 500
205 231
205 865
205 1493
206 563
206 707
206 1059
207 701
207 742
207 1257
208 502
208 1170
208 1324
209 928
209 1116
209 1166
210 862
210 888
210 1143
211 537
211 963
211 1361
212 464
212 614
212 649
213 1160
213 1295
214 818
214 963
214 1270
215 440
215 985
216 651
216 1238
216 1301
217 391
217 604
218 223
218 536
218 750
219 971
219 1204
220 777
220 1280
221 869
221 999
221 1403
222 334
222 987
222 1042
223 558
224 700
224 1392
225 509
225 922
225 1315
226 539
226 979
226 1334
227 796
227 847
227 1027
228 587
228 895
228 1095
229 800
229 913
230 397
230 1216
231 859
231 1275
232 670
232 799
232 1496
233 258
233 434
233 933
234 387
234 511
234 953
235 656
235 850
236 618
236 898
237 437
237 803
237 996
238 794
238 1378
238 1399
239 788
239 1117
239 1373
240 981
240 1295
241 776
241 1301
242 326
243 605
243 1298
243 1495
244 413
244 915
244 1309
245 812
245 942
245 1319
246 440
246 1191
247 345
247 1139
248 375
248 1283
249 430
249 792
249 1003
250 650
250 960
251 280
251 515
251 1019
252 1212
252 1384
252 1406
253 1299
253 1432
254 438
254 589
254 760
255 839
255 1289
255 1486
256 336
256 809
257 468
257 994
257 1113
259 865
259 1348
260 944
260 1099
261 393
261 965
261 1385
262 476
262 783
262 948
263 673
263 781
264 320
264 538
264 623
265 421
265 1405
265 1457
266 763
267 725
267 1474
268 356
268 407
268 1233
269 602
269 612
269 1255
270 370
270 551
270 1349
271 950
271 1178
272 542
272 1250
273 781
273 1118
273 1184
274 534
274 561
274 892
275 300
275 301
275 1389
276 800
276 1103
276 1482
277 654
277 920
277 1114
278 321
278 341
278 810
279 500
279 1223
280 907
281 318
281 961
281 1162
282 835
282 1422
283 909
283 1022
283 1431
284 804
284 984
284 1078
285 1315
286 884
286 1053
286 1484
287 894
287 957
287 1041
288 787
288 1028
289 1031
289 1219
290 1110
290 1400
291 399
291 863
292 683
292 748
292 1418
293 906
293 930
294 675
294 790
294 1472
295 619
295 1086
296 418
296 855
296 1177
297 1229
297 1234
298 474
298 799
299 443
299 702
299 1119
300 834
300 1047
301 475
301 1492
302 770
302 1104
303 393
303 737
303 1014
304 425
304 1268
305 1085
305 1366
306 342
306 1282
306 1350
307 689
307 1268
307 1406
308 509
308 955
309 371
309 1059
309 1074
310 828
310 991
310 1297
311 615
311 755
311 1136
312 385
312 419
312 1495
313 1003
313 1126
313 1272
314 830
314 1132
314 1175
315 409
315 1042
315 1359
316 469
316 1081
316 1391
317 503
317 584
317 1435
318 439
318 1119
319 597
320 684
320 896
321 402
321 1363
322 1228
322 1230
322 1392
323 898
323 1356
324 779
324 898
324 1016
325 478
325 680
325 807
326 633
327 696
327 1055
327 1436
328 503
328 585
328 1292
329 647
329 1193
329 1473
330 1071
330 1140
330 1487
331 346
331 429
331 829
332 539
332 1259
333 506
333 698
333 1280
334 1077
334 1388
335 727
335 1156
335 1494
336 985
336 1216
337 751
337 1032
337 1469
338 471
338 1320
339 1048
339 1228
340 351
340 948
340 1303
341 1075
341 1299
342 723
342 1281
343 569
343 1089
344 512
344 1146
344 1168
345 556
345 1399
346 376
346 553
347 1061
347 1068
347 1354
348 549
348 590
349 992
349 1210
350 869
350 1305
350 1355
351 851
351 1050
352 579
352 899
352 1231
353 367
353 382
353 424
354 570
354 976
354 991
355 724
355 821
355 1201
356 776
356 1064
357 444
357 1082
357 1363
358 400
358 527
358 1461
359 388
359 1099
360 595
360 846
360 1465
361 894
361 1479
362 713
362 1227
362 1308
363 522
363 557
363 844
364 732
364 998
365 741
366 836
366 1116
366 1453
367 890
368 445
368 1036
368 1157
369 951
370 467
370 1027
371 897
371 1399
372 546
372 1194
372 1195
373 524
373 1496
374 1094
374 1290
375 635
375 849
376 539
376 861
377 428
377 924
378 748
378 906
378 975
379 388
379 741
379 1001
380 521
380 568
380 1055
381 620
381 918
381 1253
382 590
382 990
383 585
383 1350
383 1353
384 484
384 1023
385 809
385 1383
386 663
386 891
387 580
387 1240
388 845
389 629
389 774
389 959
390 491
390 544
390 889
391 1212
392 621
392 1210
392 1312
393 1129
394 984
394 1397
395 492
395 1002
395 1221
396 593
396 1025
396 1443
397 684
397 750
398 406
398 517
398 580
399 857
399 932
400 780
400 1012
401 521
402 728
403 917
403 1373
403 1429
404 720
404 889
404 1172
405 424
405 582
405 1431
406 1061
406 1232
407 1415
408 1218
408 1413
409 744
410 738
410 1107
410 1258
411 1128
411 1405
412 832
412 1010
412 1292
413 940
413 1393
414 764
414 807
414 1370
415 810
415 831
415 943
416 494
416 833
416 1174
417 694
417 1120
417 1428
418 788
419 878
419 1137
420 624
420 1037
420 1176
421 450
421 872
422 983
422 1425
422 1498
423 735
423 1341
424 1322
425 1285
425 1341
426 1237
427 611
427 616
428 504
428 1197
429 550
429 595
430 910
430 1403
431 1050
431 1242
431 1491
432 605
432 802
433 1277
433 1389
433 1442
435 438
435 900
436 1076
436 1111
437 755
437 1406
438 692
439 841
439 1166
440 1440
441 974
441 1072
441 1316
442 761
442 798
442 911
443 1175
443 1456
445 507
445 1208
446 1036
446 1480
447 1062
447 1345
447 1360
448 568
448 686
448 1387
449 459
449 931
449 1303
450 466
451 545
451 586
451 899
452 796
452 1497
453 862
453 1042
453 1434
454 1020
454 1073
454 1163
455 497
455 1415
456 812
456 853
456 876
457 549
458 627
458 694
458 1320
459 1377
460 1004
460 1271
460 1314
461 1022
461 1185
461 1245
462 798
462 1194
463 557
463 571
463 847
464 736
464 1388
465 538
465 866
465 1269
466 586
466 1005
467 875
467 1191
468 1102
468 1323
469 627
469 1413
470 950
470 1457
471 741
471 1190
472 661
472 907
472 1087
473 877
473 994
474 1014
474 1153
475 551
475 841
476 954
477 564
477 608
478 1475
479 746
479 1365
480 1024
481 547
481 667
482 485
482 630
483 782
483 794
484 772
484 1157
485 528
485 1183
486 1084
486 1391
487 995
487 1150
488 933
488 1121
488 1155
489 823
489 944
489 1063
490 1199
490 1257
490 1370
491 919
491 1309
492 643
492 1499
493 592
493 939
493 1414
495 1261
495 1360
495 1480
496 961
496 1177
496 1337
497 663
497 1203
498 778
498 955
498 1266
499 532
499 743
499 1209
500 528
501 745
501 923
501 1101
502 690
502 1328
503 1401
504 560
504 1467
505 746
505 960
505 988
506 773
506 1487
507 1404
508 1309
509 1018
510 820
510 1133
510 1151
511 916
511 1011
512 838
512 902
513 523
513 1158
514 999
514 1263
515 606
515 677
516 637
516 1102
516 1476
517 717
517 755
518 822
518 848
519 642
519 1106
519 1380
520 787
520 856
520 1094
521 709
522 1061
522 1404
523 1426
524 551
524 799
525 874
526 605
526 825
527 1278
527 1400
528 561
529 732
529 845
529 1468
530 562
530 1342
531 674
531 917
532 940
532 1240
533 665
534 618
534 1208
535 632
535 863
535 1041
536 655
536 924
537 827
537 880
538 995
540 552
540 980
541 565
541 1003
542 650
542 880
543 860
543 1412
544 1054
545 800
545 1330
546 636
547 615
547 1244
548 971
548 1476
549 1424
550 643
550 1402
552 649
553 843
553 1302
554 1220
554 1310
555 581
555 887
555 893
556 725
556 908
557 1131
558 793
559 924
559 1322
559 1337
560 1065
560 1132
561 1133
562 806
562 1072
563 613
563 1245
564 1203
564 1463
565 700
565 1481
566 1159
567 621
567 1067
567 1217
569 698
569 1370
570 676
570 1089
571 965
572 1416
573 1149
573 1187
574 1069
574 1244
575 1457
575 1486
576 844
576 1059
576 1196
577 949
577 1268
577 1310
578 978
578 1054
578 1128
579 936
580 717
581 1147
581 1172
582 886
582 1140
583 691
583 858
583 1408
584 836
584 938
585 1101
586 1252
587 1167
587 1366
588 1080
589 1049
590 1478
591 676
591 1480
592 1252
592 1409
593 945
593 1392
594 901
594 958
594 1120
595 792
596 1021
596 1079
597 694
597 1290
598 607
598 1131
599 868
599 964
599 1487
600 717
600 846
600 1321
601 1114
601 1226
601 1422
602 632
602 1092
603 1086
603 1251
603 1391
604 1019
604 1345
606 1033
606 1251
607 610
607 1362
608 1211
609 739
609 814
610 1285
610 1324
611 916
612 640
612 678
613 871
613 1018
614 757
616 1403
617 638
617 644
617 1484
618 1053
619 1348
620 1232
621 1440
622 951
622 1008
623 856
623 1112
624 644
624 762
625 855
625 1100
625 1411
626 952
626 1314
626 1448
627 766
628 946
628 1438
629 1145
629 1404
630 1371
631 795
632 1174
634 1084
634 1300
635 1039
635 1253
636 668
636 848
637 1124
637 1246
638 1376
639 958
640 925
641 1460
642 869
643 1218
644 713
645 1275
645 1478
646 787
646 790
646 1031
647 699
647 706
648 773
648 974
648 1048
649 1335
651 681
651 817
652 708
652 1291
652 1390
653 1458
653 1485
654 988
655 715
655 1046
656 1355
656 1420
657 823
657 1440
659 734
659 1080
660 867
661 901
661 1095
662 708
662 786
662 1371
663 935
664 791
664 1017
664 1334
665 888
665 1455
666 1168
666 1421
666 1470
667 769
667 903
668 682
668 688
669 947
669 1243
670 1135
670 1326
671 839
671 1129
671 1205
672 783
672 939
672 1396
674 724
674 782
675 964
675 1238
676 930
677 1298
678 871
678 1132
679 865
679 957
679 1464
680 912
680 1014
681 808
681 1236
682 887
683 959
684 1269
685 792
685 1264
686 765
687 942
687 1313
687 1431
688 960
688 1063
689 1262
690 1325
691 1393
691 1418
693 849
693 1228
693 1369
695 969
695 1249
695 1340
696 714
696 1310
697 1078
697 1354
697 1500
699 1224
700 1382
701 1372
701 1435
702 1288
703 805
703 1401
704 731
704 886
704 977
705 719
705 744
706 989
707 878
707 1156
708 1382
709 1071
709 1481
710 1226
710 1423
711 1280
711 1318
712 727
713 1238
714 1026
714 1342
715 1090
715 1374
716 1019
716 1033
718 1139
718 1207
718 1368
719 743
720 981
720 1321
721 730
721 989
721 1333
722 1236
722 1262
722 1352
723 1183
723 1398
724 1468
725 1284
726 1153
726 1349
726 1410
727 1364
728 1441
729 1108
729 1378
729 1430
730 1179
730 1223
731 1419
733 956
733 1046
733 1109
734 1154
735 1390
736 771
737 840
737 1048
738 1305
739 861
740 1221
740 1331
740 1345
742 1279
743 1327
744 1451
746 766
747 934
747 1362
749 929
749 1008
749 1066
751 864
751 1343
752 803
752 1070
752 1138
753 854
753 1001
753 1181
754 1062
754 1064
756 832
756 903
756 1319
757 1065
757 1357
758 797
758 906
758 1068
759 958
759 1410
760 883
760 953
761 1029
762 1076
762 1249
763 1052
763 1286
764 1030
765 1105
765 1256
767 809
767 1348
768 1015
768 1452
768 1475
769 846
769 1428
770 1025
770 1375
771 1115
771 1130
772 1182
773 1173
774 1178
774 1490
775 935
775 1049
775 1074
776 1450
777 1076
777 1340
778 1220
778 1453
779 1095
779 1148
780 1077
781 1475
782 986
783 1396
784 1123
784 1294
784 1499
785 1043
785 1254
785 1485
786 1016
786 1284
789 1090
789 1153
789 1276
790 1085
791 954
791 1346
793 1124
795 947
796 987
797 1332
797 1357
798 1058
801 837
801 957
801 992
802 821
802 999
803 1444
805 1289
805 1462
806 1119
806 1321
807 972
808 941
808 1241
810 1347
811 1060
813 1107
813 1180
813 1197
814 1150
815 850
816 1112
816 1353
816 1492
817 1235
818 831
818 1274
819 1043
820 1000
821 1192
822 1184
822 1189
823 1035
824 1373
824 1463
825 837
825 918
826 856
827 1214
828 1150
828 1154
829 1110
829 1290
831 849
832 1152
833 894
833 1461
834 838
834 1083
835 1044
835 1495
836 1277
838 1263
839 905
840 904
840 1092
841 1010
842 859
842 1217
842 1333
844 966
845 1040
848 1500
851 860
851 1206
852 941
852 1004
852 1387
853 916
853 1336
854 1161
854 1273
855 1236
857 926
857 1356
858 982
858 1097
859 876
860 1081
861 946
863 1250
864 1229
864 1364
866 1434
866 1465
867 1125
867 1344
868 1000
870 970
870 1164
870 1247
873 876
873 1248
873 1450
874 1087
875 1013
875 1152
877 1198
878 1020
879 997
879 1005
879 1282
880 1269
881 885
881 976
881 1271
882 1094
882 1136
882 1327
883 1128
883 1380
884 1146
885 931
885 1166
886 1008
887 914
888 1112
890 1009
890 1425
891 1245
892 973
892 1467
893 1004
893 1144
895 1420
896 1130
897 1347
897 1422
899 1270
900 1188
900 1427
902 1270
902 1455
904 1161
904 1252
905 1040
905 1120
907 1307
908 987
909 1049
909 1110
910 1035
910 1141
911 1398
911 1497
912 1287
913 963
913 1419
914 998
914 1469
915 1185
915 1264
917 1058
918 1100
919 977
919 1181
920 1021
921 1149
921 1449
921 1479
922 945
923 1015
925 1448
925 1458
926 1066
926 1287
927 1386
928 1225
928 1278
929 1009
929 1013
930 1312
931 1044
932 1438
933 968
934 1315
937 993
937 1428
937 1449
938 1167
938 1433
939 1338
940 1034
941 1024
942 1103
943 1088
945 1202
946 1424
947 1045
948 1155
949 1147
949 1437
950 1254
951 1074
952 1089
952 1215
953 1317
955 1281
956 1011
956 1367
959 1075
962 1111
962 1181
962 1454
965 1494
966 1247
966 1451
967 1187
968 1053
969 1313
969 1379
970 1472
973 974
973 1492
978 1185
978 1287
979 1179
979 1449
980 1307
981 1163
982 1030
982 1466
983 1433
983 1498
986 1007
988 1478
990 1439
991 1444
992 1198
993 1133
994 1279
996 997
996 1143
997 1436
998 1001
1002 1239
1002 1298
1005 1417
1006 1067
1007 1069
1010 1254
1012 1326
1012 1334
1013 1442
1015 1477
1016 1096
1017 1182
1018 1277
1020 1304
1021 1421
1022 1414
1023 1091
1023 1142
1024 1437
1026 1351
1026 1446
1027 1358
1029 1079
1029 1415
1031 1395
1032 1090
1033 1256
1034 1081
1034 1130
1035 1447
1036 1317
1037 1158
1038 1138
1038 1316
1039 1376
1039 1479
1040 1196
1041 1093
1043 1212
1044 1286
1045 1170
1046 1108
1047 1231
1050 1489
1051 1118
1051 1219
1051 1459
1052 1149
1052 1259
1054 1284
1057 1308
1057 1335
1057 1481
1058 1224
1060 1313
1060 1491
1063 1115
1065 1302
1066 1416
1067 1143
1068 1413
1069 1267
1070 1188
1070 1278
1071 1073
1072 1327
1073 1176
1075 1389
1080 1452
1082 1256
1082 1424
1085 1100
1086 1409
1088 1198
1091 1251
1096 1311
1096 1498
1097 1467
1098 1131
1098 1222
1099 1137
1102 1272
1104 1157
1104 1235
1105 1204
1106 1459
1108 1241
1111 1123
1113 1397
1113 1451
1115 1328
1118 1490
1121 1261
1121 1410
1123 1136
1125 1186
1126 1380
1127 1183
1127 1293
1129 1283
1134 1306
1134 1446
1135 1154
1135 1171
1137 1295
1138 1139
1140 1425
1141 1225
1142 1144
1145 1229
1145 1267
1148 1178
1148 1273
1151 1173
1158 1175
1159 1454
1160 1301
1160 1441
1161 1257
1162 1306
1162 1493
1164 1192
1165 1216
1165 1233
1168 1324
1169 1318
1169 1470
1170 1460
1172 1304
1174 1344
1177 1299
1179 1260
1180 1488
1182 1486
1184 1265
1186 1241
1187 1464
1189 1395
1190 1439
1190 1471
1192 1265
1193 1244
1193 1248
1194 1456
1195 1289
1195 1443
1197 1208
1199 1202
1199 1423
1200 1281
1201 1367
1206 1435
1207 1384
1211 1381
1213 1432
1213 1439
1214 1222
1214 1450
1215 1343
1215 1393
1218 1459
1220 1331
1222 1446
1224 1262
1225 1340
1227 1448
1230 1288
1233 1470
1234 1472
1235 1488
1237 1266
1237 1303
1239 1246
1240 1326
1242 1468
1246 1296
1247 1452
1248 1409
1250 1339
1253 1500
1255 1414
1255 1427
1260 1384
1260 1396
1263 1484
1264 1358
1271 1316
1272 1453
1273 1357
1282 1426
1283 1379
1291 1342
1291 1362
1292 1407
1293 1461
1293 1499
1294 1311
1294 1444
1296 1364
1296 1388
1297 1360
1300 1445
1307 1363
1308 1477
1312 1387
1318 1339
1323 1477
1329 1420
1329 1438
1330 1383
1332 1430
1332 1466
1335 1336
1336 1412
1337 1361
1341 1377
1346 1489
1353 1483
1358 1430
1368 1421
1368 1433
1372 1476
1378 1386
1379 1460
1381 1398
1385 1437
1386 1394
1394 1443
1395 1401
1405 1407
1411 1494
1412 1473
1416 1447
1418 1419
1432 1473
1445 1482
1447 1462
