1000 1500
1 118
1 618
1 982
2 490
2 556
2 881
3 555
3 580
3 796
4 131
4 597
4 968
5 183
5 479
5 654
6 165
6 393
6 625
7 43
7 544
7 901
8 204
8 433
8 793
9 235
9 292
9 921
10 451
10 554
10 800
11 251
11 679
11 837
12 264
12 606
12 797
13 80
13 110
13 195
14 91
14 491
14 1000
15 379
15 384
15 499
16 73
16 145
16 299
17 541
17 545
17 746
18 643
18 782
18 884
19 478
19 982
19 988
20 77
20 483
20 816
21 256
21 722
21 856
22 488
22 598
22 756
23 206
23 284
23 566
24 680
24 898
24 980
25 703
25 724
25 761
26 68
26 429
26 798
27 314
27 424
27 768
28 31
28 160
28 975
29 161
29 633
29 980
30 160
30 245
30 747
31 368
31 883
32 192
32 441
32 733
33 119
33 343
33 456
34 204
34 642
34 970
35 183
35 846
35 926
36 55
36 138
36 642
37 66
37 293
37 976
38 387
38 457
38 924
39 51
39 273
39 279
40 101
40 546
40 965
41 118
41 517
41 603
42 59
42 61
42 991
43 267
43 334
44 398
44 449
44 641
45 58
45 484
45 930
46 647
46 675
46 853
47 104
47 178
47 662
48 337
48 416
48 508
49 187
49 263
49 735
50 489
50 625
50 866
51 151
51 233
52 600
52 684
52 958
53 151
53 178
53 844
54 453
54 676
54 831
55 332
55 593
56 69
56 542
56 940
57 526
57 787
57 847
58 506
58 536
59 157
59 161
60 919
60 950
60 984
61 307
61 652
62 481
62 604
62 739
63 362
63 440
63 725
64 163
64 284
64 735
65 84
65 428
65 985
66 132
66 901
67 356
67 577
67 655
68 536
68 828
69 394
69 953
70 298
70 642
70 660
71 585
71 751
71 789
72 108
72 612
72 705
73 83
73 479
74 515
74 562
74 714
75 364
75 469
75 933
76 173
76 839
76 886
77 474
77 587
78 240
78 321
78 872
79 172
79 692
79 895
80 570
80 663
81 535
81 705
81 900
82 408
82 431
82 448
83 271
83 614
84 142
84 447
85 92
85 98
85 572
86 126
86 387
86 818
87 224
87 497
87 501
88 411
88 785
88 941
89 297
89 713
89 733
90 340
90 472
90 783
91 265
91 892
92 167
92 652
93 404
93 708
93 753
94 240
94 303
94 423
95 115
95 359
95 434
96 105
96 242
96 749
97 223
97 575
97 808
98 767
98 776
99 142
99 710
99 840
100 327
100 413
100 764
101 272
101 959
102 558
102 725
102 964
103 213
103 321
103 994
104 717
104 893
105 304
105 605
106 775
106 842
106 990
107 327
107 578
107 757
108 233
108 428
109 166
109 552
109 649
110 214
110 412
111 288
111 587
111 598
112 155
112 338
112 746
113 140
113 681
113 981
114 435
114 525
114 758
115 804
115 835
116 626
116 704
116 946
117 223
117 590
117 749
118 562
119 879
119 958
120 495
120 795
120 931
121 306
121 527
121 530
122 586
122 759
122 967
123 203
123 310
123 566
124 134
124 280
124 294
125 386
125 498
125 822
126 328
126 449
127 209
127 871
127 951
128 253
128 858
128 960
129 476
129 812
129 945
130 695
130 697
130 903
131 443
131 445
132 459
132 843
133 676
133 821
133 868
134 351
134 925
135 408
135 420
135 577
136 494
136 503
136 814
137 717
137 760
137 856
138 497
138 743
139 296
139 461
139 538
140 719
140 922
141 341
141 354
141 665
142 720
143 460
143 501
143 736
144 215
144 528
144 671
145 628
145 939
146 156
146 731
146 907
147 305
147 311
147 756
148 599
148 646
148 895
149 228
149 349
149 991
150 274
150 287
150 712
151 291
152 216
152 607
152 664
153 313
153 538
153 722
154 656
154 771
154 987
155 400
155 616
156 558
156 947
157 404
157 776
158 852
158 899
158 1000
159 452
159 463
159 592
160 407
161 738
162 198
162 275
162 547
163 805
163 909
164 393
164 547
164 709
165 355
165 937
166 363
166 687
167 223
167 989
168 315
168 655
168 794
169 330
169 869
169 954
170 280
170 282
170 293
171 290
171 772
171 953
172 588
172 940
173 440
173 678
174 244
174 324
174 929
175 386
175 725
175 971
176 261
176 329
176 462
177 427
177 711
177 942
178 591
179 313
179 406
179 952
180 221
180 282
180 293
181 379
181 409
181 851
182 207
182 773
182 841
183 671
184 659
184 728
184 867
185 289
185 470
185 611
186 193
186 530
186 596
187 653
187 677
188 443
188 474
188 503
189 410
189 951
189 956
190 491
190 851
190 887
191 267
191 645
191 845
192 653
192 992
193 420
193 747
194 307
194 742
194 838
195 354
195 465
196 411
196 903
196 932
197 511
197 544
197 969
198 734
198 840
199 435
199 436
199 718
200 448
200 455
200 886
201 587
201 693
201 869
202 513
202 821
202 934
203 518
203 904
204 291
205 277
205 371
205 879
206 662
206 803
207 441
207 464
208 275
208 654
208 969
209 846
209 915
210 396
210 760
210 898
211 402
211 668
211 908
212 344
212 700
212 826
213 320
213 584
214 537
214 663
215 637
215 999
216 237
216 568
217 239
217 401
217 688
218 495
218 718
218 988
219 515
219 745
219 847
220 225
220 246
220 768
221 289
221 446
222 370
222 677
222 850
224 369
224 737
225 604
225 731
226 438
226 661
226 931
227 229
227 644
227 989
228 516
228 884
229 280
229 343
230 367
230 380
230 525
231 337
231 661
231 730
232 468
232 482
232 865
233 328
234 345
234 378
234 589
235 471
235 546
236 548
236 567
236 900
237 604
237 622
238 512
238 764
238 866
239 307
239 708
240 473
241 613
241 785
241 979
242 255
242 693
243 421
243 462
243 880
244 778
244 879
245 840
245 952
246 564
246 706
247 607
247 715
247 998
248 302
248 548
248 799
249 788
249 949
249 958
250 483
250 634
250 896
251 315
251 784
252 408
252 876
252 953
253 289
253 512
254 304
254 486
254 598
255 437
255 439
256 575
256 902
257 487
257 677
257 910
258 563
258 832
258 933
259 324
259 481
259 984
260 595
260 777
260 870
261 381
261 647
262 329
262 445
262 863
263 528
263 589
264 380
264 392
265 417
265 539
266 498
266 864
266 962
267 979
268 303
268 361
268 603
269 328
269 350
269 557
270 277
270 478
270 510
271 704
271 984
272 296
272 884
273 353
273 461
274 388
274 532
275 853
276 724
276 942
276 946
277 564
278 427
278 540
278 844
279 414
279 643
281 475
281 658
281 854
282 828
283 420
283 880
283 900
284 367
285 298
285 815
285 834
286 485
286 920
286 929
287 378
287 492
288 358
288 495
290 753
290 773
291 413
292 622
292 902
294 874
294 926
295 345
295 488
295 964
296 381
297 524
297 918
298 543
299 505
299 644
300 534
300 864
300 912
301 614
301 666
301 794
302 325
302 668
303 335
304 742
305 438
305 796
306 583
306 668
308 473
308 613
308 875
309 410
309 507
309 657
310 564
310 674
311 348
311 543
312 392
312 505
312 892
313 752
314 399
314 471
315 397
316 522
316 586
316 831
317 378
317 550
317 922
318 507
318 729
318 730
319 621
319 632
319 996
320 763
320 862
321 493
322 579
322 839
322 863
323 480
323 586
323 710
324 565
325 469
325 988
326 619
326 762
326 826
327 618
329 871
330 445
330 687
331 382
331 430
331 640
332 455
332 858
333 343
333 742
333 948
334 437
334 850
335 665
335 806
336 435
336 630
336 690
337 658
338 581
338 724
339 609
339 638
339 820
340 347
340 374
341 960
341 973
342 640
342 815
342 906
344 737
344 945
345 759
346 524
346 790
346 993
347 572
347 711
348 670
348 822
349 811
349 978
350 358
350 755
351 694
351 898
352 459
352 556
352 791
353 511
353 950
354 727
355 631
355 891
356 464
356 561
357 578
357 686
357 967
358 707
359 442
359 836
360 693
360 985
360 996
361 659
361 903
362 365
362 943
363 372
363 514
364 391
364 877
365 848
365 917
366 610
366 706
366 803
367 543
368 385
368 634
369 683
369 996
370 383
370 605
371 719
371 810
372 544
372 896
373 635
373 648
373 989
374 546
374 650
375 766
375 782
375 889
376 476
376 685
376 962
377 423
377 870
377 888
379 523
380 588
381 397
382 436
382 467
383 461
383 557
384 835
384 897
385 829
385 890
386 962
387 607
388 651
388 992
389 562
389 615
389 621
390 405
390 523
390 783
391 731
391 908
392 928
393 973
394 502
394 877
395 711
395 740
395 909
396 460
396 966
397 637
398 450
398 722
399 465
399 507
400 631
400 702
401 682
401 799
402 537
402 556
403 599
403 729
403 928
404 853
405 467
405 844
406 630
406 801
407 457
407 843
409 553
409 619
410 769
411 809
412 582
412 631
413 763
414 652
414 740
415 602
415 743
415 936
416 482
416 647
417 832
417 888
418 736
418 894
418 918
419 426
419 557
419 635
421 815
421 949
422 778
422 851
422 868
423 955
424 683
424 795
425 431
425 540
425 704
426 825
426 987
427 429
428 910
429 982
430 890
430 944
431 648
432 526
432 893
432 914
433 580
433 942
434 579
434 762
436 509
437 593
438 617
439 697
439 774
440 861
441 741
442 522
442 748
443 485
444 793
444 832
444 975
446 466
446 608
447 637
447 825
448 809
449 824
450 627
450 948
451 638
451 714
452 555
452 899
453 699
453 808
454 493
454 659
454 662
455 622
456 489
456 503
457 698
458 533
458 549
458 915
459 602
460 990
462 852
463 579
463 811
464 691
465 849
466 727
466 966
467 869
468 707
468 824
469 999
470 650
470 881
471 628
472 737
472 969
473 781
474 620
475 696
475 799
476 986
477 763
477 835
477 841
478 818
479 672
480 502
480 957
481 801
482 669
483 778
484 665
484 813
485 875
486 594
486 861
487 758
487 931
488 762
489 563
490 547
490 859
491 602
492 583
492 905
493 954
494 655
494 701
496 685
496 867
496 956
497 767
498 545
499 696
499 833
500 723
500 872
500 919
501 772
502 646
504 651
504 761
504 781
505 601
506 800
506 813
508 608
508 713
509 596
509 788
510 877
510 925
511 789
512 821
513 738
513 951
514 548
514 785
515 632
516 784
516 916
517 610
517 939
518 744
518 990
519 528
519 831
519 863
520 560
520 930
520 981
521 688
521 819
521 867
522 527
523 726
524 972
525 972
526 681
527 715
529 721
529 728
529 889
530 802
531 670
531 760
531 943
532 907
532 968
533 590
533 679
534 702
534 949
535 649
535 779
536 912
537 885
538 912
539 550
539 558
540 741
541 682
541 905
542 601
542 978
545 735
549 787
549 819
550 739
551 670
551 680
551 876
552 758
552 807
553 854
553 972
554 678
554 985
555 597
559 578
559 878
559 938
560 714
560 818
561 817
561 994
563 919
565 568
565 979
566 754
567 576
567 1000
568 823
569 594
569 751
569 833
570 576
570 899
571 857
571 934
571 955
572 792
573 675
573 781
573 987
574 636
574 904
574 965
575 748
576 738
577 715
580 616
581 855
581 999
582 783
582 838
583 904
584 808
584 997
585 636
585 848
588 697
589 719
590 705
591 682
591 922
592 873
592 890
593 787
594 946
595 893
595 906
596 699
597 975
599 750
600 619
600 827
601 780
603 952
605 865
606 698
606 961
608 833
609 723
609 823
610 883
611 834
611 875
612 841
612 961
613 727
614 664
615 947
615 995
616 868
617 842
617 983
618 717
620 855
620 874
621 771
623 624
623 633
623 721
624 681
624 839
625 770
626 804
626 827
627 650
627 918
628 927
629 882
629 911
629 959
630 911
632 882
633 908
634 674
635 675
636 948
638 814
639 856
639 871
639 963
640 873
641 777
641 852
643 657
644 663
645 807
645 891
646 716
648 887
649 977
651 657
653 924
654 866
656 732
656 810
658 797
660 786
660 937
661 791
664 861
666 723
666 796
667 672
667 771
667 855
669 708
669 757
671 692
672 811
673 802
673 941
673 974
674 716
676 936
678 945
679 895
680 744
683 740
684 721
684 917
685 690
686 909
686 933
687 837
688 837
689 803
689 829
689 921
690 732
691 782
691 955
692 770
694 752
694 998
695 768
695 859
696 894
698 923
699 745
700 786
700 944
701 706
701 936
702 746
703 801
703 881
707 970
709 810
709 874
710 872
712 854
712 997
713 913
716 935
718 790
720 926
720 941
726 750
726 817
728 978
729 901
730 734
732 921
733 786
734 997
736 849
739 823
741 944
743 878
744 889
745 913
747 860
748 961
749 791
750 800
751 880
752 822
753 986
754 882
754 957
755 886
755 965
756 759
757 784
761 765
764 775
765 977
765 994
766 820
766 836
767 828
769 790
769 956
770 792
772 870
773 907
774 845
774 847
775 980
776 939
777 993
779 806
779 983
780 864
780 914
788 830
789 959
792 943
793 827
794 910
795 916
797 923
798 830
798 954
802 807
804 865
805 885
805 925
806 938
809 885
812 927
812 957
813 970
814 914
816 906
816 938
817 916
819 905
820 843
824 928
825 963
826 862
829 902
830 858
834 857
836 991
838 848
842 878
845 974
846 971
849 857
850 887
859 860
860 894
862 937
873 932
876 932
883 911
888 981
891 896
892 973
897 934
897 995
913 940
915 920
917 964
920 935
923 993
924 966
927 974
929 976
930 960
935 992
947 995
950 977
963 986
967 998
968 976
971 983
