400 600
1 112
1 183
1 186
2 245
2 293
2 352
3 20
3 44
3 171
4 35
4 39
4 60
5 24
5 178
5 300
6 12
6 42
6 245
7 141
7 259
7 272
8 167
8 190
8 369
9 34
9 47
9 135
10 82
10 218
10 327
11 80
11 273
11 336
12 77
12 383
13 91
13 131
13 368
14 298
14 319
14 366
15 54
15 155
15 366
16 45
16 115
16 326
17 107
17 284
17 317
18 136
18 185
18 320
19 50
19 69
19 305
20 267
20 388
21 165
21 255
21 388
22 83
22 216
22 342
23 88
23 93
23 372
24 65
24 367
25 81
25 119
25 252
26 31
26 203
26 216
27 129
27 212
27 397
28 48
28 75
28 312
29 39
29 271
29 376
30 178
30 233
30 376
31 52
31 153
32 48
32 152
32 283
33 154
33 253
33 301
34 184
34 281
35 183
35 322
36 42
36 173
36 306
37 209
37 268
37 271
38 66
38 101
38 252
39 164
40 116
40 127
40 212
41 113
41 122
41 155
42 145
43 170
43 210
43 324
44 147
44 193
45 77
45 178
46 81
46 246
46 338
47 211
47 234
48 337
49 78
49 118
49 163
50 335
50 369
51 221
51 251
51 335
52 86
52 288
53 135
53 159
53 168
54 121
54 374
55 107
55 200
55 357
56 144
56 161
56 269
57 130
57 167
57 284
58 107
58 217
58 246
59 141
59 168
59 251
60 269
60 344
61 89
61 160
61 348
62 79
62 265
62 290
63 145
63 236
63 337
64 130
64 195
64 392
65 131
65 142
66 258
66 297
67 100
67 376
67 386
68 248
68 286
68 370
69 92
69 216
70 247
70 273
70 398
71 78
71 100
71 392
72 292
72 296
72 362
73 118
73 129
73 173
74 84
74 375
74 393
75 280
75 334
76 177
76 196
76 340
77 307
78 215
79 89
79 329
80 181
80 302
81 179
82 124
82 381
83 106
83 347
84 339
84 363
85 94
85 184
85 398
86 338
86 340
87 230
87 301
87 303
88 155
88 299
89 355
90 118
90 207
90 378
91 343
91 387
92 210
92 357
93 361
93 372
94 128
94 383
95 307
95 330
95 381
96 174
96 221
96 238
97 163
97 226
97 241
98 283
98 322
98 353
99 171
99 259
99 315
100 108
101 197
101 238
102 181
102 220
102 240
103 151
103 167
103 274
104 160
104 262
104 326
105 138
105 316
105 325
106 162
106 194
108 308
108 327
109 206
109 242
109 333
110 133
110 217
110 346
111 153
111 275
111 390
112 255
112 370
113 137
113 385
114 219
114 274
114 391
115 328
115 336
116 127
116 349
117 152
117 162
117 323
119 180
119 232
120 198
120 382
120 399
121 125
121 199
122 214
122 325
123 243
123 361
123 372
124 198
124 243
125 266
125 306
126 287
126 317
126 328
127 182
128 140
128 235
129 280
130 273
131 133
132 147
132 195
132 213
133 347
134 158
134 191
134 355
135 148
136 253
136 305
137 279
137 334
138 202
138 311
139 263
139 279
139 306
140 295
140 396
141 321
142 202
142 319
143 234
143 313
143 378
144 319
144 395
145 224
146 174
146 251
146 353
147 353
148 228
148 289
149 341
149 370
149 393
150 220
150 266
150 352
151 233
151 282
152 332
153 238
154 162
154 267
156 289
156 335
156 348
157 158
157 226
157 279
158 309
159 196
159 256
160 315
161 192
161 219
163 224
164 187
164 205
165 174
165 302
166 256
166 270
166 290
168 330
169 231
169 275
169 391
170 203
170 384
171 270
172 218
172 361
172 362
173 316
175 285
175 300
175 382
176 201
176 291
176 360
177 286
177 380
179 215
179 321
180 188
180 287
181 301
182 278
182 310
183 225
184 267
185 217
185 242
186 189
186 208
187 250
187 313
188 241
188 363
189 230
189 392
190 277
190 358
191 197
191 374
192 231
192 270
193 252
193 259
194 288
194 298
195 299
196 331
197 380
198 354
199 223
199 229
200 282
200 286
201 244
201 299
202 262
203 394
204 249
204 307
204 395
205 245
205 336
206 359
206 400
207 364
207 389
208 345
208 349
209 339
209 364
210 369
211 255
211 346
212 365
213 323
213 379
214 275
214 351
215 229
218 257
219 302
220 354
221 344
222 310
222 314
222 393
223 289
223 351
224 249
225 337
225 399
226 324
227 230
227 268
227 358
228 310
228 384
229 304
231 249
232 234
232 240
233 379
235 312
235 360
236 389
236 390
237 309
237 356
237 373
239 258
239 338
239 367
240 313
241 371
242 344
243 359
244 312
244 366
246 297
247 284
247 295
248 263
248 399
250 277
250 288
253 350
254 293
254 327
254 329
256 266
257 294
257 314
258 321
260 294
260 345
260 394
261 314
261 315
261 350
262 332
263 276
264 318
264 356
264 367
265 281
265 358
268 290
269 341
271 386
272 277
272 343
274 291
276 320
276 349
278 292
278 293
280 365
281 377
282 375
283 368
285 291
285 377
287 380
292 356
294 359
295 309
296 348
296 397
297 374
298 328
300 385
303 318
303 398
304 316
304 354
305 333
308 351
308 371
311 364
311 368
317 342
318 347
320 387
322 373
323 373
324 390
325 377
326 386
329 333
330 395
331 357
331 362
332 371
334 400
339 378
340 396
341 375
342 384
343 355
345 385
346 397
350 382
352 381
360 400
363 394
365 379
383 391
387 389
388 396
