350 525
1 224
1 296
1 340
2 136
2 152
2 193
3 231
3 284
3 313
4 237
4 257
4 316
5 42
5 75
5 164
6 100
6 116
6 175
7 219
7 239
7 322
8 160
8 226
8 307
9 24
9 154
9 345
10 86
10 140
10 349
11 26
11 72
11 171
12 43
12 67
12 109
13 55
13 176
13 327
14 99
14 156
14 167
15 179
15 187
15 344
16 25
16 83
16 332
17 35
17 36
17 306
18 181
18 236
18 299
19 45
19 102
19 309
20 44
20 98
20 183
21 135
21 262
21 299
22 81
22 202
22 309
23 29
23 175
23 288
24 137
24 187
25 270
25 289
26 75
26 266
27 55
27 62
27 218
28 50
28 132
28 168
29 113
29 316
30 246
30 313
30 328
31 130
31 282
31 343
32 66
32 129
32 334
33 127
33 128
33 154
34 169
34 254
34 265
35 193
35 306
36 280
36 331
37 212
37 284
37 324
38 43
38 91
38 268
39 239
39 242
39 276
40 68
40 70
40 247
41 229
41 300
41 326
42 101
42 133
43 195
44 178
44 331
45 161
45 338
46 79
46 83
46 296
47 86
47 277
47 344
48 205
48 214
48 288
49 176
49 226
49 265
50 58
50 184
51 61
51 138
51 178
52 163
52 199
52 241
53 84
53 149
53 252
54 89
54 103
54 104
55 344
56 260
56 310
56 317
57 171
57 214
57 259
58 206
58 336
59 125
59 165
59 338
60 115
60 139
60 338
61 63
61 145
62 235
62 289
63 309
63 336
64 94
64 119
64 180
65 103
65 157
65 267
66 93
66 245
67 104
67 123
68 90
68 208
69 126
69 196
69 269
70 125
70 222
71 92
71 107
71 199
72 139
72 287
73 168
73 183
73 188
74 190
74 207
74 230
75 264
76 95
76 211
76 308
77 80
77 259
77 263
78 107
78 342
78 348
79 99
79 325
80 85
80 283
81 323
81 331
82 169
82 286
82 312
83 250
84 109
84 114
85 290
85 330
86 223
87 88
87 297
87 329
88 189
88 194
89 261
89 271
90 172
90 189
91 184
91 285
92 161
92 201
93 317
93 321
94 307
94 321
95 218
95 231
96 163
96 192
96 195
97 120
97 223
97 318
98 174
98 267
99 104
100 216
100 339
101 240
101 321
102 156
102 222
103 222
105 106
105 165
105 170
106 148
106 150
107 197
108 219
108 232
108 293
109 225
110 118
110 248
110 335
111 174
111 268
111 350
112 216
112 236
112 272
113 205
113 245
114 220
114 343
115 335
115 349
116 186
116 274
117 201
117 242
117 330
118 192
118 304
119 213
119 248
120 171
120 301
121 122
121 144
121 240
122 202
122 276
123 131
123 235
124 251
124 290
124 339
125 310
126 159
126 240
127 228
127 340
128 190
128 241
129 153
129 256
130 204
130 281
131 152
131 217
132 271
132 333
133 232
133 277
134 148
134 272
134 298
135 287
135 325
136 181
136 246
137 303
137 350
138 177
138 349
139 282
140 234
140 282
141 167
141 215
141 295
142 149
142 204
142 241
143 255
143 274
143 319
144 145
144 347
145 290
146 173
146 218
146 301
147 157
147 224
147 319
148 277
149 250
150 333
150 337
151 166
151 212
151 341
152 191
153 283
153 298
154 348
155 163
155 206
155 306
156 295
157 337
158 244
158 283
158 315
159 210
159 305
160 185
160 264
161 281
162 268
162 320
162 333
164 185
164 198
165 172
166 256
166 308
167 302
168 200
169 210
170 197
170 208
172 199
173 220
173 303
174 242
175 253
176 207
177 225
177 263
178 238
179 251
179 305
180 322
180 340
181 257
182 200
182 220
182 302
183 236
184 273
185 334
186 255
186 327
187 213
188 237
188 264
189 294
190 258
191 203
191 314
192 336
193 212
194 227
194 298
195 320
196 197
196 226
198 200
198 253
201 328
202 263
203 215
203 313
204 295
205 262
206 311
207 286
208 285
209 294
209 314
209 325
210 262
211 259
211 323
213 221
214 315
215 342
216 225
217 274
217 296
219 312
221 249
221 261
223 235
224 318
227 311
227 316
228 319
228 332
229 233
229 300
230 273
230 303
231 265
232 329
233 239
233 347
234 243
234 250
237 291
238 272
238 345
243 293
243 318
244 252
244 332
245 287
246 267
247 278
247 286
248 273
249 269
249 275
251 255
252 280
253 311
254 297
254 324
256 266
257 260
258 301
258 302
260 327
261 330
266 323
269 346
270 305
270 342
271 292
275 281
275 304
276 314
278 334
278 346
279 280
279 291
279 324
284 312
285 328
288 335
289 304
291 297
292 293
292 341
294 317
299 347
300 326
307 315
308 310
320 339
322 341
326 337
329 350
343 346
345 348
