363 8691
1 2
1 3
1 4
1 5
1 6
1 7
1 8
1 9
1 10
1 11
1 12
1 13
1 14
1 15
1 16
1 33
1 34
1 35
1 36
1 37
1 38
1 39
1 40
1 41
1 42
1 43
1 44
1 45
1 46
1 47
1 48
1 49
1 50
1 51
1 52
1 53
1 54
1 55
1 56
1 57
1 58
1 59
1 60
1 61
1 62
1 63
1 64
1 65
1 66
1 67
1 68
1 69
1 70
1 71
1 72
1 73
1 74
1 75
1 76
1 77
1 78
1 79
1 80
1 81
1 82
1 83
1 84
1 85
1 86
1 87
1 88
1 89
1 90
1 91
1 92
1 93
1 94
1 95
1 96
1 97
1 98
1 99
1 100
1 101
1 102
1 103
1 104
1 105
1 106
1 107
1 108
1 109
1 110
1 111
1 112
1 113
1 114
1 115
1 116
1 117
1 118
1 119
1 120
1 121
1 122
1 123
1 124
1 125
1 126
1 127
1 128
1 129
1 130
1 131
1 132
1 133
1 134
1 135
1 136
1 137
1 138
1 139
1 140
1 141
1 142
1 143
1 144
1 145
1 146
1 147
1 148
1 149
1 150
1 151
1 152
1 153
1 154
1 155
1 156
1 157
1 158
1 159
1 160
1 161
1 162
1 163
1 164
1 165
1 166
1 167
1 168
1 169
1 170
1 171
1 172
1 173
1 174
1 175
1 176
1 177
1 178
1 179
1 180
1 181
1 182
1 183
1 184
1 185
1 186
1 187
1 188
1 189
1 190
1 191
1 192
1 193
1 194
1 195
1 196
1 197
1 198
1 199
1 200
1 201
1 202
1 203
1 204
1 205
1 206
1 207
1 208
1 209
1 210
1 211
1 212
1 213
1 214
1 215
1 216
1 217
1 218
1 219
1 220
1 221
1 222
1 223
1 224
1 225
1 226
1 227
1 228
1 229
1 230
1 231
1 232
1 233
1 234
1 235
1 236
1 237
1 238
1 239
1 240
1 241
1 242
1 243
1 244
1 245
1 246
1 247
1 248
1 249
1 250
1 251
1 252
1 253
1 254
1 255
1 256
1 257
1 258
1 259
1 260
1 261
1 262
1 263
1 264
1 265
1 266
1 267
1 268
1 269
1 270
1 271
1 272
1 273
1 274
1 275
1 276
1 277
1 278
1 279
1 280
1 281
1 282
1 283
1 284
1 285
1 286
1 287
1 288
1 289
1 290
1 291
1 292
1 293
1 294
1 295
1 296
1 297
1 298
1 299
1 300
1 301
1 302
1 303
1 304
1 305
1 306
1 307
1 308
1 309
1 310
1 311
1 312
1 313
1 314
1 315
1 316
1 317
1 318
1 319
1 320
1 321
1 322
1 323
1 324
1 325
1 326
1 327
1 328
1 329
1 330
1 331
1 332
1 333
1 334
1 335
1 336
1 337
1 338
1 339
1 340
1 341
1 342
1 343
1 344
1 345
1 346
1 347
1 348
1 349
1 350
1 351
1 352
1 353
1 354
1 355
1 356
1 357
1 358
1 359
1 360
1 361
1 362
1 363
2 3
2 4
2 5
2 6
2 7
2 8
2 9
2 10
2 11
2 12
2 13
2 14
2 15
2 16
2 33
2 34
2 35
2 36
2 37
2 38
2 39
2 40
2 41
2 42
2 43
2 44
2 45
2 46
2 47
2 48
2 49
2 50
2 51
2 52
2 53
2 54
2 55
2 56
2 57
2 58
2 59
2 60
2 61
2 62
2 63
2 64
2 65
2 66
2 67
2 68
2 69
2 70
2 71
2 72
2 73
2 74
2 75
2 76
2 77
2 78
2 79
2 80
2 81
2 82
2 83
2 84
2 85
2 86
2 87
2 88
2 89
2 90
2 91
2 92
2 93
2 94
2 95
2 96
2 97
2 98
2 99
2 100
2 101
2 102
2 103
2 104
2 105
2 106
2 107
2 108
2 109
2 110
2 111
2 112
2 113
2 114
2 115
2 116
2 117
2 118
2 119
2 120
2 121
2 122
2 123
2 124
2 125
2 126
2 127
2 128
2 129
2 130
2 131
2 132
2 133
2 134
2 135
2 136
2 137
2 138
2 139
2 140
2 141
2 142
2 143
2 144
2 145
2 146
2 147
2 148
2 149
2 150
2 151
2 152
2 153
2 154
2 155
2 156
2 157
2 158
2 159
2 160
2 161
2 162
2 163
2 164
2 165
2 166
2 167
2 168
2 169
2 170
2 171
2 172
2 173
2 174
2 175
2 176
2 177
2 178
2 179
2 180
2 181
2 182
2 183
2 184
2 185
2 186
2 187
2 188
2 189
2 190
2 191
2 192
2 193
2 194
2 195
2 196
2 197
2 198
2 199
2 200
2 201
2 202
2 203
2 204
2 205
2 206
2 207
2 208
2 209
2 210
2 211
2 212
2 213
2 214
2 215
2 216
2 217
2 218
2 219
2 220
2 221
2 222
2 223
2 224
2 225
2 226
2 227
2 228
2 229
2 230
2 231
2 232
2 233
2 234
2 235
2 236
2 237
2 238
2 239
2 240
2 241
2 242
2 243
2 244
2 245
2 246
2 247
2 248
2 249
2 250
2 251
2 252
2 253
2 254
2 255
2 256
2 257
2 258
2 259
2 260
2 261
2 262
2 263
2 264
2 265
2 266
2 267
2 268
2 269
2 270
2 271
2 272
2 273
2 274
2 275
2 276
2 277
2 278
2 279
2 280
2 281
2 282
2 283
2 284
2 285
2 286
2 287
2 288
2 289
2 290
2 291
2 292
2 293
2 294
2 295
2 296
2 297
2 298
2 299
2 300
2 301
2 302
2 303
2 304
2 305
2 306
2 307
2 308
2 309
2 310
2 311
2 312
2 313
2 314
2 315
2 316
2 317
2 318
2 319
2 320
2 321
2 322
2 323
2 324
2 325
2 326
2 327
2 328
2 329
2 330
2 331
2 332
2 333
2 334
2 335
2 336
2 337
2 338
2 339
2 340
2 341
2 342
2 343
2 344
2 345
2 346
2 347
2 348
2 349
2 350
2 351
2 352
2 353
2 354
2 355
2 356
2 357
2 358
2 359
2 360
2 361
2 362
2 363
3 4
3 5
3 6
3 7
3 8
3 9
3 10
3 11
3 12
3 13
3 14
3 15
3 16
3 38
3 62
3 63
3 64
3 65
3 66
3 67
3 68
3 69
3 70
3 104
3 144
3 170
3 171
3 172
3 173
3 174
3 175
3 176
3 177
3 196
3 197
3 198
3 199
3 200
3 234
3 235
3 294
3 295
3 296
3 314
3 315
3 332
3 345
3 346
3 347
3 358
4 5
4 6
4 7
4 8
4 9
4 10
4 11
4 12
4 13
4 14
4 15
4 16
4 38
4 62
4 63
4 64
4 65
4 66
4 67
4 68
4 69
4 70
4 104
4 144
4 170
4 171
4 172
4 173
4 174
4 175
4 176
4 177
4 196
4 197
4 198
4 199
4 200
4 234
4 235
4 294
4 295
4 296
4 314
4 315
4 332
4 345
4 346
4 347
4 358
5 6
5 7
5 8
5 9
5 10
5 11
5 12
5 13
5 14
5 15
5 16
5 38
5 54
5 62
5 63
5 64
5 65
5 66
5 67
5 68
5 69
5 70
5 104
5 144
5 170
5 171
5 172
5 173
5 174
5 175
5 176
5 177
5 196
5 197
5 198
5 199
5 200
5 220
5 234
5 235
5 294
5 295
5 296
5 314
5 315
5 332
5 345
5 346
5 347
5 358
6 7
6 8
6 9
6 10
6 11
6 12
6 13
6 14
6 15
6 16
6 38
6 54
6 55
6 62
6 63
6 64
6 65
6 66
6 67
6 68
6 69
6 70
6 104
6 144
6 170
6 171
6 172
6 173
6 174
6 175
6 176
6 177
6 196
6 197
6 198
6 199
6 200
6 219
6 220
6 234
6 235
6 294
6 295
6 296
6 314
6 315
6 332
6 345
6 346
6 347
6 358
7 8
7 9
7 10
7 11
7 12
7 13
7 14
7 15
7 16
7 38
7 54
7 55
7 56
7 62
7 63
7 64
7 65
7 66
7 67
7 68
7 69
7 70
7 104
7 144
7 170
7 171
7 172
7 173
7 174
7 175
7 176
7 177
7 196
7 197
7 198
7 199
7 200
7 218
7 219
7 220
7 234
7 235
7 294
7 295
7 296
7 314
7 315
7 332
7 345
7 346
7 347
7 358
8 9
8 10
8 11
8 12
8 13
8 14
8 15
8 16
8 38
8 54
8 55
8 56
8 57
8 62
8 63
8 64
8 65
8 66
8 67
8 68
8 69
8 70
8 104
8 144
8 170
8 171
8 172
8 173
8 174
8 175
8 176
8 177
8 196
8 197
8 198
8 199
8 200
8 217
8 218
8 219
8 220
8 234
8 235
8 294
8 295
8 296
8 314
8 315
8 332
8 345
8 346
8 347
8 358
9 10
9 11
9 12
9 13
9 14
9 15
9 16
9 38
9 54
9 55
9 56
9 57
9 58
9 62
9 63
9 64
9 65
9 66
9 67
9 68
9 69
9 70
9 104
9 144
9 170
9 171
9 172
9 173
9 174
9 175
9 176
9 177
9 196
9 197
9 198
9 199
9 200
9 216
9 217
9 218
9 219
9 220
9 234
9 235
9 294
9 295
9 296
9 314
9 315
9 332
9 345
9 346
9 347
9 358
10 11
10 12
10 13
10 14
10 15
10 16
10 38
10 54
10 55
10 56
10 57
10 58
10 59
10 62
10 63
10 64
10 65
10 66
10 67
10 68
10 69
10 70
10 104
10 144
10 170
10 171
10 172
10 173
10 174
10 175
10 176
10 177
10 196
10 197
10 198
10 199
10 200
10 215
10 216
10 217
10 218
10 219
10 220
10 234
10 235
10 294
10 295
10 296
10 314
10 315
10 332
10 345
10 346
10 347
10 358
11 12
11 13
11 14
11 15
11 16
11 35
11 36
11 38
11 41
11 54
11 55
11 56
11 57
11 58
11 59
11 60
11 61
11 62
11 63
11 64
11 65
11 66
11 67
11 68
11 69
11 70
11 73
11 78
11 104
11 116
11 135
11 138
11 144
11 170
11 171
11 172
11 173
11 174
11 175
11 176
11 177
11 196
11 197
11 198
11 199
11 200
11 234
11 235
11 245
11 275
11 294
11 295
11 296
11 314
11 315
11 332
11 345
11 346
11 347
11 358
12 13
12 14
12 15
12 16
12 35
12 36
12 38
12 41
12 54
12 55
12 56
12 57
12 58
12 59
12 60
12 61
12 62
12 63
12 64
12 65
12 66
12 67
12 68
12 69
12 70
12 71
12 72
12 73
12 78
12 104
12 116
12 135
12 138
12 144
12 170
12 171
12 172
12 173
12 174
12 175
12 176
12 177
12 196
12 197
12 198
12 199
12 200
12 234
12 235
12 245
12 275
12 294
12 295
12 296
12 314
12 315
12 332
12 345
12 346
12 347
12 358
13 14
13 15
13 16
13 33
13 35
13 36
13 38
13 41
13 54
13 55
13 56
13 57
13 58
13 59
13 60
13 61
13 62
13 63
13 64
13 65
13 66
13 67
13 68
13 69
13 70
13 71
13 72
13 73
13 78
13 104
13 116
13 135
13 138
13 144
13 170
13 171
13 172
13 173
13 174
13 175
13 176
13 177
13 196
13 197
13 198
13 199
13 200
13 234
13 235
13 245
13 275
13 294
13 295
13 296
13 314
13 315
13 332
13 345
13 346
13 347
13 358
14 15
14 16
14 33
14 35
14 36
14 38
14 41
14 54
14 55
14 56
14 57
14 58
14 59
14 60
14 61
14 62
14 63
14 64
14 65
14 66
14 67
14 68
14 69
14 70
14 71
14 72
14 73
14 74
14 75
14 78
14 104
14 116
14 135
14 138
14 144
14 170
14 171
14 172
14 173
14 174
14 175
14 176
14 177
14 196
14 197
14 198
14 199
14 200
14 234
14 235
14 245
14 275
14 294
14 295
14 296
14 314
14 315
14 332
14 345
14 346
14 347
14 358
15 16
15 35
15 36
15 38
15 41
15 62
15 63
15 64
15 65
15 66
15 67
15 68
15 69
15 70
15 73
15 78
15 104
15 116
15 135
15 138
15 144
15 170
15 171
15 172
15 173
15 174
15 175
15 176
15 177
15 196
15 197
15 198
15 199
15 200
15 234
15 235
15 245
15 275
15 294
15 295
15 296
15 314
15 315
15 332
15 345
15 346
15 347
15 358
16 35
16 36
16 38
16 41
16 54
16 55
16 56
16 57
16 58
16 59
16 60
16 62
16 63
16 64
16 65
16 66
16 67
16 68
16 69
16 70
16 73
16 78
16 104
16 116
16 135
16 138
16 144
16 170
16 171
16 172
16 173
16 174
16 175
16 176
16 177
16 196
16 197
16 198
16 199
16 200
16 214
16 215
16 216
16 217
16 218
16 219
16 220
16 234
16 235
16 245
16 275
16 294
16 295
16 296
16 314
16 315
16 332
16 345
16 346
16 347
16 358
17 18
17 19
17 20
17 21
17 22
17 23
17 24
17 25
17 26
17 27
17 28
17 29
17 30
17 31
17 32
17 33
17 34
17 35
17 36
17 37
17 38
17 39
17 40
17 41
17 42
17 43
17 44
17 45
17 46
17 47
17 48
17 49
17 50
17 51
17 52
17 53
17 54
17 55
17 56
17 57
17 58
17 59
17 60
17 61
17 62
17 63
17 64
17 65
17 66
17 67
17 68
17 69
17 70
17 71
17 72
17 73
17 74
17 75
17 76
17 77
17 78
17 79
17 80
17 81
17 82
17 83
17 84
17 85
17 86
17 87
17 88
17 89
17 90
17 91
17 92
17 93
17 94
17 95
17 96
17 97
17 98
17 99
17 100
17 101
17 102
17 103
17 104
17 105
17 106
17 107
17 108
17 109
17 110
17 111
17 112
17 113
17 114
17 115
17 116
17 117
17 118
17 119
17 120
17 121
17 122
17 123
17 124
17 125
17 126
17 127
17 128
17 129
17 130
17 131
17 132
17 133
17 134
17 135
17 136
17 137
17 138
17 139
17 140
17 141
17 142
17 143
17 144
17 145
17 146
17 147
17 148
17 149
17 150
17 151
17 152
17 153
17 154
17 155
17 156
17 157
17 158
17 159
17 160
17 161
17 162
17 163
17 164
17 165
17 166
17 167
17 168
17 169
17 170
17 171
17 172
17 173
17 174
17 175
17 176
17 177
17 178
17 179
17 180
17 181
17 182
17 183
17 184
17 185
17 186
17 187
17 188
17 189
17 190
17 191
17 192
17 193
17 194
17 195
17 196
17 197
17 198
17 199
17 200
17 201
17 202
17 203
17 204
17 205
17 206
17 207
17 208
17 209
17 210
17 211
17 212
17 213
17 214
17 215
17 216
17 217
17 218
17 219
17 220
17 221
17 222
17 223
17 224
17 225
17 226
17 227
17 228
17 229
17 230
17 231
17 232
17 233
17 234
17 235
17 236
17 237
17 238
17 239
17 240
17 241
17 242
17 243
17 244
17 245
17 246
17 247
17 248
17 249
17 250
17 251
17 252
17 253
17 254
17 255
17 256
17 257
17 258
17 259
17 260
17 261
17 262
17 263
17 264
17 265
17 266
17 267
17 268
17 269
17 270
17 271
17 272
17 273
17 274
17 275
17 276
17 277
17 278
17 279
17 280
17 281
17 282
17 283
17 284
17 285
17 286
17 287
17 288
17 289
17 290
17 291
17 292
17 293
17 294
17 295
17 296
17 297
17 298
17 299
17 300
17 301
17 302
17 303
17 304
17 305
17 306
17 307
17 308
17 309
17 310
17 311
17 312
17 313
17 314
17 315
17 316
17 317
17 318
17 319
17 320
17 321
17 322
17 323
17 324
17 325
17 326
17 327
17 328
17 329
17 330
17 331
17 332
17 333
17 334
17 335
17 336
17 337
17 338
17 339
17 340
17 341
17 342
17 343
17 344
17 345
17 346
17 347
17 348
17 349
17 350
17 351
17 352
17 353
17 354
17 355
17 356
17 357
17 358
17 359
17 360
17 361
17 362
17 363
18 19
18 20
18 21
18 22
18 23
18 24
18 25
18 26
18 27
18 28
18 29
18 30
18 31
18 32
18 33
18 34
18 35
18 36
18 37
18 39
18 40
18 41
18 42
18 43
18 44
18 45
18 46
18 47
18 48
18 49
18 50
18 51
18 52
18 53
18 54
18 55
18 56
18 57
18 58
18 59
18 60
18 61
18 71
18 72
18 73
18 74
18 75
18 76
18 77
18 78
18 79
18 80
18 81
18 82
18 83
18 84
18 85
18 86
18 87
18 88
18 89
18 90
18 91
18 92
18 93
18 94
18 95
18 96
18 97
18 98
18 99
18 100
18 101
18 102
18 103
18 105
18 106
18 107
18 108
18 109
18 110
18 111
18 112
18 113
18 114
18 115
18 116
18 117
18 118
18 119
18 120
18 121
18 122
18 123
18 124
18 125
18 126
18 127
18 128
18 129
18 130
18 131
18 132
18 133
18 134
18 135
18 136
18 137
18 138
18 139
18 140
18 141
18 142
18 143
18 145
18 146
18 147
18 148
18 149
18 150
18 151
18 152
18 153
18 154
18 155
18 156
18 157
18 158
18 159
18 160
18 161
18 162
18 163
18 164
18 165
18 166
18 167
18 168
18 169
18 178
18 179
18 180
18 181
18 182
18 183
18 184
18 185
18 186
18 187
18 188
18 189
18 190
18 191
18 192
18 193
18 194
18 195
18 201
18 202
18 203
18 204
18 205
18 206
18 207
18 208
18 209
18 210
18 211
18 212
18 213
18 214
18 215
18 216
18 217
18 218
18 219
18 220
18 221
18 222
18 223
18 224
18 225
18 226
18 227
18 228
18 229
18 230
18 231
18 232
18 233
18 236
18 237
18 238
18 239
18 240
18 241
18 242
18 243
18 244
18 245
18 246
18 247
18 248
18 249
18 250
18 251
18 252
18 253
18 254
18 255
18 256
18 257
18 258
18 259
18 260
18 261
18 262
18 263
18 264
18 265
18 266
18 267
18 268
18 269
18 270
18 271
18 272
18 273
18 274
18 275
18 276
18 277
18 278
18 279
18 280
18 281
18 282
18 283
18 284
18 285
18 286
18 287
18 288
18 289
18 290
18 291
18 292
18 293
18 297
18 298
18 299
18 300
18 301
18 302
18 303
18 304
18 305
18 306
18 307
18 308
18 309
18 310
18 311
18 312
18 313
18 316
18 317
18 318
18 319
18 320
18 321
18 322
18 323
18 324
18 325
18 326
18 327
18 328
18 329
18 330
18 331
18 333
18 334
18 335
18 336
18 337
18 338
18 339
18 340
18 341
18 342
18 343
18 344
18 348
18 349
18 350
18 351
18 352
18 353
18 354
18 355
18 356
18 357
18 359
18 360
18 361
18 362
18 363
19 20
19 21
19 22
19 23
19 24
19 25
19 26
19 27
19 28
19 29
19 30
19 31
19 32
19 33
19 34
19 35
19 36
19 37
19 39
19 40
19 41
19 42
19 43
19 44
19 45
19 46
19 47
19 48
19 49
19 50
19 51
19 52
19 53
19 54
19 55
19 56
19 57
19 58
19 59
19 60
19 61
19 62
19 71
19 72
19 73
19 74
19 75
19 76
19 77
19 78
19 79
19 80
19 81
19 82
19 83
19 84
19 85
19 86
19 87
19 88
19 89
19 90
19 91
19 92
19 93
19 94
19 95
19 96
19 97
19 98
19 99
19 100
19 101
19 102
19 103
19 105
19 106
19 107
19 108
19 109
19 110
19 111
19 112
19 113
19 114
19 115
19 116
19 117
19 118
19 119
19 120
19 121
19 122
19 123
19 124
19 125
19 126
19 127
19 128
19 129
19 130
19 131
19 132
19 133
19 134
19 135
19 136
19 137
19 138
19 139
19 140
19 141
19 142
19 143
19 145
19 146
19 147
19 148
19 149
19 150
19 151
19 152
19 153
19 154
19 155
19 156
19 157
19 158
19 159
19 160
19 161
19 162
19 163
19 164
19 165
19 166
19 167
19 168
19 169
19 178
19 179
19 180
19 181
19 182
19 183
19 184
19 185
19 186
19 187
19 188
19 189
19 190
19 191
19 192
19 193
19 194
19 195
19 201
19 202
19 203
19 204
19 205
19 206
19 207
19 208
19 209
19 210
19 211
19 212
19 213
19 214
19 215
19 216
19 217
19 218
19 219
19 220
19 221
19 222
19 223
19 224
19 225
19 226
19 227
19 228
19 229
19 230
19 231
19 232
19 233
19 236
19 237
19 238
19 239
19 240
19 241
19 242
19 243
19 244
19 245
19 246
19 247
19 248
19 249
19 250
19 251
19 252
19 253
19 254
19 255
19 256
19 257
19 258
19 259
19 260
19 261
19 262
19 263
19 264
19 265
19 266
19 267
19 268
19 269
19 270
19 271
19 272
19 273
19 274
19 275
19 276
19 277
19 278
19 279
19 280
19 281
19 282
19 283
19 284
19 285
19 286
19 287
19 288
19 289
19 290
19 291
19 292
19 293
19 297
19 298
19 299
19 300
19 301
19 302
19 303
19 304
19 305
19 306
19 307
19 308
19 309
19 310
19 311
19 312
19 313
19 316
19 317
19 318
19 319
19 320
19 321
19 322
19 323
19 324
19 325
19 326
19 327
19 328
19 329
19 330
19 331
19 333
19 334
19 335
19 336
19 337
19 338
19 339
19 340
19 341
19 342
19 343
19 344
19 348
19 349
19 350
19 351
19 352
19 353
19 354
19 355
19 356
19 357
19 359
19 360
19 361
19 362
19 363
20 21
20 22
20 23
20 24
20 25
20 26
20 27
20 28
20 29
20 30
20 31
20 32
20 33
20 34
20 35
20 36
20 37
20 39
20 40
20 41
20 42
20 43
20 44
20 45
20 46
20 47
20 48
20 49
20 50
20 51
20 52
20 53
20 54
20 55
20 56
20 57
20 58
20 59
20 60
20 61
20 62
20 63
20 71
20 72
20 73
20 74
20 75
20 76
20 77
20 78
20 79
20 80
20 81
20 82
20 83
20 84
20 85
20 86
20 87
20 88
20 89
20 90
20 91
20 92
20 93
20 94
20 95
20 96
20 97
20 98
20 99
20 100
20 101
20 102
20 103
20 105
20 106
20 107
20 108
20 109
20 110
20 111
20 112
20 113
20 114
20 115
20 116
20 117
20 118
20 119
20 120
20 121
20 122
20 123
20 124
20 125
20 126
20 127
20 128
20 129
20 130
20 131
20 132
20 133
20 134
20 135
20 136
20 137
20 138
20 139
20 140
20 141
20 142
20 143
20 145
20 146
20 147
20 148
20 149
20 150
20 151
20 152
20 153
20 154
20 155
20 156
20 157
20 158
20 159
20 160
20 161
20 162
20 163
20 164
20 165
20 166
20 167
20 168
20 169
20 178
20 179
20 180
20 181
20 182
20 183
20 184
20 185
20 186
20 187
20 188
20 189
20 190
20 191
20 192
20 193
20 194
20 195
20 201
20 202
20 203
20 204
20 205
20 206
20 207
20 208
20 209
20 210
20 211
20 212
20 213
20 214
20 215
20 216
20 217
20 218
20 219
20 220
20 221
20 222
20 223
20 224
20 225
20 226
20 227
20 228
20 229
20 230
20 231
20 232
20 233
20 236
20 237
20 238
20 239
20 240
20 241
20 242
20 243
20 244
20 245
20 246
20 247
20 248
20 249
20 250
20 251
20 252
20 253
20 254
20 255
20 256
20 257
20 258
20 259
20 260
20 261
20 262
20 263
20 264
20 265
20 266
20 267
20 268
20 269
20 270
20 271
20 272
20 273
20 274
20 275
20 276
20 277
20 278
20 279
20 280
20 281
20 282
20 283
20 284
20 285
20 286
20 287
20 288
20 289
20 290
20 291
20 292
20 293
20 297
20 298
20 299
20 300
20 301
20 302
20 303
20 304
20 305
20 306
20 307
20 308
20 309
20 310
20 311
20 312
20 313
20 316
20 317
20 318
20 319
20 320
20 321
20 322
20 323
20 324
20 325
20 326
20 327
20 328
20 329
20 330
20 331
20 333
20 334
20 335
20 336
20 337
20 338
20 339
20 340
20 341
20 342
20 343
20 344
20 348
20 349
20 350
20 351
20 352
20 353
20 354
20 355
20 356
20 357
20 359
20 360
20 361
20 362
20 363
21 22
21 23
21 24
21 25
21 26
21 27
21 28
21 29
21 30
21 31
21 32
21 33
21 34
21 35
21 36
21 37
21 39
21 40
21 41
21 42
21 43
21 44
21 45
21 46
21 47
21 48
21 49
21 50
21 51
21 52
21 53
21 54
21 55
21 56
21 57
21 58
21 59
21 60
21 61
21 62
21 63
21 64
21 71
21 72
21 73
21 74
21 75
21 76
21 77
21 78
21 79
21 80
21 81
21 82
21 83
21 84
21 85
21 86
21 87
21 88
21 89
21 90
21 91
21 92
21 93
21 94
21 95
21 96
21 97
21 98
21 99
21 100
21 101
21 102
21 103
21 105
21 106
21 107
21 108
21 109
21 110
21 111
21 112
21 113
21 114
21 115
21 116
21 117
21 118
21 119
21 120
21 121
21 122
21 123
21 124
21 125
21 126
21 127
21 128
21 129
21 130
21 131
21 132
21 133
21 134
21 135
21 136
21 137
21 138
21 139
21 140
21 141
21 142
21 143
21 145
21 146
21 147
21 148
21 149
21 150
21 151
21 152
21 153
21 154
21 155
21 156
21 157
21 158
21 159
21 160
21 161
21 162
21 163
21 164
21 165
21 166
21 167
21 168
21 169
21 178
21 179
21 180
21 181
21 182
21 183
21 184
21 185
21 186
21 187
21 188
21 189
21 190
21 191
21 192
21 193
21 194
21 195
21 201
21 202
21 203
21 204
21 205
21 206
21 207
21 208
21 209
21 210
21 211
21 212
21 213
21 214
21 215
21 216
21 217
21 218
21 219
21 220
21 221
21 222
21 223
21 224
21 225
21 226
21 227
21 228
21 229
21 230
21 231
21 232
21 233
21 236
21 237
21 238
21 239
21 240
21 241
21 242
21 243
21 244
21 245
21 246
21 247
21 248
21 249
21 250
21 251
21 252
21 253
21 254
21 255
21 256
21 257
21 258
21 259
21 260
21 261
21 262
21 263
21 264
21 265
21 266
21 267
21 268
21 269
21 270
21 271
21 272
21 273
21 274
21 275
21 276
21 277
21 278
21 279
21 280
21 281
21 282
21 283
21 284
21 285
21 286
21 287
21 288
21 289
21 290
21 291
21 292
21 293
21 297
21 298
21 299
21 300
21 301
21 302
21 303
21 304
21 305
21 306
21 307
21 308
21 309
21 310
21 311
21 312
21 313
21 316
21 317
21 318
21 319
21 320
21 321
21 322
21 323
21 324
21 325
21 326
21 327
21 328
21 329
21 330
21 331
21 333
21 334
21 335
21 336
21 337
21 338
21 339
21 340
21 341
21 342
21 343
21 344
21 348
21 349
21 350
21 351
21 352
21 353
21 354
21 355
21 356
21 357
21 359
21 360
21 361
21 362
21 363
22 23
22 24
22 25
22 26
22 27
22 28
22 29
22 30
22 31
22 32
22 33
22 34
22 35
22 36
22 37
22 39
22 40
22 41
22 42
22 43
22 44
22 45
22 46
22 47
22 48
22 49
22 50
22 51
22 52
22 53
22 54
22 55
22 56
22 57
22 58
22 59
22 60
22 61
22 62
22 63
22 64
22 65
22 71
22 72
22 73
22 74
22 75
22 76
22 77
22 78
22 79
22 80
22 81
22 82
22 83
22 84
22 85
22 86
22 87
22 88
22 89
22 90
22 91
22 92
22 93
22 94
22 95
22 96
22 97
22 98
22 99
22 100
22 101
22 102
22 103
22 105
22 106
22 107
22 108
22 109
22 110
22 111
22 112
22 113
22 114
22 115
22 116
22 117
22 118
22 119
22 120
22 121
22 122
22 123
22 124
22 125
22 126
22 127
22 128
22 129
22 130
22 131
22 132
22 133
22 134
22 135
22 136
22 137
22 138
22 139
22 140
22 141
22 142
22 143
22 145
22 146
22 147
22 148
22 149
22 150
22 151
22 152
22 153
22 154
22 155
22 156
22 157
22 158
22 159
22 160
22 161
22 162
22 163
22 164
22 165
22 166
22 167
22 168
22 169
22 178
22 179
22 180
22 181
22 182
22 183
22 184
22 185
22 186
22 187
22 188
22 189
22 190
22 191
22 192
22 193
22 194
22 195
22 201
22 202
22 203
22 204
22 205
22 206
22 207
22 208
22 209
22 210
22 211
22 212
22 213
22 214
22 215
22 216
22 217
22 218
22 219
22 220
22 221
22 222
22 223
22 224
22 225
22 226
22 227
22 228
22 229
22 230
22 231
22 232
22 233
22 236
22 237
22 238
22 239
22 240
22 241
22 242
22 243
22 244
22 245
22 246
22 247
22 248
22 249
22 250
22 251
22 252
22 253
22 254
22 255
22 256
22 257
22 258
22 259
22 260
22 261
22 262
22 263
22 264
22 265
22 266
22 267
22 268
22 269
22 270
22 271
22 272
22 273
22 274
22 275
22 276
22 277
22 278
22 279
22 280
22 281
22 282
22 283
22 284
22 285
22 286
22 287
22 288
22 289
22 290
22 291
22 292
22 293
22 297
22 298
22 299
22 300
22 301
22 302
22 303
22 304
22 305
22 306
22 307
22 308
22 309
22 310
22 311
22 312
22 313
22 316
22 317
22 318
22 319
22 320
22 321
22 322
22 323
22 324
22 325
22 326
22 327
22 328
22 329
22 330
22 331
22 333
22 334
22 335
22 336
22 337
22 338
22 339
22 340
22 341
22 342
22 343
22 344
22 348
22 349
22 350
22 351
22 352
22 353
22 354
22 355
22 356
22 357
22 359
22 360
22 361
22 362
22 363
23 24
23 25
23 26
23 27
23 28
23 29
23 30
23 31
23 32
23 33
23 34
23 35
23 36
23 37
23 39
23 40
23 41
23 42
23 43
23 44
23 45
23 46
23 47
23 48
23 49
23 50
23 51
23 52
23 53
23 54
23 55
23 56
23 57
23 58
23 59
23 60
23 61
23 62
23 63
23 64
23 65
23 66
23 71
23 72
23 73
23 74
23 75
23 76
23 77
23 78
23 79
23 80
23 81
23 82
23 83
23 84
23 85
23 86
23 87
23 88
23 89
23 90
23 91
23 92
23 93
23 94
23 95
23 96
23 97
23 98
23 99
23 100
23 101
23 102
23 103
23 105
23 106
23 107
23 108
23 109
23 110
23 111
23 112
23 113
23 114
23 115
23 116
23 117
23 118
23 119
23 120
23 121
23 122
23 123
23 124
23 125
23 126
23 127
23 128
23 129
23 130
23 131
23 132
23 133
23 134
23 135
23 136
23 137
23 138
23 139
23 140
23 141
23 142
23 143
23 145
23 146
23 147
23 148
23 149
23 150
23 151
23 152
23 153
23 154
23 155
23 156
23 157
23 158
23 159
23 160
23 161
23 162
23 163
23 164
23 165
23 166
23 167
23 168
23 169
23 178
23 179
23 180
23 181
23 182
23 183
23 184
23 185
23 186
23 187
23 188
23 189
23 190
23 191
23 192
23 193
23 194
23 195
23 201
23 202
23 203
23 204
23 205
23 206
23 207
23 208
23 209
23 210
23 211
23 212
23 213
23 214
23 215
23 216
23 217
23 218
23 219
23 220
23 221
23 222
23 223
23 224
23 225
23 226
23 227
23 228
23 229
23 230
23 231
23 232
23 233
23 236
23 237
23 238
23 239
23 240
23 241
23 242
23 243
23 244
23 245
23 246
23 247
23 248
23 249
23 250
23 251
23 252
23 253
23 254
23 255
23 256
23 257
23 258
23 259
23 260
23 261
23 262
23 263
23 264
23 265
23 266
23 267
23 268
23 269
23 270
23 271
23 272
23 273
23 274
23 275
23 276
23 277
23 278
23 279
23 280
23 281
23 282
23 283
23 284
23 285
23 286
23 287
23 288
23 289
23 290
23 291
23 292
23 293
23 297
23 298
23 299
23 300
23 301
23 302
23 303
23 304
23 305
23 306
23 307
23 308
23 309
23 310
23 311
23 312
23 313
23 316
23 317
23 318
23 319
23 320
23 321
23 322
23 323
23 324
23 325
23 326
23 327
23 328
23 329
23 330
23 331
23 333
23 334
23 335
23 336
23 337
23 338
23 339
23 340
23 341
23 342
23 343
23 344
23 348
23 349
23 350
23 351
23 352
23 353
23 354
23 355
23 356
23 357
23 359
23 360
23 361
23 362
23 363
24 25
24 26
24 27
24 28
24 29
24 30
24 31
24 32
24 33
24 34
24 35
24 36
24 37
24 39
24 40
24 41
24 42
24 43
24 44
24 45
24 46
24 47
24 48
24 49
24 50
24 51
24 52
24 53
24 54
24 55
24 56
24 57
24 58
24 59
24 60
24 61
24 62
24 63
24 64
24 65
24 66
24 67
24 71
24 72
24 73
24 74
24 75
24 76
24 77
24 78
24 79
24 80
24 81
24 82
24 83
24 84
24 85
24 86
24 87
24 88
24 89
24 90
24 91
24 92
24 93
24 94
24 95
24 96
24 97
24 98
24 99
24 100
24 101
24 102
24 103
24 105
24 106
24 107
24 108
24 109
24 110
24 111
24 112
24 113
24 114
24 115
24 116
24 117
24 118
24 119
24 120
24 121
24 122
24 123
24 124
24 125
24 126
24 127
24 128
24 129
24 130
24 131
24 132
24 133
24 134
24 135
24 136
24 137
24 138
24 139
24 140
24 141
24 142
24 143
24 145
24 146
24 147
24 148
24 149
24 150
24 151
24 152
24 153
24 154
24 155
24 156
24 157
24 158
24 159
24 160
24 161
24 162
24 163
24 164
24 165
24 166
24 167
24 168
24 169
24 178
24 179
24 180
24 181
24 182
24 183
24 184
24 185
24 186
24 187
24 188
24 189
24 190
24 191
24 192
24 193
24 194
24 195
24 201
24 202
24 203
24 204
24 205
24 206
24 207
24 208
24 209
24 210
24 211
24 212
24 213
24 214
24 215
24 216
24 217
24 218
24 219
24 220
24 221
24 222
24 223
24 224
24 225
24 226
24 227
24 228
24 229
24 230
24 231
24 232
24 233
24 236
24 237
24 238
24 239
24 240
24 241
24 242
24 243
24 244
24 245
24 246
24 247
24 248
24 249
24 250
24 251
24 252
24 253
24 254
24 255
24 256
24 257
24 258
24 259
24 260
24 261
24 262
24 263
24 264
24 265
24 266
24 267
24 268
24 269
24 270
24 271
24 272
24 273
24 274
24 275
24 276
24 277
24 278
24 279
24 280
24 281
24 282
24 283
24 284
24 285
24 286
24 287
24 288
24 289
24 290
24 291
24 292
24 293
24 297
24 298
24 299
24 300
24 301
24 302
24 303
24 304
24 305
24 306
24 307
24 308
24 309
24 310
24 311
24 312
24 313
24 316
24 317
24 318
24 319
24 320
24 321
24 322
24 323
24 324
24 325
24 326
24 327
24 328
24 329
24 330
24 331
24 333
24 334
24 335
24 336
24 337
24 338
24 339
24 340
24 341
24 342
24 343
24 344
24 348
24 349
24 350
24 351
24 352
24 353
24 354
24 355
24 356
24 357
24 359
24 360
24 361
24 362
24 363
25 26
25 27
25 28
25 29
25 30
25 31
25 32
25 33
25 34
25 35
25 36
25 37
25 39
25 40
25 41
25 42
25 43
25 44
25 45
25 46
25 47
25 48
25 49
25 50
25 51
25 52
25 53
25 54
25 55
25 56
25 57
25 58
25 59
25 60
25 61
25 62
25 63
25 64
25 65
25 66
25 67
25 68
25 71
25 72
25 73
25 74
25 75
25 76
25 77
25 78
25 79
25 80
25 81
25 82
25 83
25 84
25 85
25 86
25 87
25 88
25 89
25 90
25 91
25 92
25 93
25 94
25 95
25 96
25 97
25 98
25 99
25 100
25 101
25 102
25 103
25 105
25 106
25 107
25 108
25 109
25 110
25 111
25 112
25 113
25 114
25 115
25 116
25 117
25 118
25 119
25 120
25 121
25 122
25 123
25 124
25 125
25 126
25 127
25 128
25 129
25 130
25 131
25 132
25 133
25 134
25 135
25 136
25 137
25 138
25 139
25 140
25 141
25 142
25 143
25 145
25 146
25 147
25 148
25 149
25 150
25 151
25 152
25 153
25 154
25 155
25 156
25 157
25 158
25 159
25 160
25 161
25 162
25 163
25 164
25 165
25 166
25 167
25 168
25 169
25 178
25 179
25 180
25 181
25 182
25 183
25 184
25 185
25 186
25 187
25 188
25 189
25 190
25 191
25 192
25 193
25 194
25 195
25 201
25 202
25 203
25 204
25 205
25 206
25 207
25 208
25 209
25 210
25 211
25 212
25 213
25 214
25 215
25 216
25 217
25 218
25 219
25 220
25 221
25 222
25 223
25 224
25 225
25 226
25 227
25 228
25 229
25 230
25 231
25 232
25 233
25 236
25 237
25 238
25 239
25 240
25 241
25 242
25 243
25 244
25 245
25 246
25 247
25 248
25 249
25 250
25 251
25 252
25 253
25 254
25 255
25 256
25 257
25 258
25 259
25 260
25 261
25 262
25 263
25 264
25 265
25 266
25 267
25 268
25 269
25 270
25 271
25 272
25 273
25 274
25 275
25 276
25 277
25 278
25 279
25 280
25 281
25 282
25 283
25 284
25 285
25 286
25 287
25 288
25 289
25 290
25 291
25 292
25 293
25 297
25 298
25 299
25 300
25 301
25 302
25 303
25 304
25 305
25 306
25 307
25 308
25 309
25 310
25 311
25 312
25 313
25 316
25 317
25 318
25 319
25 320
25 321
25 322
25 323
25 324
25 325
25 326
25 327
25 328
25 329
25 330
25 331
25 333
25 334
25 335
25 336
25 337
25 338
25 339
25 340
25 341
25 342
25 343
25 344
25 348
25 349
25 350
25 351
25 352
25 353
25 354
25 355
25 356
25 357
25 359
25 360
25 361
25 362
25 363
26 27
26 28
26 29
26 30
26 31
26 32
26 33
26 34
26 35
26 36
26 37
26 39
26 40
26 41
26 42
26 43
26 44
26 45
26 46
26 47
26 48
26 49
26 50
26 51
26 52
26 53
26 54
26 55
26 56
26 57
26 58
26 59
26 60
26 61
26 62
26 63
26 64
26 65
26 66
26 67
26 68
26 69
26 71
26 72
26 73
26 74
26 75
26 76
26 77
26 78
26 79
26 80
26 81
26 82
26 83
26 84
26 85
26 86
26 87
26 88
26 89
26 90
26 91
26 92
26 93
26 94
26 95
26 96
26 97
26 98
26 99
26 100
26 101
26 102
26 103
26 105
26 106
26 107
26 108
26 109
26 110
26 111
26 112
26 113
26 114
26 115
26 116
26 117
26 118
26 119
26 120
26 121
26 122
26 123
26 124
26 125
26 126
26 127
26 128
26 129
26 130
26 131
26 132
26 133
26 134
26 135
26 136
26 137
26 138
26 139
26 140
26 141
26 142
26 143
26 145
26 146
26 147
26 148
26 149
26 150
26 151
26 152
26 153
26 154
26 155
26 156
26 157
26 158
26 159
26 160
26 161
26 162
26 163
26 164
26 165
26 166
26 167
26 168
26 169
26 178
26 179
26 180
26 181
26 182
26 183
26 184
26 185
26 186
26 187
26 188
26 189
26 190
26 191
26 192
26 193
26 194
26 195
26 201
26 202
26 203
26 204
26 205
26 206
26 207
26 208
26 209
26 210
26 211
26 212
26 213
26 214
26 215
26 216
26 217
26 218
26 219
26 220
26 221
26 222
26 223
26 224
26 225
26 226
26 227
26 228
26 229
26 230
26 231
26 232
26 233
26 236
26 237
26 238
26 239
26 240
26 241
26 242
26 243
26 244
26 245
26 246
26 247
26 248
26 249
26 250
26 251
26 252
26 253
26 254
26 255
26 256
26 257
26 258
26 259
26 260
26 261
26 262
26 263
26 264
26 265
26 266
26 267
26 268
26 269
26 270
26 271
26 272
26 273
26 274
26 275
26 276
26 277
26 278
26 279
26 280
26 281
26 282
26 283
26 284
26 285
26 286
26 287
26 288
26 289
26 290
26 291
26 292
26 293
26 297
26 298
26 299
26 300
26 301
26 302
26 303
26 304
26 305
26 306
26 307
26 308
26 309
26 310
26 311
26 312
26 313
26 316
26 317
26 318
26 319
26 320
26 321
26 322
26 323
26 324
26 325
26 326
26 327
26 328
26 329
26 330
26 331
26 333
26 334
26 335
26 336
26 337
26 338
26 339
26 340
26 341
26 342
26 343
26 344
26 348
26 349
26 350
26 351
26 352
26 353
26 354
26 355
26 356
26 357
26 359
26 360
26 361
26 362
26 363
27 28
27 29
27 30
27 31
27 32
27 33
27 34
27 35
27 36
27 37
27 39
27 40
27 41
27 42
27 43
27 44
27 45
27 46
27 47
27 48
27 49
27 50
27 51
27 52
27 53
27 54
27 55
27 56
27 57
27 58
27 59
27 60
27 61
27 62
27 63
27 64
27 65
27 66
27 67
27 68
27 69
27 70
27 71
27 72
27 73
27 74
27 75
27 76
27 77
27 78
27 79
27 80
27 81
27 82
27 83
27 84
27 85
27 86
27 87
27 88
27 89
27 90
27 91
27 92
27 93
27 94
27 95
27 96
27 97
27 98
27 99
27 100
27 101
27 102
27 103
27 105
27 106
27 107
27 108
27 109
27 110
27 111
27 112
27 113
27 114
27 115
27 116
27 117
27 118
27 119
27 120
27 121
27 122
27 123
27 124
27 125
27 126
27 127
27 128
27 129
27 130
27 131
27 132
27 133
27 134
27 135
27 136
27 137
27 138
27 139
27 140
27 141
27 142
27 143
27 145
27 146
27 147
27 148
27 149
27 150
27 151
27 152
27 153
27 154
27 155
27 156
27 157
27 158
27 159
27 160
27 161
27 162
27 163
27 164
27 165
27 166
27 167
27 168
27 169
27 178
27 179
27 180
27 181
27 182
27 183
27 184
27 185
27 186
27 187
27 188
27 189
27 190
27 191
27 192
27 193
27 194
27 195
27 201
27 202
27 203
27 204
27 205
27 206
27 207
27 208
27 209
27 210
27 211
27 212
27 213
27 214
27 215
27 216
27 217
27 218
27 219
27 220
27 221
27 222
27 223
27 224
27 225
27 226
27 227
27 228
27 229
27 230
27 231
27 232
27 233
27 236
27 237
27 238
27 239
27 240
27 241
27 242
27 243
27 244
27 245
27 246
27 247
27 248
27 249
27 250
27 251
27 252
27 253
27 254
27 255
27 256
27 257
27 258
27 259
27 260
27 261
27 262
27 263
27 264
27 265
27 266
27 267
27 268
27 269
27 270
27 271
27 272
27 273
27 274
27 275
27 276
27 277
27 278
27 279
27 280
27 281
27 282
27 283
27 284
27 285
27 286
27 287
27 288
27 289
27 290
27 291
27 292
27 293
27 297
27 298
27 299
27 300
27 301
27 302
27 303
27 304
27 305
27 306
27 307
27 308
27 309
27 310
27 311
27 312
27 313
27 316
27 317
27 318
27 319
27 320
27 321
27 322
27 323
27 324
27 325
27 326
27 327
27 328
27 329
27 330
27 331
27 333
27 334
27 335
27 336
27 337
27 338
27 339
27 340
27 341
27 342
27 343
27 344
27 348
27 349
27 350
27 351
27 352
27 353
27 354
27 355
27 356
27 357
27 359
27 360
27 361
27 362
27 363
28 29
28 30
28 31
28 32
28 33
28 34
28 35
28 36
28 37
28 39
28 40
28 41
28 42
28 43
28 44
28 45
28 46
28 47
28 48
28 49
28 50
28 51
28 52
28 53
28 54
28 55
28 56
28 57
28 58
28 59
28 60
28 61
28 62
28 63
28 64
28 65
28 66
28 67
28 68
28 69
28 70
28 71
28 72
28 73
28 74
28 75
28 76
28 77
28 78
28 79
28 80
28 81
28 82
28 83
28 84
28 85
28 86
28 87
28 88
28 89
28 90
28 91
28 92
28 93
28 94
28 95
28 96
28 97
28 98
28 99
28 100
28 101
28 102
28 103
28 105
28 106
28 107
28 108
28 109
28 110
28 111
28 112
28 113
28 114
28 115
28 116
28 117
28 118
28 119
28 120
28 121
28 122
28 123
28 124
28 125
28 126
28 127
28 128
28 129
28 130
28 131
28 132
28 133
28 134
28 135
28 136
28 137
28 138
28 139
28 140
28 141
28 142
28 143
28 145
28 146
28 147
28 148
28 149
28 150
28 151
28 152
28 153
28 154
28 155
28 156
28 157
28 158
28 159
28 160
28 161
28 162
28 163
28 164
28 165
28 166
28 167
28 168
28 169
28 178
28 179
28 180
28 181
28 182
28 183
28 184
28 185
28 186
28 187
28 188
28 189
28 190
28 191
28 192
28 193
28 194
28 195
28 201
28 202
28 203
28 204
28 205
28 206
28 207
28 208
28 209
28 210
28 211
28 212
28 213
28 214
28 215
28 216
28 217
28 218
28 219
28 220
28 221
28 222
28 223
28 224
28 225
28 226
28 227
28 228
28 229
28 230
28 231
28 232
28 233
28 236
28 237
28 238
28 239
28 240
28 241
28 242
28 243
28 244
28 245
28 246
28 247
28 248
28 249
28 250
28 251
28 252
28 253
28 254
28 255
28 256
28 257
28 258
28 259
28 260
28 261
28 262
28 263
28 264
28 265
28 266
28 267
28 268
28 269
28 270
28 271
28 272
28 273
28 274
28 275
28 276
28 277
28 278
28 279
28 280
28 281
28 282
28 283
28 284
28 285
28 286
28 287
28 288
28 289
28 290
28 291
28 292
28 293
28 297
28 298
28 299
28 300
28 301
28 302
28 303
28 304
28 305
28 306
28 307
28 308
28 309
28 310
28 311
28 312
28 313
28 316
28 317
28 318
28 319
28 320
28 321
28 322
28 323
28 324
28 325
28 326
28 327
28 328
28 329
28 330
28 331
28 333
28 334
28 335
28 336
28 337
28 338
28 339
28 340
28 341
28 342
28 343
28 344
28 348
28 349
28 350
28 351
28 352
28 353
28 354
28 355
28 356
28 357
28 359
28 360
28 361
28 362
28 363
29 30
29 31
29 32
29 33
29 34
29 35
29 36
29 37
29 39
29 40
29 41
29 42
29 43
29 44
29 45
29 46
29 47
29 48
29 49
29 50
29 51
29 52
29 53
29 54
29 55
29 56
29 57
29 58
29 59
29 60
29 61
29 62
29 63
29 64
29 65
29 66
29 67
29 68
29 69
29 70
29 71
29 72
29 73
29 74
29 75
29 76
29 77
29 78
29 79
29 80
29 81
29 82
29 83
29 84
29 85
29 86
29 87
29 88
29 89
29 90
29 91
29 92
29 93
29 94
29 95
29 96
29 97
29 98
29 99
29 100
29 101
29 102
29 103
29 105
29 106
29 107
29 108
29 109
29 110
29 111
29 112
29 113
29 114
29 115
29 116
29 117
29 118
29 119
29 120
29 121
29 122
29 123
29 124
29 125
29 126
29 127
29 128
29 129
29 130
29 131
29 132
29 133
29 134
29 135
29 136
29 137
29 138
29 139
29 140
29 141
29 142
29 143
29 145
29 146
29 147
29 148
29 149
29 150
29 151
29 152
29 153
29 154
29 155
29 156
29 157
29 158
29 159
29 160
29 161
29 162
29 163
29 164
29 165
29 166
29 167
29 168
29 169
29 178
29 179
29 180
29 181
29 182
29 183
29 184
29 185
29 186
29 187
29 188
29 189
29 190
29 191
29 192
29 193
29 194
29 195
29 201
29 202
29 203
29 204
29 205
29 206
29 207
29 208
29 209
29 210
29 211
29 212
29 213
29 214
29 215
29 216
29 217
29 218
29 219
29 220
29 221
29 222
29 223
29 224
29 225
29 226
29 227
29 228
29 229
29 230
29 231
29 232
29 233
29 236
29 237
29 238
29 239
29 240
29 241
29 242
29 243
29 244
29 245
29 246
29 247
29 248
29 249
29 250
29 251
29 252
29 253
29 254
29 255
29 256
29 257
29 258
29 259
29 260
29 261
29 262
29 263
29 264
29 265
29 266
29 267
29 268
29 269
29 270
29 271
29 272
29 273
29 274
29 275
29 276
29 277
29 278
29 279
29 280
29 281
29 282
29 283
29 284
29 285
29 286
29 287
29 288
29 289
29 290
29 291
29 292
29 293
29 297
29 298
29 299
29 300
29 301
29 302
29 303
29 304
29 305
29 306
29 307
29 308
29 309
29 310
29 311
29 312
29 313
29 316
29 317
29 318
29 319
29 320
29 321
29 322
29 323
29 324
29 325
29 326
29 327
29 328
29 329
29 330
29 331
29 333
29 334
29 335
29 336
29 337
29 338
29 339
29 340
29 341
29 342
29 343
29 344
29 348
29 349
29 350
29 351
29 352
29 353
29 354
29 355
29 356
29 357
29 359
29 360
29 361
29 362
29 363
30 31
30 32
30 33
30 34
30 35
30 36
30 37
30 39
30 40
30 41
30 42
30 43
30 44
30 45
30 46
30 47
30 48
30 49
30 50
30 51
30 52
30 53
30 54
30 55
30 56
30 57
30 58
30 59
30 60
30 61
30 62
30 63
30 64
30 65
30 66
30 67
30 68
30 69
30 70
30 71
30 72
30 73
30 74
30 75
30 76
30 77
30 78
30 79
30 80
30 81
30 82
30 83
30 84
30 85
30 86
30 87
30 88
30 89
30 90
30 91
30 92
30 93
30 94
30 95
30 96
30 97
30 98
30 99
30 100
30 101
30 102
30 103
30 105
30 106
30 107
30 108
30 109
30 110
30 111
30 112
30 113
30 114
30 115
30 116
30 117
30 118
30 119
30 120
30 121
30 122
30 123
30 124
30 125
30 126
30 127
30 128
30 129
30 130
30 131
30 132
30 133
30 134
30 135
30 136
30 137
30 138
30 139
30 140
30 141
30 142
30 143
30 145
30 146
30 147
30 148
30 149
30 150
30 151
30 152
30 153
30 154
30 155
30 156
30 157
30 158
30 159
30 160
30 161
30 162
30 163
30 164
30 165
30 166
30 167
30 168
30 169
30 178
30 179
30 180
30 181
30 182
30 183
30 184
30 185
30 186
30 187
30 188
30 189
30 190
30 191
30 192
30 193
30 194
30 195
30 201
30 202
30 203
30 204
30 205
30 206
30 207
30 208
30 209
30 210
30 211
30 212
30 213
30 214
30 215
30 216
30 217
30 218
30 219
30 220
30 221
30 222
30 223
30 224
30 225
30 226
30 227
30 228
30 229
30 230
30 231
30 232
30 233
30 236
30 237
30 238
30 239
30 240
30 241
30 242
30 243
30 244
30 245
30 246
30 247
30 248
30 249
30 250
30 251
30 252
30 253
30 254
30 255
30 256
30 257
30 258
30 259
30 260
30 261
30 262
30 263
30 264
30 265
30 266
30 267
30 268
30 269
30 270
30 271
30 272
30 273
30 274
30 275
30 276
30 277
30 278
30 279
30 280
30 281
30 282
30 283
30 284
30 285
30 286
30 287
30 288
30 289
30 290
30 291
30 292
30 293
30 297
30 298
30 299
30 300
30 301
30 302
30 303
30 304
30 305
30 306
30 307
30 308
30 309
30 310
30 311
30 312
30 313
30 316
30 317
30 318
30 319
30 320
30 321
30 322
30 323
30 324
30 325
30 326
30 327
30 328
30 329
30 330
30 331
30 333
30 334
30 335
30 336
30 337
30 338
30 339
30 340
30 341
30 342
30 343
30 344
30 348
30 349
30 350
30 351
30 352
30 353
30 354
30 355
30 356
30 357
30 359
30 360
30 361
30 362
30 363
31 32
31 33
31 34
31 35
31 36
31 37
31 39
31 40
31 41
31 42
31 43
31 44
31 45
31 46
31 47
31 48
31 49
31 50
31 51
31 52
31 53
31 54
31 55
31 56
31 57
31 58
31 59
31 60
31 61
31 62
31 63
31 64
31 65
31 66
31 67
31 68
31 69
31 70
31 71
31 72
31 73
31 74
31 75
31 76
31 77
31 78
31 79
31 80
31 81
31 82
31 83
31 84
31 85
31 86
31 87
31 88
31 89
31 90
31 91
31 92
31 93
31 94
31 95
31 96
31 97
31 98
31 99
31 100
31 101
31 102
31 103
31 105
31 106
31 107
31 108
31 109
31 110
31 111
31 112
31 113
31 114
31 115
31 116
31 117
31 118
31 119
31 120
31 121
31 122
31 123
31 124
31 125
31 126
31 127
31 128
31 129
31 130
31 131
31 132
31 133
31 134
31 135
31 136
31 137
31 138
31 139
31 140
31 141
31 142
31 143
31 145
31 146
31 147
31 148
31 149
31 150
31 151
31 152
31 153
31 154
31 155
31 156
31 157
31 158
31 159
31 160
31 161
31 162
31 163
31 164
31 165
31 166
31 167
31 168
31 169
31 178
31 179
31 180
31 181
31 182
31 183
31 184
31 185
31 186
31 187
31 188
31 189
31 190
31 191
31 192
31 193
31 194
31 195
31 201
31 202
31 203
31 204
31 205
31 206
31 207
31 208
31 209
31 210
31 211
31 212
31 213
31 214
31 215
31 216
31 217
31 218
31 219
31 220
31 221
31 222
31 223
31 224
31 225
31 226
31 227
31 228
31 229
31 230
31 231
31 232
31 233
31 236
31 237
31 238
31 239
31 240
31 241
31 242
31 243
31 244
31 245
31 246
31 247
31 248
31 249
31 250
31 251
31 252
31 253
31 254
31 255
31 256
31 257
31 258
31 259
31 260
31 261
31 262
31 263
31 264
31 265
31 266
31 267
31 268
31 269
31 270
31 271
31 272
31 273
31 274
31 275
31 276
31 277
31 278
31 279
31 280
31 281
31 282
31 283
31 284
31 285
31 286
31 287
31 288
31 289
31 290
31 291
31 292
31 293
31 297
31 298
31 299
31 300
31 301
31 302
31 303
31 304
31 305
31 306
31 307
31 308
31 309
31 310
31 311
31 312
31 313
31 316
31 317
31 318
31 319
31 320
31 321
31 322
31 323
31 324
31 325
31 326
31 327
31 328
31 329
31 330
31 331
31 333
31 334
31 335
31 336
31 337
31 338
31 339
31 340
31 341
31 342
31 343
31 344
31 348
31 349
31 350
31 351
31 352
31 353
31 354
31 355
31 356
31 357
31 359
31 360
31 361
31 362
31 363
32 33
32 34
32 35
32 36
32 37
32 39
32 40
32 41
32 42
32 43
32 44
32 45
32 46
32 47
32 48
32 49
32 50
32 51
32 52
32 53
32 54
32 55
32 56
32 57
32 58
32 59
32 60
32 61
32 62
32 63
32 64
32 65
32 66
32 67
32 68
32 69
32 70
32 71
32 72
32 73
32 74
32 75
32 76
32 77
32 78
32 79
32 80
32 81
32 82
32 83
32 84
32 85
32 86
32 87
32 88
32 89
32 90
32 91
32 92
32 93
32 94
32 95
32 96
32 97
32 98
32 99
32 100
32 101
32 102
32 103
32 105
32 106
32 107
32 108
32 109
32 110
32 111
32 112
32 113
32 114
32 115
32 116
32 117
32 118
32 119
32 120
32 121
32 122
32 123
32 124
32 125
32 126
32 127
32 128
32 129
32 130
32 131
32 132
32 133
32 134
32 135
32 136
32 137
32 138
32 139
32 140
32 141
32 142
32 143
32 145
32 146
32 147
32 148
32 149
32 150
32 151
32 152
32 153
32 154
32 155
32 156
32 157
32 158
32 159
32 160
32 161
32 162
32 163
32 164
32 165
32 166
32 167
32 168
32 169
32 178
32 179
32 180
32 181
32 182
32 183
32 184
32 185
32 186
32 187
32 188
32 189
32 190
32 191
32 192
32 193
32 194
32 195
32 201
32 202
32 203
32 204
32 205
32 206
32 207
32 208
32 209
32 210
32 211
32 212
32 213
32 214
32 215
32 216
32 217
32 218
32 219
32 220
32 221
32 222
32 223
32 224
32 225
32 226
32 227
32 228
32 229
32 230
32 231
32 232
32 233
32 236
32 237
32 238
32 239
32 240
32 241
32 242
32 243
32 244
32 245
32 246
32 247
32 248
32 249
32 250
32 251
32 252
32 253
32 254
32 255
32 256
32 257
32 258
32 259
32 260
32 261
32 262
32 263
32 264
32 265
32 266
32 267
32 268
32 269
32 270
32 271
32 272
32 273
32 274
32 275
32 276
32 277
32 278
32 279
32 280
32 281
32 282
32 283
32 284
32 285
32 286
32 287
32 288
32 289
32 290
32 291
32 292
32 293
32 297
32 298
32 299
32 300
32 301
32 302
32 303
32 304
32 305
32 306
32 307
32 308
32 309
32 310
32 311
32 312
32 313
32 316
32 317
32 318
32 319
32 320
32 321
32 322
32 323
32 324
32 325
32 326
32 327
32 328
32 329
32 330
32 331
32 333
32 334
32 335
32 336
32 337
32 338
32 339
32 340
32 341
32 342
32 343
32 344
32 348
32 349
32 350
32 351
32 352
32 353
32 354
32 355
32 356
32 357
32 359
32 360
32 361
32 362
32 363
33 35
33 37
33 43
33 44
33 45
33 46
33 47
33 48
33 73
33 74
33 75
33 76
33 77
33 78
33 79
33 80
33 81
33 82
33 83
33 84
33 85
33 86
33 87
33 88
33 89
33 90
33 91
33 92
33 93
33 94
33 95
33 96
33 97
33 98
33 99
33 100
33 101
33 102
33 103
33 105
33 106
33 107
33 108
33 109
33 110
33 111
33 112
33 113
33 114
33 115
33 116
33 117
33 118
33 119
33 120
33 121
33 122
33 123
33 124
33 125
33 126
33 127
33 128
33 129
33 130
33 131
33 132
33 133
33 134
33 135
33 136
33 137
33 138
33 139
33 140
33 141
33 142
33 143
33 145
33 146
33 147
33 148
33 149
33 150
33 151
33 152
33 153
33 154
33 155
33 156
33 157
33 158
33 159
33 160
33 161
33 162
33 163
33 164
33 165
33 166
33 167
33 168
33 169
33 178
33 179
33 180
33 181
33 182
33 183
33 184
33 185
33 186
33 187
33 188
33 189
33 190
33 191
33 192
33 193
33 194
33 195
33 201
33 202
33 349
33 350
33 351
33 352
33 353
33 354
33 355
33 356
33 357
33 359
33 360
33 361
33 362
33 363
34 36
34 39
34 40
34 41
34 42
34 49
34 50
34 51
34 52
34 53
34 73
34 78
34 205
34 206
34 207
34 208
34 221
34 222
34 223
34 224
34 225
34 226
34 227
34 228
34 229
34 230
34 231
34 232
34 233
34 236
34 237
34 238
34 239
34 240
34 241
34 242
34 243
34 244
34 245
34 246
34 247
34 248
34 249
34 250
34 251
34 252
34 253
34 254
34 255
34 256
34 257
34 258
34 259
34 260
34 261
34 262
34 263
34 264
34 265
34 266
34 267
34 268
34 269
34 270
34 271
34 272
34 273
34 274
34 275
34 276
34 277
34 278
34 281
34 282
34 283
34 284
34 285
34 286
34 287
34 288
34 289
34 290
34 291
34 292
34 293
34 297
34 298
34 299
34 300
34 301
34 302
34 303
34 304
34 305
34 306
34 307
34 308
34 309
34 310
34 311
34 312
34 313
34 316
34 317
34 318
34 319
34 320
34 321
34 322
34 323
34 324
34 325
34 326
34 327
34 328
34 329
34 330
34 331
34 333
34 334
34 335
34 336
34 337
34 338
34 339
34 340
34 341
34 342
34 343
34 344
34 348
35 37
35 46
35 47
35 73
35 78
35 116
35 133
35 134
35 135
35 136
35 137
35 138
35 139
35 140
35 141
35 142
35 143
35 145
35 146
35 147
35 148
35 149
35 150
35 151
35 152
35 153
35 154
35 155
35 156
35 157
35 158
35 159
35 160
35 161
35 162
35 163
35 164
35 165
35 166
35 167
35 168
35 169
35 178
35 179
35 180
35 181
35 182
35 183
35 184
35 185
35 186
35 187
35 188
35 189
35 190
35 191
35 192
35 193
35 194
35 195
35 201
36 39
36 41
36 52
36 53
36 73
36 78
36 245
36 272
36 273
36 274
36 275
36 276
36 277
36 278
36 279
36 280
36 281
36 282
36 283
36 284
36 285
36 286
36 287
36 288
36 289
36 290
36 291
36 292
36 293
36 297
36 298
36 299
36 300
36 301
36 302
36 303
36 304
36 305
36 306
36 307
36 308
36 309
36 310
36 311
36 312
36 313
37 46
37 47
37 48
37 73
37 78
37 116
37 117
37 118
37 119
37 120
37 121
37 122
37 123
37 124
37 125
37 126
37 127
37 128
37 129
37 130
37 131
37 132
37 133
37 134
37 135
37 136
37 137
37 138
37 139
37 140
37 141
37 142
37 143
37 145
37 146
37 147
37 148
37 149
37 150
37 151
37 152
37 153
37 154
37 155
37 156
37 157
37 158
37 159
37 160
37 161
37 162
37 163
37 164
37 165
37 166
37 167
37 168
37 169
37 178
37 179
37 180
37 181
37 182
37 183
37 184
37 185
37 186
37 187
37 188
37 189
37 190
37 191
37 192
37 193
37 194
37 195
37 201
37 202
37 349
37 350
37 351
37 352
37 353
37 354
37 355
37 356
37 357
37 359
38 62
38 63
38 64
38 65
38 66
38 67
38 68
38 69
38 70
38 314
38 315
39 40
39 41
39 42
39 49
39 50
39 51
39 53
39 73
39 78
39 205
39 206
39 221
39 222
39 223
39 224
39 225
39 226
39 227
39 228
39 229
39 230
39 231
39 232
39 233
39 236
39 237
39 238
39 239
39 240
39 241
39 242
39 243
39 244
39 245
39 246
39 247
39 248
39 249
39 250
39 251
39 252
39 253
39 254
39 255
39 256
39 257
39 258
39 259
39 260
39 261
39 262
39 263
39 264
39 265
39 266
39 267
39 268
39 269
39 270
39 271
39 272
39 273
39 274
39 275
39 276
39 281
39 282
39 283
39 284
39 285
39 286
39 287
39 288
39 289
39 290
39 291
39 292
39 293
39 297
39 316
39 317
39 318
39 319
39 320
39 321
39 322
39 323
39 324
39 325
39 326
39 327
39 328
39 329
39 330
39 331
39 333
39 334
39 335
39 336
39 337
39 338
39 339
39 340
39 341
39 342
39 343
39 344
39 348
40 50
40 73
40 223
40 225
40 226
40 228
40 229
40 230
40 231
40 232
40 233
40 236
41 52
41 53
41 73
41 78
41 245
41 271
41 272
41 273
41 274
41 275
41 276
41 277
41 278
41 279
41 280
41 281
41 282
41 283
41 284
41 285
41 286
41 287
41 288
41 289
41 290
41 291
41 292
41 293
41 297
41 298
41 299
41 300
41 301
41 302
41 303
41 304
41 305
41 306
41 307
41 308
41 309
41 310
41 311
41 312
41 313
42 51
42 73
42 78
42 245
42 318
42 321
42 322
42 323
42 324
42 325
42 326
42 327
42 328
42 329
42 330
42 331
42 333
43 44
43 45
43 73
43 78
43 83
43 85
43 86
43 87
43 89
43 90
43 91
43 92
43 93
43 94
43 95
43 96
43 97
43 98
43 99
43 100
43 101
43 102
43 103
43 105
44 45
44 73
44 78
44 83
44 85
44 86
44 87
44 89
44 90
44 91
44 92
44 93
44 94
44 95
44 96
44 97
44 98
44 99
44 100
44 101
44 102
44 103
44 105
45 73
45 78
45 83
45 87
45 93
45 94
45 100
45 101
45 102
45 103
45 105
46 73
46 78
46 116
46 135
46 138
46 186
46 191
46 193
46 195
46 201
47 73
47 78
47 116
47 155
47 161
47 164
47 165
47 167
47 169
47 178
48 73
48 78
48 353
48 356
48 357
48 359
49 73
49 78
49 338
49 341
49 342
49 343
49 344
49 348
50 73
50 223
50 226
50 228
50 231
50 233
50 236
51 73
51 78
51 245
51 318
51 322
51 323
51 329
51 331
51 333
52 73
52 78
52 245
52 275
52 302
52 304
52 307
52 310
52 311
52 312
52 313
53 73
53 78
53 245
53 288
53 291
53 293
53 297
62 63
62 64
62 65
62 66
62 67
62 68
62 69
62 70
62 104
62 144
62 170
62 171
62 172
62 173
62 174
62 175
62 176
62 177
62 196
62 197
62 198
62 199
62 200
62 234
62 235
62 294
62 295
62 296
62 314
62 315
62 332
62 345
62 346
62 347
62 358
63 64
63 65
63 66
63 67
63 68
63 69
63 70
63 104
63 144
63 170
63 171
63 172
63 173
63 174
63 175
63 176
63 177
63 196
63 197
63 198
63 199
63 200
63 234
63 235
63 294
63 295
63 296
63 314
63 315
63 332
63 345
63 346
63 347
63 358
64 65
64 66
64 67
64 68
64 69
64 70
64 104
64 144
64 170
64 171
64 172
64 173
64 174
64 175
64 176
64 177
64 196
64 197
64 198
64 199
64 200
64 234
64 235
64 294
64 295
64 296
64 314
64 315
64 332
64 345
64 346
64 347
64 358
65 66
65 67
65 68
65 69
65 70
65 104
65 144
65 170
65 171
65 172
65 173
65 174
65 175
65 176
65 177
65 196
65 197
65 198
65 199
65 200
65 234
65 235
65 294
65 295
65 296
65 314
65 315
65 332
65 345
65 346
65 347
65 358
66 67
66 68
66 69
66 70
66 104
66 144
66 170
66 171
66 172
66 173
66 174
66 175
66 176
66 177
66 196
66 197
66 198
66 199
66 200
66 234
66 235
66 294
66 295
66 296
66 314
66 315
66 332
66 345
66 346
66 347
66 358
67 68
67 69
67 70
67 104
67 144
67 170
67 171
67 172
67 173
67 174
67 175
67 176
67 177
67 196
67 197
67 198
67 199
67 200
67 234
67 235
67 294
67 295
67 296
67 314
67 315
67 332
67 345
67 346
67 347
67 358
68 69
68 70
68 104
68 144
68 170
68 171
68 172
68 173
68 174
68 175
68 176
68 177
68 196
68 197
68 198
68 199
68 200
68 234
68 235
68 294
68 295
68 296
68 314
68 315
68 332
68 345
68 346
68 347
68 358
69 70
69 104
69 144
69 170
69 171
69 172
69 173
69 174
69 175
69 176
69 177
69 196
69 197
69 198
69 199
69 200
69 234
69 235
69 294
69 295
69 296
69 314
69 315
69 332
69 345
69 346
69 347
69 358
70 104
70 144
70 170
70 171
70 172
70 173
70 174
70 175
70 176
70 177
70 196
70 197
70 198
70 199
70 200
70 234
70 235
70 294
70 295
70 296
70 314
70 315
70 332
70 345
70 346
70 347
70 358
73 74
73 75
73 76
73 77
73 78
73 79
73 80
73 81
73 82
73 83
73 84
73 85
73 86
73 87
73 88
73 89
73 90
73 91
73 92
73 93
73 94
73 95
73 96
73 97
73 98
73 99
73 100
73 101
73 102
73 103
73 105
73 106
73 107
73 108
73 109
73 110
73 111
73 112
73 113
73 114
73 115
73 116
73 117
73 118
73 119
73 120
73 121
73 122
73 123
73 124
73 125
73 126
73 127
73 128
73 129
73 130
73 131
73 132
73 133
73 134
73 135
73 136
73 137
73 138
73 139
73 140
73 141
73 142
73 143
73 145
73 146
73 147
73 148
73 149
73 150
73 151
73 152
73 153
73 154
73 155
73 156
73 157
73 158
73 159
73 160
73 161
73 162
73 163
73 164
73 165
73 166
73 167
73 168
73 169
73 178
73 179
73 180
73 181
73 182
73 183
73 184
73 185
73 186
73 187
73 188
73 189
73 190
73 191
73 192
73 193
73 194
73 195
73 201
73 202
73 203
73 204
73 205
73 206
73 207
73 208
73 221
73 222
73 223
73 224
73 225
73 226
73 227
73 228
73 229
73 230
73 231
73 232
73 233
73 236
73 237
73 238
73 239
73 240
73 241
73 242
73 243
73 244
73 245
73 246
73 247
73 248
73 249
73 250
73 251
73 252
73 253
73 254
73 255
73 256
73 257
73 258
73 259
73 260
73 261
73 262
73 263
73 264
73 265
73 266
73 267
73 268
73 269
73 270
73 271
73 272
73 273
73 274
73 275
73 276
73 277
73 278
73 279
73 280
73 281
73 282
73 283
73 284
73 285
73 286
73 287
73 288
73 289
73 290
73 291
73 292
73 293
73 297
73 298
73 299
73 300
73 301
73 302
73 303
73 304
73 305
73 306
73 307
73 308
73 309
73 310
73 311
73 312
73 313
73 316
73 317
73 318
73 319
73 320
73 321
73 322
73 323
73 324
73 325
73 326
73 327
73 328
73 329
73 330
73 331
73 333
73 334
73 335
73 336
73 337
73 338
73 339
73 340
73 341
73 342
73 343
73 344
73 348
73 349
73 350
73 351
73 352
73 353
73 354
73 355
73 356
73 357
73 359
73 360
73 361
73 362
73 363
75 76
75 77
75 78
78 79
78 80
78 81
78 82
78 83
78 84
78 85
78 86
78 87
78 88
78 89
78 90
78 91
78 92
78 93
78 94
78 95
78 96
78 97
78 98
78 99
78 100
78 101
78 102
78 103
78 105
78 106
78 107
78 108
78 109
78 110
78 111
78 112
78 113
78 114
78 115
78 116
78 117
78 118
78 119
78 120
78 121
78 122
78 123
78 124
78 125
78 126
78 127
78 128
78 129
78 130
78 131
78 132
78 133
78 134
78 135
78 136
78 137
78 138
78 139
78 140
78 141
78 142
78 143
78 145
78 146
78 147
78 148
78 149
78 150
78 151
78 152
78 153
78 154
78 155
78 156
78 157
78 158
78 159
78 160
78 161
78 162
78 163
78 164
78 165
78 166
78 167
78 168
78 169
78 178
78 179
78 180
78 181
78 182
78 183
78 184
78 185
78 186
78 187
78 188
78 189
78 190
78 191
78 192
78 193
78 194
78 195
78 201
78 202
78 203
78 204
78 205
78 237
78 238
78 239
78 240
78 241
78 242
78 243
78 244
78 245
78 246
78 247
78 248
78 249
78 250
78 251
78 252
78 253
78 254
78 255
78 256
78 257
78 258
78 259
78 260
78 261
78 262
78 263
78 264
78 265
78 267
78 268
78 269
78 270
78 271
78 272
78 273
78 274
78 275
78 276
78 277
78 278
78 279
78 280
78 281
78 282
78 283
78 284
78 285
78 286
78 287
78 288
78 289
78 290
78 291
78 292
78 293
78 297
78 298
78 299
78 300
78 301
78 302
78 303
78 304
78 305
78 306
78 307
78 308
78 309
78 310
78 311
78 312
78 313
78 316
78 317
78 318
78 319
78 320
78 321
78 322
78 323
78 324
78 325
78 326
78 327
78 328
78 329
78 330
78 331
78 333
78 334
78 335
78 336
78 337
78 338
78 339
78 340
78 341
78 342
78 343
78 344
78 348
78 349
78 350
78 351
78 352
78 353
78 354
78 355
78 356
78 357
78 359
78 360
78 361
78 362
78 363
80 81
80 82
80 83
81 82
81 83
81 84
81 85
83 84
83 85
83 86
83 87
83 88
83 89
83 90
83 91
83 92
83 93
83 94
83 95
83 96
83 97
83 98
83 99
83 100
83 101
83 102
83 103
83 105
84 85
84 86
85 86
85 87
85 88
86 87
86 88
86 89
87 88
87 89
87 90
87 91
87 92
87 93
87 94
87 95
87 96
87 97
87 98
87 99
87 100
87 101
87 102
87 103
87 105
89 90
89 91
89 92
89 93
89 94
89 95
90 91
90 92
90 93
91 92
92 93
93 94
93 95
93 96
93 97
93 98
93 99
93 100
93 101
93 102
93 103
93 105
94 95
94 96
94 97
94 98
94 99
94 100
94 101
94 102
94 103
94 105
100 101
100 102
101 102
101 103
101 105
102 103
102 105
103 105
106 107
107 108
109 110
113 114
115 116
116 117
116 118
116 119
116 120
116 121
116 122
116 123
116 124
116 125
116 126
116 127
116 128
116 129
116 130
116 132
116 133
116 134
116 135
116 136
116 137
116 138
116 139
116 140
116 141
116 142
116 143
116 145
116 146
116 147
116 148
116 149
116 150
116 151
116 152
116 153
116 154
116 155
116 156
116 157
116 158
116 159
116 160
116 161
116 162
116 163
116 164
116 165
116 166
116 167
116 168
116 169
116 178
116 179
116 180
116 181
116 182
116 183
116 184
116 185
116 186
116 187
116 188
116 189
116 190
116 191
116 192
116 193
116 194
116 195
116 201
119 120
123 124
128 129
135 136
135 137
135 138
135 139
135 140
135 143
135 145
135 179
135 180
135 181
135 182
135 183
135 184
135 185
135 186
135 187
135 188
135 189
135 190
135 191
135 192
135 193
135 194
135 195
135 201
136 137
136 138
137 138
137 139
138 139
138 140
138 143
138 145
138 146
138 179
138 180
138 181
138 182
138 183
138 184
138 185
138 186
138 187
138 188
138 189
138 190
138 191
138 192
138 193
138 194
138 195
138 201
144 170
144 171
144 172
144 173
144 174
144 175
144 176
144 177
145 146
145 147
145 148
145 149
145 150
145 151
145 152
146 147
146 148
146 149
146 150
146 151
146 152
146 153
147 148
147 149
147 150
150 151
151 152
151 153
151 154
151 155
152 153
152 154
152 155
152 156
153 154
153 155
153 156
153 157
154 155
154 156
154 157
154 158
155 156
155 157
155 158
155 159
155 160
155 161
155 162
155 163
155 164
155 165
155 166
155 167
155 168
155 169
155 178
156 157
156 158
156 159
156 160
157 158
157 159
157 160
157 161
157 162
157 163
157 164
157 165
157 166
157 167
157 168
158 159
158 160
158 161
158 162
158 163
158 164
159 160
159 161
159 162
159 163
159 164
159 165
159 166
161 162
161 163
161 164
161 165
161 166
161 167
161 168
161 169
161 178
162 163
163 164
164 165
164 166
164 167
164 168
164 169
164 178
165 166
165 167
165 168
165 169
165 178
167 168
167 169
167 178
169 178
170 171
172 173
172 174
172 175
173 174
175 176
180 181
180 182
181 182
181 183
182 183
182 184
183 184
183 185
183 186
183 187
184 185
184 186
184 187
184 188
185 186
186 187
186 188
186 189
186 190
186 191
186 192
186 193
186 194
186 195
186 201
187 188
187 189
187 190
187 191
187 192
187 193
187 194
188 189
188 190
189 190
189 191
189 192
191 192
191 193
191 194
191 195
191 201
193 194
193 195
193 201
195 201
196 197
198 199
207 208
209 210
211 212
213 214
213 215
213 216
213 217
213 218
213 219
213 220
214 215
214 216
214 217
214 218
214 219
214 220
215 216
215 217
215 218
215 219
215 220
216 217
216 218
216 219
216 220
217 218
217 219
217 220
218 219
218 220
219 220
221 222
221 223
222 223
222 224
223 224
223 225
223 226
223 227
223 228
223 229
223 230
223 231
223 232
223 233
223 236
224 225
225 226
225 227
225 228
226 227
226 228
226 229
226 230
226 231
226 232
226 233
226 236
228 229
228 230
228 231
228 232
228 233
228 236
229 230
231 232
231 233
231 236
233 236
237 238
237 239
239 240
241 242
241 243
241 244
241 245
241 246
242 243
242 244
242 245
243 244
243 245
243 246
245 246
245 247
245 248
245 249
245 250
245 251
245 252
245 253
245 254
245 255
245 256
245 257
245 258
245 259
245 260
245 261
245 262
245 263
245 264
245 265
245 267
245 268
245 269
245 270
245 271
245 272
245 273
245 274
245 275
245 276
245 277
245 278
245 279
245 280
245 281
245 282
245 283
245 284
245 285
245 286
245 287
245 288
245 289
245 290
245 291
245 292
245 293
245 297
245 298
245 299
245 300
245 301
245 302
245 303
245 304
245 305
245 306
245 307
245 308
245 309
245 310
245 311
245 312
245 313
245 316
245 317
245 318
245 319
245 320
245 321
245 322
245 323
245 324
245 325
245 326
245 327
245 328
245 329
245 330
245 331
245 333
251 252
256 257
256 258
256 259
256 260
257 258
263 264
267 268
272 273
272 274
273 274
273 275
274 275
274 276
274 298
274 299
274 300
274 301
274 302
274 303
274 304
274 305
274 306
275 276
275 277
275 278
275 279
275 280
275 284
275 285
275 286
275 287
275 288
275 289
275 290
275 291
275 292
275 298
275 299
275 300
275 301
275 302
275 303
275 304
275 305
275 306
275 307
275 308
275 309
275 310
275 311
275 312
275 313
277 278
287 288
288 289
288 290
288 291
288 292
288 293
288 297
289 290
291 292
291 293
291 297
293 297
294 295
300 301
300 302
302 303
302 304
302 305
302 306
302 307
302 308
302 309
302 310
302 311
302 312
302 313
303 304
304 305
304 306
304 307
304 308
304 309
304 310
304 311
304 312
304 313
305 306
305 307
305 308
305 309
305 310
307 308
307 309
307 310
307 311
307 312
307 313
308 309
309 310
310 311
310 312
310 313
311 312
311 313
316 317
316 318
316 319
317 318
317 319
317 320
318 319
318 320
318 321
318 322
318 323
318 324
318 325
318 326
318 327
318 328
318 329
318 330
318 331
318 333
319 320
320 321
321 322
322 323
322 324
322 325
322 326
322 327
322 328
322 329
322 330
322 331
322 333
323 324
323 325
323 326
323 327
323 328
323 329
323 330
323 331
323 333
324 325
324 328
325 328
325 329
325 330
329 330
329 331
329 333
331 333
337 338
338 339
338 340
338 341
338 342
338 343
338 344
338 348
339 340
341 342
341 343
341 344
341 348
342 343
343 344
343 348
344 348
345 346
352 353
353 354
353 355
353 356
353 357
353 359
354 355
356 357
356 359
357 359
