269 11654
1 2
1 3
1 4
1 5
1 6
1 7
1 8
1 9
1 10
1 11
1 12
1 13
1 14
1 15
1 16
1 33
1 34
1 35
1 36
1 37
1 38
1 39
1 40
1 41
1 42
1 43
1 44
1 45
1 46
1 47
1 48
1 49
1 50
1 51
1 52
1 53
1 54
1 55
1 56
1 57
1 58
1 59
1 60
1 61
1 62
1 63
1 64
1 65
1 66
1 67
1 68
1 69
1 70
1 71
1 72
1 73
1 74
1 75
1 76
1 77
1 78
1 79
1 80
1 81
1 82
1 83
1 84
1 85
1 86
1 87
1 88
1 89
1 90
1 91
1 92
1 93
1 94
1 95
1 96
1 97
1 98
1 99
1 100
1 101
1 102
1 103
1 104
1 105
1 106
1 107
1 108
1 109
1 110
1 111
1 112
1 113
1 114
1 115
1 116
1 117
1 118
1 119
1 120
1 121
1 122
1 123
1 124
1 125
1 126
1 127
1 128
1 129
1 130
1 131
1 132
1 133
1 134
1 135
1 136
1 137
1 138
1 139
1 140
1 141
1 142
1 143
1 144
1 145
1 146
1 147
1 148
1 149
1 150
1 151
1 152
1 153
1 154
1 155
1 156
1 157
1 158
1 159
1 160
1 161
1 162
1 163
1 164
1 165
1 166
1 167
1 168
1 169
1 170
1 171
1 172
1 173
1 174
1 175
1 176
1 177
1 178
1 179
1 180
1 181
1 182
1 183
1 184
1 185
1 186
1 187
1 188
1 189
1 190
1 191
1 192
1 193
1 194
1 195
1 196
1 197
1 198
1 199
1 200
1 201
1 202
1 203
1 204
1 205
1 206
1 207
1 208
1 209
1 210
1 211
1 212
1 213
1 214
1 215
1 216
1 217
1 218
1 219
1 220
1 221
1 222
1 223
1 224
1 225
1 226
1 227
1 228
1 229
1 230
1 231
1 232
1 233
1 234
1 235
1 236
1 237
1 238
1 239
1 240
1 241
1 242
1 243
1 244
1 245
1 246
1 247
1 248
1 249
1 250
1 251
1 252
1 253
1 254
1 255
1 256
1 257
1 258
1 259
1 260
1 261
1 262
1 263
1 264
1 265
1 266
1 267
1 268
1 269
2 3
2 4
2 5
2 6
2 7
2 8
2 9
2 10
2 11
2 12
2 13
2 14
2 15
2 16
2 33
2 34
2 35
2 36
2 37
2 38
2 39
2 40
2 41
2 42
2 43
2 44
2 45
2 46
2 47
2 48
2 49
2 50
2 51
2 52
2 53
2 54
2 55
2 56
2 57
2 58
2 59
2 60
2 61
2 62
2 63
2 64
2 65
2 66
2 67
2 68
2 69
2 70
2 71
2 72
2 73
2 74
2 75
2 76
2 77
2 78
2 79
2 80
2 81
2 82
2 83
2 84
2 85
2 86
2 87
2 88
2 89
2 90
2 91
2 92
2 93
2 94
2 95
2 96
2 97
2 98
2 99
2 100
2 101
2 102
2 103
2 104
2 105
2 106
2 107
2 108
2 109
2 110
2 111
2 112
2 113
2 114
2 115
2 116
2 117
2 118
2 119
2 120
2 121
2 122
2 123
2 124
2 125
2 126
2 127
2 128
2 129
2 130
2 131
2 132
2 133
2 134
2 135
2 136
2 137
2 138
2 139
2 140
2 141
2 142
2 143
2 144
2 145
2 146
2 147
2 148
2 149
2 150
2 151
2 152
2 153
2 154
2 155
2 156
2 157
2 158
2 159
2 160
2 161
2 162
2 163
2 164
2 165
2 166
2 167
2 168
2 169
2 170
2 171
2 172
2 173
2 174
2 175
2 176
2 177
2 178
2 179
2 180
2 181
2 182
2 183
2 184
2 185
2 186
2 187
2 188
2 189
2 190
2 191
2 192
2 193
2 194
2 195
2 196
2 197
2 198
2 199
2 200
2 201
2 202
2 203
2 204
2 205
2 206
2 207
2 208
2 209
2 210
2 211
2 212
2 213
2 214
2 215
2 216
2 217
2 218
2 219
2 220
2 221
2 222
2 223
2 224
2 225
2 226
2 227
2 228
2 229
2 230
2 231
2 232
2 233
2 234
2 235
2 236
2 237
2 238
2 239
2 240
2 241
2 242
2 243
2 244
2 245
2 246
2 247
2 248
2 249
2 250
2 251
2 252
2 253
2 254
2 255
2 256
2 257
2 258
2 259
2 260
2 261
2 262
2 263
2 264
2 265
2 266
2 267
2 268
2 269
3 4
3 5
3 6
3 7
3 8
3 9
3 10
3 11
3 12
3 13
3 14
3 15
3 16
3 45
3 71
3 72
3 73
3 74
3 75
3 76
3 77
3 78
3 79
3 110
3 128
3 148
3 149
3 150
3 151
3 152
3 153
3 154
3 155
3 171
3 172
3 173
3 174
3 175
3 187
3 188
3 217
3 218
3 219
3 232
3 233
3 245
3 256
3 257
3 258
3 268
4 5
4 6
4 7
4 8
4 9
4 10
4 11
4 12
4 13
4 14
4 15
4 16
4 45
4 71
4 72
4 73
4 74
4 75
4 76
4 77
4 78
4 79
4 110
4 128
4 148
4 149
4 150
4 151
4 152
4 153
4 154
4 155
4 171
4 172
4 173
4 174
4 175
4 187
4 188
4 217
4 218
4 219
4 232
4 233
4 245
4 256
4 257
4 258
4 268
5 6
5 7
5 8
5 9
5 10
5 11
5 12
5 13
5 14
5 15
5 16
5 45
5 63
5 71
5 72
5 73
5 74
5 75
5 76
5 77
5 78
5 79
5 110
5 128
5 148
5 149
5 150
5 151
5 152
5 153
5 154
5 155
5 171
5 172
5 173
5 174
5 175
5 187
5 188
5 217
5 218
5 219
5 232
5 233
5 245
5 256
5 257
5 258
5 268
6 7
6 8
6 9
6 10
6 11
6 12
6 13
6 14
6 15
6 16
6 45
6 63
6 64
6 71
6 72
6 73
6 74
6 75
6 76
6 77
6 78
6 79
6 110
6 128
6 148
6 149
6 150
6 151
6 152
6 153
6 154
6 155
6 171
6 172
6 173
6 174
6 175
6 187
6 188
6 217
6 218
6 219
6 232
6 233
6 245
6 256
6 257
6 258
6 268
7 8
7 9
7 10
7 11
7 12
7 13
7 14
7 15
7 16
7 45
7 63
7 64
7 65
7 71
7 72
7 73
7 74
7 75
7 76
7 77
7 78
7 79
7 110
7 128
7 148
7 149
7 150
7 151
7 152
7 153
7 154
7 155
7 171
7 172
7 173
7 174
7 175
7 187
7 188
7 217
7 218
7 219
7 232
7 233
7 245
7 256
7 257
7 258
7 268
8 9
8 10
8 11
8 12
8 13
8 14
8 15
8 16
8 45
8 63
8 64
8 65
8 66
8 71
8 72
8 73
8 74
8 75
8 76
8 77
8 78
8 79
8 110
8 128
8 148
8 149
8 150
8 151
8 152
8 153
8 154
8 155
8 171
8 172
8 173
8 174
8 175
8 187
8 188
8 217
8 218
8 219
8 232
8 233
8 245
8 256
8 257
8 258
8 268
9 10
9 11
9 12
9 13
9 14
9 15
9 16
9 45
9 63
9 64
9 65
9 66
9 67
9 71
9 72
9 73
9 74
9 75
9 76
9 77
9 78
9 79
9 110
9 128
9 148
9 149
9 150
9 151
9 152
9 153
9 154
9 155
9 171
9 172
9 173
9 174
9 175
9 187
9 188
9 217
9 218
9 219
9 232
9 233
9 245
9 256
9 257
9 258
9 268
10 11
10 12
10 13
10 14
10 15
10 16
10 45
10 63
10 64
10 65
10 66
10 67
10 68
10 71
10 72
10 73
10 74
10 75
10 76
10 77
10 78
10 79
10 110
10 128
10 148
10 149
10 150
10 151
10 152
10 153
10 154
10 155
10 171
10 172
10 173
10 174
10 175
10 187
10 188
10 217
10 218
10 219
10 232
10 233
10 245
10 256
10 257
10 258
10 268
11 12
11 13
11 14
11 15
11 16
11 35
11 36
11 37
11 38
11 41
11 42
11 43
11 44
11 45
11 48
11 50
11 63
11 64
11 65
11 66
11 67
11 68
11 69
11 70
11 71
11 72
11 73
11 74
11 75
11 76
11 77
11 78
11 79
11 80
11 81
11 82
11 83
11 84
11 85
11 86
11 87
11 88
11 89
11 90
11 91
11 92
11 93
11 110
11 112
11 114
11 116
11 117
11 123
11 124
11 125
11 128
11 148
11 149
11 150
11 151
11 152
11 153
11 154
11 155
11 171
11 172
11 173
11 174
11 175
11 187
11 188
11 190
11 191
11 193
11 195
11 196
11 197
11 198
11 205
11 207
11 208
11 217
11 218
11 219
11 232
11 233
11 245
11 256
11 257
11 258
11 268
12 13
12 14
12 15
12 16
12 35
12 36
12 37
12 38
12 41
12 42
12 43
12 44
12 45
12 48
12 50
12 63
12 64
12 65
12 66
12 67
12 68
12 69
12 70
12 71
12 72
12 73
12 74
12 75
12 76
12 77
12 78
12 79
12 80
12 81
12 82
12 83
12 84
12 85
12 86
12 87
12 88
12 89
12 90
12 91
12 92
12 93
12 110
12 112
12 114
12 116
12 117
12 123
12 124
12 125
12 128
12 148
12 149
12 150
12 151
12 152
12 153
12 154
12 155
12 171
12 172
12 173
12 174
12 175
12 187
12 188
12 190
12 191
12 193
12 195
12 196
12 197
12 198
12 205
12 207
12 208
12 217
12 218
12 219
12 232
12 233
12 245
12 256
12 257
12 258
12 268
13 14
13 15
13 16
13 33
13 35
13 36
13 37
13 38
13 41
13 42
13 43
13 44
13 45
13 48
13 50
13 63
13 64
13 65
13 66
13 67
13 68
13 69
13 70
13 71
13 72
13 73
13 74
13 75
13 76
13 77
13 78
13 79
13 80
13 81
13 82
13 83
13 84
13 85
13 86
13 87
13 88
13 89
13 90
13 91
13 92
13 93
13 110
13 112
13 114
13 116
13 117
13 123
13 124
13 125
13 128
13 148
13 149
13 150
13 151
13 152
13 153
13 154
13 155
13 171
13 172
13 173
13 174
13 175
13 187
13 188
13 190
13 191
13 193
13 195
13 196
13 197
13 198
13 205
13 207
13 208
13 217
13 218
13 219
13 232
13 233
13 245
13 256
13 257
13 258
13 268
14 15
14 16
14 33
14 35
14 36
14 37
14 38
14 41
14 42
14 43
14 44
14 45
14 48
14 50
14 63
14 64
14 65
14 66
14 67
14 68
14 69
14 70
14 71
14 72
14 73
14 74
14 75
14 76
14 77
14 78
14 79
14 80
14 81
14 82
14 83
14 84
14 85
14 86
14 87
14 88
14 89
14 90
14 91
14 92
14 93
14 110
14 112
14 114
14 116
14 117
14 123
14 124
14 125
14 128
14 148
14 149
14 150
14 151
14 152
14 153
14 154
14 155
14 171
14 172
14 173
14 174
14 175
14 187
14 188
14 190
14 191
14 193
14 195
14 196
14 197
14 198
14 205
14 207
14 208
14 217
14 218
14 219
14 232
14 233
14 245
14 256
14 257
14 258
14 268
15 16
15 35
15 36
15 37
15 38
15 41
15 42
15 43
15 44
15 45
15 48
15 50
15 63
15 64
15 65
15 66
15 67
15 68
15 69
15 70
15 71
15 72
15 73
15 74
15 75
15 76
15 77
15 78
15 79
15 80
15 81
15 82
15 83
15 84
15 85
15 86
15 87
15 88
15 89
15 90
15 91
15 92
15 93
15 110
15 112
15 114
15 116
15 117
15 123
15 124
15 125
15 128
15 148
15 149
15 150
15 151
15 152
15 153
15 154
15 155
15 171
15 172
15 173
15 174
15 175
15 187
15 188
15 190
15 191
15 193
15 195
15 196
15 197
15 198
15 205
15 207
15 208
15 217
15 218
15 219
15 232
15 233
15 245
15 256
15 257
15 258
15 268
16 35
16 36
16 37
16 38
16 41
16 42
16 43
16 44
16 45
16 48
16 50
16 63
16 64
16 65
16 66
16 67
16 68
16 69
16 70
16 71
16 72
16 73
16 74
16 75
16 76
16 77
16 78
16 79
16 80
16 81
16 82
16 83
16 84
16 85
16 86
16 87
16 88
16 89
16 90
16 91
16 92
16 93
16 110
16 112
16 114
16 116
16 117
16 123
16 124
16 125
16 128
16 148
16 149
16 150
16 151
16 152
16 153
16 154
16 155
16 171
16 172
16 173
16 174
16 175
16 187
16 188
16 190
16 191
16 193
16 195
16 196
16 197
16 198
16 205
16 207
16 208
16 217
16 218
16 219
16 232
16 233
16 245
16 256
16 257
16 258
16 268
17 18
17 19
17 20
17 21
17 22
17 23
17 24
17 25
17 26
17 27
17 28
17 29
17 30
17 31
17 32
17 33
17 34
17 35
17 36
17 37
17 38
17 39
17 40
17 41
17 42
17 43
17 44
17 45
17 46
17 47
17 48
17 49
17 50
17 51
17 52
17 53
17 54
17 55
17 56
17 57
17 58
17 59
17 60
17 61
17 62
17 63
17 64
17 65
17 66
17 67
17 68
17 69
17 70
17 71
17 72
17 73
17 74
17 75
17 76
17 77
17 78
17 79
17 80
17 81
17 82
17 83
17 84
17 85
17 86
17 87
17 88
17 89
17 90
17 91
17 92
17 93
17 94
17 95
17 96
17 97
17 98
17 99
17 100
17 101
17 102
17 103
17 104
17 105
17 106
17 107
17 108
17 109
17 110
17 111
17 112
17 113
17 114
17 115
17 116
17 117
17 118
17 119
17 120
17 121
17 122
17 123
17 124
17 125
17 126
17 127
17 128
17 129
17 130
17 131
17 132
17 133
17 134
17 135
17 136
17 137
17 138
17 139
17 140
17 141
17 142
17 143
17 144
17 145
17 146
17 147
17 148
17 149
17 150
17 151
17 152
17 153
17 154
17 155
17 156
17 157
17 158
17 159
17 160
17 161
17 162
17 163
17 164
17 165
17 166
17 167
17 168
17 169
17 170
17 171
17 172
17 173
17 174
17 175
17 176
17 177
17 178
17 179
17 180
17 181
17 182
17 183
17 184
17 185
17 186
17 187
17 188
17 189
17 190
17 191
17 192
17 193
17 194
17 195
17 196
17 197
17 198
17 199
17 200
17 201
17 202
17 203
17 204
17 205
17 206
17 207
17 208
17 209
17 210
17 211
17 212
17 213
17 214
17 215
17 216
17 217
17 218
17 219
17 220
17 221
17 222
17 223
17 224
17 225
17 226
17 227
17 228
17 229
17 230
17 231
17 232
17 233
17 234
17 235
17 236
17 237
17 238
17 239
17 240
17 241
17 242
17 243
17 244
17 245
17 246
17 247
17 248
17 249
17 250
17 251
17 252
17 253
17 254
17 255
17 256
17 257
17 258
17 259
17 260
17 261
17 262
17 263
17 264
17 265
17 266
17 267
17 268
17 269
18 19
18 20
18 21
18 22
18 23
18 24
18 25
18 26
18 27
18 28
18 29
18 30
18 31
18 32
18 33
18 34
18 35
18 36
18 37
18 38
18 39
18 40
18 41
18 42
18 43
18 44
18 46
18 47
18 48
18 49
18 50
18 51
18 52
18 53
18 54
18 55
18 56
18 57
18 58
18 59
18 60
18 61
18 62
18 63
18 64
18 65
18 66
18 67
18 68
18 69
18 70
18 80
18 81
18 82
18 83
18 84
18 85
18 86
18 87
18 88
18 89
18 90
18 91
18 92
18 93
18 94
18 95
18 96
18 97
18 98
18 99
18 100
18 101
18 102
18 103
18 104
18 105
18 106
18 107
18 108
18 109
18 111
18 112
18 113
18 114
18 115
18 116
18 117
18 118
18 119
18 120
18 121
18 122
18 123
18 124
18 125
18 126
18 127
18 129
18 130
18 131
18 132
18 133
18 134
18 135
18 136
18 137
18 138
18 139
18 140
18 141
18 142
18 143
18 144
18 145
18 146
18 147
18 156
18 157
18 158
18 159
18 160
18 161
18 162
18 163
18 164
18 165
18 166
18 167
18 168
18 169
18 170
18 176
18 177
18 178
18 179
18 180
18 181
18 182
18 183
18 184
18 185
18 186
18 189
18 190
18 191
18 192
18 193
18 194
18 195
18 196
18 197
18 198
18 199
18 200
18 201
18 202
18 203
18 204
18 205
18 206
18 207
18 208
18 209
18 210
18 211
18 212
18 213
18 214
18 215
18 216
18 220
18 221
18 222
18 223
18 224
18 225
18 226
18 227
18 228
18 229
18 230
18 231
18 234
18 235
18 236
18 237
18 238
18 239
18 240
18 241
18 242
18 243
18 244
18 246
18 247
18 248
18 249
18 250
18 251
18 252
18 253
18 254
18 255
18 259
18 260
18 261
18 262
18 263
18 264
18 265
18 266
18 267
18 269
19 20
19 21
19 22
19 23
19 24
19 25
19 26
19 27
19 28
19 29
19 30
19 31
19 32
19 33
19 34
19 35
19 36
19 37
19 38
19 39
19 40
19 41
19 42
19 43
19 44
19 46
19 47
19 48
19 49
19 50
19 51
19 52
19 53
19 54
19 55
19 56
19 57
19 58
19 59
19 60
19 61
19 62
19 63
19 64
19 65
19 66
19 67
19 68
19 69
19 70
19 71
19 80
19 81
19 82
19 83
19 84
19 85
19 86
19 87
19 88
19 89
19 90
19 91
19 92
19 93
19 94
19 95
19 96
19 97
19 98
19 99
19 100
19 101
19 102
19 103
19 104
19 105
19 106
19 107
19 108
19 109
19 111
19 112
19 113
19 114
19 115
19 116
19 117
19 118
19 119
19 120
19 121
19 122
19 123
19 124
19 125
19 126
19 127
19 129
19 130
19 131
19 132
19 133
19 134
19 135
19 136
19 137
19 138
19 139
19 140
19 141
19 142
19 143
19 144
19 145
19 146
19 147
19 156
19 157
19 158
19 159
19 160
19 161
19 162
19 163
19 164
19 165
19 166
19 167
19 168
19 169
19 170
19 176
19 177
19 178
19 179
19 180
19 181
19 182
19 183
19 184
19 185
19 186
19 189
19 190
19 191
19 192
19 193
19 194
19 195
19 196
19 197
19 198
19 199
19 200
19 201
19 202
19 203
19 204
19 205
19 206
19 207
19 208
19 209
19 210
19 211
19 212
19 213
19 214
19 215
19 216
19 220
19 221
19 222
19 223
19 224
19 225
19 226
19 227
19 228
19 229
19 230
19 231
19 234
19 235
19 236
19 237
19 238
19 239
19 240
19 241
19 242
19 243
19 244
19 246
19 247
19 248
19 249
19 250
19 251
19 252
19 253
19 254
19 255
19 259
19 260
19 261
19 262
19 263
19 264
19 265
19 266
19 267
19 269
20 21
20 22
20 23
20 24
20 25
20 26
20 27
20 28
20 29
20 30
20 31
20 32
20 33
20 34
20 35
20 36
20 37
20 38
20 39
20 40
20 41
20 42
20 43
20 44
20 46
20 47
20 48
20 49
20 50
20 51
20 52
20 53
20 54
20 55
20 56
20 57
20 58
20 59
20 60
20 61
20 62
20 63
20 64
20 65
20 66
20 67
20 68
20 69
20 70
20 71
20 72
20 80
20 81
20 82
20 83
20 84
20 85
20 86
20 87
20 88
20 89
20 90
20 91
20 92
20 93
20 94
20 95
20 96
20 97
20 98
20 99
20 100
20 101
20 102
20 103
20 104
20 105
20 106
20 107
20 108
20 109
20 111
20 112
20 113
20 114
20 115
20 116
20 117
20 118
20 119
20 120
20 121
20 122
20 123
20 124
20 125
20 126
20 127
20 129
20 130
20 131
20 132
20 133
20 134
20 135
20 136
20 137
20 138
20 139
20 140
20 141
20 142
20 143
20 144
20 145
20 146
20 147
20 156
20 157
20 158
20 159
20 160
20 161
20 162
20 163
20 164
20 165
20 166
20 167
20 168
20 169
20 170
20 176
20 177
20 178
20 179
20 180
20 181
20 182
20 183
20 184
20 185
20 186
20 189
20 190
20 191
20 192
20 193
20 194
20 195
20 196
20 197
20 198
20 199
20 200
20 201
20 202
20 203
20 204
20 205
20 206
20 207
20 208
20 209
20 210
20 211
20 212
20 213
20 214
20 215
20 216
20 220
20 221
20 222
20 223
20 224
20 225
20 226
20 227
20 228
20 229
20 230
20 231
20 234
20 235
20 236
20 237
20 238
20 239
20 240
20 241
20 242
20 243
20 244
20 246
20 247
20 248
20 249
20 250
20 251
20 252
20 253
20 254
20 255
20 259
20 260
20 261
20 262
20 263
20 264
20 265
20 266
20 267
20 269
21 22
21 23
21 24
21 25
21 26
21 27
21 28
21 29
21 30
21 31
21 32
21 33
21 34
21 35
21 36
21 37
21 38
21 39
21 40
21 41
21 42
21 43
21 44
21 46
21 47
21 48
21 49
21 50
21 51
21 52
21 53
21 54
21 55
21 56
21 57
21 58
21 59
21 60
21 61
21 62
21 63
21 64
21 65
21 66
21 67
21 68
21 69
21 70
21 71
21 72
21 73
21 80
21 81
21 82
21 83
21 84
21 85
21 86
21 87
21 88
21 89
21 90
21 91
21 92
21 93
21 94
21 95
21 96
21 97
21 98
21 99
21 100
21 101
21 102
21 103
21 104
21 105
21 106
21 107
21 108
21 109
21 111
21 112
21 113
21 114
21 115
21 116
21 117
21 118
21 119
21 120
21 121
21 122
21 123
21 124
21 125
21 126
21 127
21 129
21 130
21 131
21 132
21 133
21 134
21 135
21 136
21 137
21 138
21 139
21 140
21 141
21 142
21 143
21 144
21 145
21 146
21 147
21 156
21 157
21 158
21 159
21 160
21 161
21 162
21 163
21 164
21 165
21 166
21 167
21 168
21 169
21 170
21 176
21 177
21 178
21 179
21 180
21 181
21 182
21 183
21 184
21 185
21 186
21 189
21 190
21 191
21 192
21 193
21 194
21 195
21 196
21 197
21 198
21 199
21 200
21 201
21 202
21 203
21 204
21 205
21 206
21 207
21 208
21 209
21 210
21 211
21 212
21 213
21 214
21 215
21 216
21 220
21 221
21 222
21 223
21 224
21 225
21 226
21 227
21 228
21 229
21 230
21 231
21 234
21 235
21 236
21 237
21 238
21 239
21 240
21 241
21 242
21 243
21 244
21 246
21 247
21 248
21 249
21 250
21 251
21 252
21 253
21 254
21 255
21 259
21 260
21 261
21 262
21 263
21 264
21 265
21 266
21 267
21 269
22 23
22 24
22 25
22 26
22 27
22 28
22 29
22 30
22 31
22 32
22 33
22 34
22 35
22 36
22 37
22 38
22 39
22 40
22 41
22 42
22 43
22 44
22 46
22 47
22 48
22 49
22 50
22 51
22 52
22 53
22 54
22 55
22 56
22 57
22 58
22 59
22 60
22 61
22 62
22 63
22 64
22 65
22 66
22 67
22 68
22 69
22 70
22 71
22 72
22 73
22 74
22 80
22 81
22 82
22 83
22 84
22 85
22 86
22 87
22 88
22 89
22 90
22 91
22 92
22 93
22 94
22 95
22 96
22 97
22 98
22 99
22 100
22 101
22 102
22 103
22 104
22 105
22 106
22 107
22 108
22 109
22 111
22 112
22 113
22 114
22 115
22 116
22 117
22 118
22 119
22 120
22 121
22 122
22 123
22 124
22 125
22 126
22 127
22 129
22 130
22 131
22 132
22 133
22 134
22 135
22 136
22 137
22 138
22 139
22 140
22 141
22 142
22 143
22 144
22 145
22 146
22 147
22 156
22 157
22 158
22 159
22 160
22 161
22 162
22 163
22 164
22 165
22 166
22 167
22 168
22 169
22 170
22 176
22 177
22 178
22 179
22 180
22 181
22 182
22 183
22 184
22 185
22 186
22 189
22 190
22 191
22 192
22 193
22 194
22 195
22 196
22 197
22 198
22 199
22 200
22 201
22 202
22 203
22 204
22 205
22 206
22 207
22 208
22 209
22 210
22 211
22 212
22 213
22 214
22 215
22 216
22 220
22 221
22 222
22 223
22 224
22 225
22 226
22 227
22 228
22 229
22 230
22 231
22 234
22 235
22 236
22 237
22 238
22 239
22 240
22 241
22 242
22 243
22 244
22 246
22 247
22 248
22 249
22 250
22 251
22 252
22 253
22 254
22 255
22 259
22 260
22 261
22 262
22 263
22 264
22 265
22 266
22 267
22 269
23 24
23 25
23 26
23 27
23 28
23 29
23 30
23 31
23 32
23 33
23 34
23 35
23 36
23 37
23 38
23 39
23 40
23 41
23 42
23 43
23 44
23 46
23 47
23 48
23 49
23 50
23 51
23 52
23 53
23 54
23 55
23 56
23 57
23 58
23 59
23 60
23 61
23 62
23 63
23 64
23 65
23 66
23 67
23 68
23 69
23 70
23 71
23 72
23 73
23 74
23 75
23 80
23 81
23 82
23 83
23 84
23 85
23 86
23 87
23 88
23 89
23 90
23 91
23 92
23 93
23 94
23 95
23 96
23 97
23 98
23 99
23 100
23 101
23 102
23 103
23 104
23 105
23 106
23 107
23 108
23 109
23 111
23 112
23 113
23 114
23 115
23 116
23 117
23 118
23 119
23 120
23 121
23 122
23 123
23 124
23 125
23 126
23 127
23 129
23 130
23 131
23 132
23 133
23 134
23 135
23 136
23 137
23 138
23 139
23 140
23 141
23 142
23 143
23 144
23 145
23 146
23 147
23 156
23 157
23 158
23 159
23 160
23 161
23 162
23 163
23 164
23 165
23 166
23 167
23 168
23 169
23 170
23 176
23 177
23 178
23 179
23 180
23 181
23 182
23 183
23 184
23 185
23 186
23 189
23 190
23 191
23 192
23 193
23 194
23 195
23 196
23 197
23 198
23 199
23 200
23 201
23 202
23 203
23 204
23 205
23 206
23 207
23 208
23 209
23 210
23 211
23 212
23 213
23 214
23 215
23 216
23 220
23 221
23 222
23 223
23 224
23 225
23 226
23 227
23 228
23 229
23 230
23 231
23 234
23 235
23 236
23 237
23 238
23 239
23 240
23 241
23 242
23 243
23 244
23 246
23 247
23 248
23 249
23 250
23 251
23 252
23 253
23 254
23 255
23 259
23 260
23 261
23 262
23 263
23 264
23 265
23 266
23 267
23 269
24 25
24 26
24 27
24 28
24 29
24 30
24 31
24 32
24 33
24 34
24 35
24 36
24 37
24 38
24 39
24 40
24 41
24 42
24 43
24 44
24 46
24 47
24 48
24 49
24 50
24 51
24 52
24 53
24 54
24 55
24 56
24 57
24 58
24 59
24 60
24 61
24 62
24 63
24 64
24 65
24 66
24 67
24 68
24 69
24 70
24 71
24 72
24 73
24 74
24 75
24 76
24 80
24 81
24 82
24 83
24 84
24 85
24 86
24 87
24 88
24 89
24 90
24 91
24 92
24 93
24 94
24 95
24 96
24 97
24 98
24 99
24 100
24 101
24 102
24 103
24 104
24 105
24 106
24 107
24 108
24 109
24 111
24 112
24 113
24 114
24 115
24 116
24 117
24 118
24 119
24 120
24 121
24 122
24 123
24 124
24 125
24 126
24 127
24 129
24 130
24 131
24 132
24 133
24 134
24 135
24 136
24 137
24 138
24 139
24 140
24 141
24 142
24 143
24 144
24 145
24 146
24 147
24 156
24 157
24 158
24 159
24 160
24 161
24 162
24 163
24 164
24 165
24 166
24 167
24 168
24 169
24 170
24 176
24 177
24 178
24 179
24 180
24 181
24 182
24 183
24 184
24 185
24 186
24 189
24 190
24 191
24 192
24 193
24 194
24 195
24 196
24 197
24 198
24 199
24 200
24 201
24 202
24 203
24 204
24 205
24 206
24 207
24 208
24 209
24 210
24 211
24 212
24 213
24 214
24 215
24 216
24 220
24 221
24 222
24 223
24 224
24 225
24 226
24 227
24 228
24 229
24 230
24 231
24 234
24 235
24 236
24 237
24 238
24 239
24 240
24 241
24 242
24 243
24 244
24 246
24 247
24 248
24 249
24 250
24 251
24 252
24 253
24 254
24 255
24 259
24 260
24 261
24 262
24 263
24 264
24 265
24 266
24 267
24 269
25 26
25 27
25 28
25 29
25 30
25 31
25 32
25 33
25 34
25 35
25 36
25 37
25 38
25 39
25 40
25 41
25 42
25 43
25 44
25 46
25 47
25 48
25 49
25 50
25 51
25 52
25 53
25 54
25 55
25 56
25 57
25 58
25 59
25 60
25 61
25 62
25 63
25 64
25 65
25 66
25 67
25 68
25 69
25 70
25 71
25 72
25 73
25 74
25 75
25 76
25 77
25 80
25 81
25 82
25 83
25 84
25 85
25 86
25 87
25 88
25 89
25 90
25 91
25 92
25 93
25 94
25 95
25 96
25 97
25 98
25 99
25 100
25 101
25 102
25 103
25 104
25 105
25 106
25 107
25 108
25 109
25 111
25 112
25 113
25 114
25 115
25 116
25 117
25 118
25 119
25 120
25 121
25 122
25 123
25 124
25 125
25 126
25 127
25 129
25 130
25 131
25 132
25 133
25 134
25 135
25 136
25 137
25 138
25 139
25 140
25 141
25 142
25 143
25 144
25 145
25 146
25 147
25 156
25 157
25 158
25 159
25 160
25 161
25 162
25 163
25 164
25 165
25 166
25 167
25 168
25 169
25 170
25 176
25 177
25 178
25 179
25 180
25 181
25 182
25 183
25 184
25 185
25 186
25 189
25 190
25 191
25 192
25 193
25 194
25 195
25 196
25 197
25 198
25 199
25 200
25 201
25 202
25 203
25 204
25 205
25 206
25 207
25 208
25 209
25 210
25 211
25 212
25 213
25 214
25 215
25 216
25 220
25 221
25 222
25 223
25 224
25 225
25 226
25 227
25 228
25 229
25 230
25 231
25 234
25 235
25 236
25 237
25 238
25 239
25 240
25 241
25 242
25 243
25 244
25 246
25 247
25 248
25 249
25 250
25 251
25 252
25 253
25 254
25 255
25 259
25 260
25 261
25 262
25 263
25 264
25 265
25 266
25 267
25 269
26 27
26 28
26 29
26 30
26 31
26 32
26 33
26 34
26 35
26 36
26 37
26 38
26 39
26 40
26 41
26 42
26 43
26 44
26 46
26 47
26 48
26 49
26 50
26 51
26 52
26 53
26 54
26 55
26 56
26 57
26 58
26 59
26 60
26 61
26 62
26 63
26 64
26 65
26 66
26 67
26 68
26 69
26 70
26 71
26 72
26 73
26 74
26 75
26 76
26 77
26 78
26 80
26 81
26 82
26 83
26 84
26 85
26 86
26 87
26 88
26 89
26 90
26 91
26 92
26 93
26 94
26 95
26 96
26 97
26 98
26 99
26 100
26 101
26 102
26 103
26 104
26 105
26 106
26 107
26 108
26 109
26 111
26 112
26 113
26 114
26 115
26 116
26 117
26 118
26 119
26 120
26 121
26 122
26 123
26 124
26 125
26 126
26 127
26 129
26 130
26 131
26 132
26 133
26 134
26 135
26 136
26 137
26 138
26 139
26 140
26 141
26 142
26 143
26 144
26 145
26 146
26 147
26 156
26 157
26 158
26 159
26 160
26 161
26 162
26 163
26 164
26 165
26 166
26 167
26 168
26 169
26 170
26 176
26 177
26 178
26 179
26 180
26 181
26 182
26 183
26 184
26 185
26 186
26 189
26 190
26 191
26 192
26 193
26 194
26 195
26 196
26 197
26 198
26 199
26 200
26 201
26 202
26 203
26 204
26 205
26 206
26 207
26 208
26 209
26 210
26 211
26 212
26 213
26 214
26 215
26 216
26 220
26 221
26 222
26 223
26 224
26 225
26 226
26 227
26 228
26 229
26 230
26 231
26 234
26 235
26 236
26 237
26 238
26 239
26 240
26 241
26 242
26 243
26 244
26 246
26 247
26 248
26 249
26 250
26 251
26 252
26 253
26 254
26 255
26 259
26 260
26 261
26 262
26 263
26 264
26 265
26 266
26 267
26 269
27 28
27 29
27 30
27 31
27 32
27 33
27 34
27 35
27 36
27 37
27 38
27 39
27 40
27 41
27 42
27 43
27 44
27 46
27 47
27 48
27 49
27 50
27 51
27 52
27 53
27 54
27 55
27 56
27 57
27 58
27 59
27 60
27 61
27 62
27 63
27 64
27 65
27 66
27 67
27 68
27 69
27 70
27 71
27 72
27 73
27 74
27 75
27 76
27 77
27 78
27 79
27 80
27 81
27 82
27 83
27 84
27 85
27 86
27 87
27 88
27 89
27 90
27 91
27 92
27 93
27 94
27 95
27 96
27 97
27 98
27 99
27 100
27 101
27 102
27 103
27 104
27 105
27 106
27 107
27 108
27 109
27 111
27 112
27 113
27 114
27 115
27 116
27 117
27 118
27 119
27 120
27 121
27 122
27 123
27 124
27 125
27 126
27 127
27 129
27 130
27 131
27 132
27 133
27 134
27 135
27 136
27 137
27 138
27 139
27 140
27 141
27 142
27 143
27 144
27 145
27 146
27 147
27 156
27 157
27 158
27 159
27 160
27 161
27 162
27 163
27 164
27 165
27 166
27 167
27 168
27 169
27 170
27 176
27 177
27 178
27 179
27 180
27 181
27 182
27 183
27 184
27 185
27 186
27 189
27 190
27 191
27 192
27 193
27 194
27 195
27 196
27 197
27 198
27 199
27 200
27 201
27 202
27 203
27 204
27 205
27 206
27 207
27 208
27 209
27 210
27 211
27 212
27 213
27 214
27 215
27 216
27 220
27 221
27 222
27 223
27 224
27 225
27 226
27 227
27 228
27 229
27 230
27 231
27 234
27 235
27 236
27 237
27 238
27 239
27 240
27 241
27 242
27 243
27 244
27 246
27 247
27 248
27 249
27 250
27 251
27 252
27 253
27 254
27 255
27 259
27 260
27 261
27 262
27 263
27 264
27 265
27 266
27 267
27 269
28 29
28 30
28 31
28 32
28 33
28 34
28 35
28 36
28 37
28 38
28 39
28 40
28 41
28 42
28 43
28 44
28 46
28 47
28 48
28 49
28 50
28 51
28 52
28 53
28 54
28 55
28 56
28 57
28 58
28 59
28 60
28 61
28 62
28 63
28 64
28 65
28 66
28 67
28 68
28 69
28 70
28 71
28 72
28 73
28 74
28 75
28 76
28 77
28 78
28 79
28 80
28 81
28 82
28 83
28 84
28 85
28 86
28 87
28 88
28 89
28 90
28 91
28 92
28 93
28 94
28 95
28 96
28 97
28 98
28 99
28 100
28 101
28 102
28 103
28 104
28 105
28 106
28 107
28 108
28 109
28 111
28 112
28 113
28 114
28 115
28 116
28 117
28 118
28 119
28 120
28 121
28 122
28 123
28 124
28 125
28 126
28 127
28 129
28 130
28 131
28 132
28 133
28 134
28 135
28 136
28 137
28 138
28 139
28 140
28 141
28 142
28 143
28 144
28 145
28 146
28 147
28 156
28 157
28 158
28 159
28 160
28 161
28 162
28 163
28 164
28 165
28 166
28 167
28 168
28 169
28 170
28 176
28 177
28 178
28 179
28 180
28 181
28 182
28 183
28 184
28 185
28 186
28 189
28 190
28 191
28 192
28 193
28 194
28 195
28 196
28 197
28 198
28 199
28 200
28 201
28 202
28 203
28 204
28 205
28 206
28 207
28 208
28 209
28 210
28 211
28 212
28 213
28 214
28 215
28 216
28 220
28 221
28 222
28 223
28 224
28 225
28 226
28 227
28 228
28 229
28 230
28 231
28 234
28 235
28 236
28 237
28 238
28 239
28 240
28 241
28 242
28 243
28 244
28 246
28 247
28 248
28 249
28 250
28 251
28 252
28 253
28 254
28 255
28 259
28 260
28 261
28 262
28 263
28 264
28 265
28 266
28 267
28 269
29 30
29 31
29 32
29 33
29 34
29 35
29 36
29 37
29 38
29 39
29 40
29 41
29 42
29 43
29 44
29 46
29 47
29 48
29 49
29 50
29 51
29 52
29 53
29 54
29 55
29 56
29 57
29 58
29 59
29 60
29 61
29 62
29 63
29 64
29 65
29 66
29 67
29 68
29 69
29 70
29 71
29 72
29 73
29 74
29 75
29 76
29 77
29 78
29 79
29 80
29 81
29 82
29 83
29 84
29 85
29 86
29 87
29 88
29 89
29 90
29 91
29 92
29 93
29 94
29 95
29 96
29 97
29 98
29 99
29 100
29 101
29 102
29 103
29 104
29 105
29 106
29 107
29 108
29 109
29 111
29 112
29 113
29 114
29 115
29 116
29 117
29 118
29 119
29 120
29 121
29 122
29 123
29 124
29 125
29 126
29 127
29 129
29 130
29 131
29 132
29 133
29 134
29 135
29 136
29 137
29 138
29 139
29 140
29 141
29 142
29 143
29 144
29 145
29 146
29 147
29 156
29 157
29 158
29 159
29 160
29 161
29 162
29 163
29 164
29 165
29 166
29 167
29 168
29 169
29 170
29 176
29 177
29 178
29 179
29 180
29 181
29 182
29 183
29 184
29 185
29 186
29 189
29 190
29 191
29 192
29 193
29 194
29 195
29 196
29 197
29 198
29 199
29 200
29 201
29 202
29 203
29 204
29 205
29 206
29 207
29 208
29 209
29 210
29 211
29 212
29 213
29 214
29 215
29 216
29 220
29 221
29 222
29 223
29 224
29 225
29 226
29 227
29 228
29 229
29 230
29 231
29 234
29 235
29 236
29 237
29 238
29 239
29 240
29 241
29 242
29 243
29 244
29 246
29 247
29 248
29 249
29 250
29 251
29 252
29 253
29 254
29 255
29 259
29 260
29 261
29 262
29 263
29 264
29 265
29 266
29 267
29 269
30 31
30 32
30 33
30 34
30 35
30 36
30 37
30 38
30 39
30 40
30 41
30 42
30 43
30 44
30 46
30 47
30 48
30 49
30 50
30 51
30 52
30 53
30 54
30 55
30 56
30 57
30 58
30 59
30 60
30 61
30 62
30 63
30 64
30 65
30 66
30 67
30 68
30 69
30 70
30 71
30 72
30 73
30 74
30 75
30 76
30 77
30 78
30 79
30 80
30 81
30 82
30 83
30 84
30 85
30 86
30 87
30 88
30 89
30 90
30 91
30 92
30 93
30 94
30 95
30 96
30 97
30 98
30 99
30 100
30 101
30 102
30 103
30 104
30 105
30 106
30 107
30 108
30 109
30 111
30 112
30 113
30 114
30 115
30 116
30 117
30 118
30 119
30 120
30 121
30 122
30 123
30 124
30 125
30 126
30 127
30 129
30 130
30 131
30 132
30 133
30 134
30 135
30 136
30 137
30 138
30 139
30 140
30 141
30 142
30 143
30 144
30 145
30 146
30 147
30 156
30 157
30 158
30 159
30 160
30 161
30 162
30 163
30 164
30 165
30 166
30 167
30 168
30 169
30 170
30 176
30 177
30 178
30 179
30 180
30 181
30 182
30 183
30 184
30 185
30 186
30 189
30 190
30 191
30 192
30 193
30 194
30 195
30 196
30 197
30 198
30 199
30 200
30 201
30 202
30 203
30 204
30 205
30 206
30 207
30 208
30 209
30 210
30 211
30 212
30 213
30 214
30 215
30 216
30 220
30 221
30 222
30 223
30 224
30 225
30 226
30 227
30 228
30 229
30 230
30 231
30 234
30 235
30 236
30 237
30 238
30 239
30 240
30 241
30 242
30 243
30 244
30 246
30 247
30 248
30 249
30 250
30 251
30 252
30 253
30 254
30 255
30 259
30 260
30 261
30 262
30 263
30 264
30 265
30 266
30 267
30 269
31 32
31 33
31 34
31 35
31 36
31 37
31 38
31 39
31 40
31 41
31 42
31 43
31 44
31 46
31 47
31 48
31 49
31 50
31 51
31 52
31 53
31 54
31 55
31 56
31 57
31 58
31 59
31 60
31 61
31 62
31 63
31 64
31 65
31 66
31 67
31 68
31 69
31 70
31 71
31 72
31 73
31 74
31 75
31 76
31 77
31 78
31 79
31 80
31 81
31 82
31 83
31 84
31 85
31 86
31 87
31 88
31 89
31 90
31 91
31 92
31 93
31 94
31 95
31 96
31 97
31 98
31 99
31 100
31 101
31 102
31 103
31 104
31 105
31 106
31 107
31 108
31 109
31 111
31 112
31 113
31 114
31 115
31 116
31 117
31 118
31 119
31 120
31 121
31 122
31 123
31 124
31 125
31 126
31 127
31 129
31 130
31 131
31 132
31 133
31 134
31 135
31 136
31 137
31 138
31 139
31 140
31 141
31 142
31 143
31 144
31 145
31 146
31 147
31 156
31 157
31 158
31 159
31 160
31 161
31 162
31 163
31 164
31 165
31 166
31 167
31 168
31 169
31 170
31 176
31 177
31 178
31 179
31 180
31 181
31 182
31 183
31 184
31 185
31 186
31 189
31 190
31 191
31 192
31 193
31 194
31 195
31 196
31 197
31 198
31 199
31 200
31 201
31 202
31 203
31 204
31 205
31 206
31 207
31 208
31 209
31 210
31 211
31 212
31 213
31 214
31 215
31 216
31 220
31 221
31 222
31 223
31 224
31 225
31 226
31 227
31 228
31 229
31 230
31 231
31 234
31 235
31 236
31 237
31 238
31 239
31 240
31 241
31 242
31 243
31 244
31 246
31 247
31 248
31 249
31 250
31 251
31 252
31 253
31 254
31 255
31 259
31 260
31 261
31 262
31 263
31 264
31 265
31 266
31 267
31 269
32 33
32 34
32 35
32 36
32 37
32 38
32 39
32 40
32 41
32 42
32 43
32 44
32 46
32 47
32 48
32 49
32 50
32 51
32 52
32 53
32 54
32 55
32 56
32 57
32 58
32 59
32 60
32 61
32 62
32 63
32 64
32 65
32 66
32 67
32 68
32 69
32 70
32 71
32 72
32 73
32 74
32 75
32 76
32 77
32 78
32 79
32 80
32 81
32 82
32 83
32 84
32 85
32 86
32 87
32 88
32 89
32 90
32 91
32 92
32 93
32 94
32 95
32 96
32 97
32 98
32 99
32 100
32 101
32 102
32 103
32 104
32 105
32 106
32 107
32 108
32 109
32 111
32 112
32 113
32 114
32 115
32 116
32 117
32 118
32 119
32 120
32 121
32 122
32 123
32 124
32 125
32 126
32 127
32 129
32 130
32 131
32 132
32 133
32 134
32 135
32 136
32 137
32 138
32 139
32 140
32 141
32 142
32 143
32 144
32 145
32 146
32 147
32 156
32 157
32 158
32 159
32 160
32 161
32 162
32 163
32 164
32 165
32 166
32 167
32 168
32 169
32 170
32 176
32 177
32 178
32 179
32 180
32 181
32 182
32 183
32 184
32 185
32 186
32 189
32 190
32 191
32 192
32 193
32 194
32 195
32 196
32 197
32 198
32 199
32 200
32 201
32 202
32 203
32 204
32 205
32 206
32 207
32 208
32 209
32 210
32 211
32 212
32 213
32 214
32 215
32 216
32 220
32 221
32 222
32 223
32 224
32 225
32 226
32 227
32 228
32 229
32 230
32 231
32 234
32 235
32 236
32 237
32 238
32 239
32 240
32 241
32 242
32 243
32 244
32 246
32 247
32 248
32 249
32 250
32 251
32 252
32 253
32 254
32 255
32 259
32 260
32 261
32 262
32 263
32 264
32 265
32 266
32 267
32 269
33 35
33 37
33 39
33 41
33 42
33 43
33 46
33 48
33 52
33 53
33 54
33 55
33 56
33 57
33 63
33 64
33 65
33 66
33 67
33 68
33 69
33 70
33 80
33 81
33 82
33 83
33 84
33 85
33 86
33 87
33 88
33 89
33 90
33 91
33 92
33 93
33 94
33 95
33 96
33 97
33 98
33 99
33 100
33 101
33 102
33 103
33 104
33 105
33 106
33 107
33 108
33 109
33 111
33 112
33 113
33 114
33 115
33 116
33 117
33 118
33 119
33 120
33 121
33 122
33 123
33 124
33 125
33 126
33 127
33 129
33 130
33 131
33 132
33 133
33 134
33 135
33 136
33 137
33 138
33 139
33 140
33 141
33 142
33 143
33 144
33 145
33 146
33 147
33 156
33 157
33 158
33 159
33 160
33 161
33 162
33 163
33 164
33 165
33 166
33 167
33 168
33 169
33 170
33 176
33 260
33 261
33 262
33 263
33 264
33 265
33 266
33 267
33 269
34 36
34 38
34 40
34 41
34 42
34 44
34 47
34 48
34 49
34 50
34 51
34 58
34 59
34 60
34 61
34 62
34 63
34 64
34 65
34 66
34 67
34 68
34 69
34 70
34 80
34 81
34 82
34 83
34 84
34 85
34 86
34 87
34 88
34 89
34 90
34 91
34 92
34 93
34 112
34 114
34 177
34 178
34 179
34 180
34 181
34 182
34 183
34 184
34 185
34 186
34 189
34 190
34 191
34 192
34 193
34 194
34 195
34 196
34 197
34 198
34 199
34 200
34 201
34 202
34 203
34 204
34 205
34 206
34 207
34 208
34 209
34 210
34 211
34 212
34 213
34 214
34 215
34 216
34 220
34 221
34 222
34 223
34 224
34 225
34 226
34 227
34 228
34 229
34 230
34 231
34 234
34 235
34 236
34 237
34 238
34 239
34 240
34 241
34 242
34 243
34 244
34 246
34 247
34 248
34 249
34 250
34 251
34 252
34 253
34 254
34 255
34 259
35 37
35 39
35 41
35 42
35 43
35 46
35 48
35 55
35 56
35 63
35 64
35 65
35 66
35 67
35 68
35 69
35 70
35 80
35 81
35 82
35 83
35 84
35 85
35 86
35 87
35 88
35 89
35 90
35 91
35 92
35 93
35 112
35 114
35 116
35 117
35 122
35 123
35 124
35 125
35 126
35 127
35 129
35 130
35 131
35 132
35 133
35 134
35 135
35 136
35 137
35 138
35 139
35 140
35 141
35 142
35 143
35 144
35 145
35 146
35 147
35 156
35 157
35 158
35 159
35 160
35 161
35 162
35 163
35 164
35 165
35 166
35 167
35 168
35 169
35 170
35 176
36 38
36 40
36 41
36 44
36 47
36 48
36 50
36 61
36 62
36 63
36 64
36 65
36 66
36 67
36 68
36 69
36 70
36 80
36 81
36 82
36 83
36 84
36 85
36 86
36 87
36 88
36 89
36 90
36 91
36 92
36 93
36 112
36 114
36 190
36 191
36 193
36 195
36 196
36 197
36 198
36 205
36 206
36 207
36 208
36 209
36 210
36 211
36 212
36 213
36 214
36 215
36 216
36 220
36 221
36 222
36 223
36 224
36 225
36 226
36 227
36 228
36 229
36 230
36 231
37 39
37 41
37 42
37 43
37 46
37 48
37 55
37 56
37 63
37 64
37 65
37 66
37 67
37 68
37 69
37 70
37 80
37 81
37 82
37 83
37 84
37 85
37 86
37 87
37 88
37 89
37 90
37 91
37 92
37 93
37 112
37 114
37 116
37 117
37 118
37 121
37 122
37 123
37 124
37 125
37 126
37 127
37 129
37 130
37 131
37 132
37 133
37 134
37 135
37 136
37 137
37 138
37 139
37 140
37 141
37 142
37 143
37 144
37 145
37 146
37 147
37 156
37 157
37 158
37 159
37 160
37 161
37 162
37 163
37 164
37 165
37 166
37 167
37 168
37 169
37 170
37 176
38 40
38 41
38 44
38 47
38 48
38 50
38 51
38 60
38 61
38 62
38 63
38 64
38 65
38 66
38 67
38 68
38 69
38 70
38 80
38 81
38 82
38 83
38 84
38 85
38 86
38 87
38 88
38 89
38 90
38 91
38 92
38 93
38 112
38 114
38 190
38 191
38 193
38 195
38 196
38 197
38 198
38 199
38 201
38 202
38 203
38 204
38 205
38 206
38 207
38 208
38 209
38 210
38 211
38 212
38 213
38 214
38 215
38 216
38 220
38 221
38 222
38 223
38 224
38 225
38 226
38 227
38 228
38 229
38 230
38 231
38 234
38 235
38 236
38 237
38 238
38 239
38 240
38 241
38 242
38 243
38 244
38 246
39 41
39 42
39 43
39 46
39 48
39 55
39 56
39 57
39 63
39 64
39 65
39 66
39 67
39 68
39 69
39 70
39 80
39 81
39 82
39 83
39 84
39 85
39 86
39 87
39 88
39 89
39 90
39 91
39 92
39 93
39 112
39 114
39 116
39 117
39 118
39 119
39 120
39 121
39 122
39 123
39 124
39 125
39 126
39 127
39 129
39 130
39 131
39 132
39 133
39 134
39 135
39 136
39 137
39 138
39 139
39 140
39 141
39 142
39 143
39 144
39 145
39 146
39 147
39 156
39 157
39 158
39 159
39 160
39 161
39 162
39 163
39 164
39 165
39 166
39 167
39 168
39 169
39 170
39 176
39 260
39 261
39 262
39 263
39 264
39 265
39 266
39 267
39 269
40 41
40 42
40 44
40 47
40 48
40 50
40 51
40 58
40 60
40 61
40 62
40 63
40 64
40 65
40 66
40 67
40 68
40 69
40 70
40 80
40 81
40 82
40 83
40 84
40 85
40 86
40 87
40 88
40 89
40 90
40 91
40 92
40 93
40 112
40 114
40 190
40 191
40 192
40 193
40 194
40 195
40 196
40 197
40 198
40 199
40 200
40 201
40 202
40 203
40 204
40 205
40 206
40 207
40 208
40 209
40 210
40 211
40 212
40 213
40 214
40 215
40 216
40 220
40 221
40 222
40 223
40 224
40 225
40 226
40 227
40 228
40 229
40 230
40 231
40 234
40 235
40 236
40 237
40 238
40 239
40 240
40 241
40 242
40 243
40 244
40 246
40 247
40 248
40 249
40 250
40 251
40 252
40 253
40 254
40 255
40 259
41 42
41 43
41 44
41 46
41 47
41 48
41 50
41 51
41 55
41 56
41 57
41 58
41 60
41 61
41 62
41 63
41 64
41 65
41 66
41 67
41 68
41 69
41 70
41 80
41 81
41 82
41 83
41 84
41 85
41 86
41 87
41 88
41 89
41 90
41 91
41 92
41 93
41 112
41 114
41 116
41 117
41 118
41 119
41 120
41 121
41 122
41 123
41 124
41 125
41 126
41 127
41 129
41 130
41 131
41 132
41 133
41 134
41 135
41 136
41 137
41 138
41 139
41 140
41 141
41 142
41 143
41 144
41 145
41 146
41 147
41 156
41 157
41 158
41 159
41 160
41 161
41 162
41 163
41 164
41 165
41 166
41 167
41 168
41 169
41 170
41 176
41 190
41 191
41 192
41 193
41 194
41 195
41 196
41 197
41 198
41 199
41 200
41 201
41 202
41 203
41 204
41 205
41 206
41 207
41 208
41 209
41 210
41 211
41 212
41 213
41 214
41 215
41 216
41 220
41 221
41 222
41 223
41 224
41 225
41 226
41 227
41 228
41 229
41 230
41 231
41 234
41 235
41 236
41 237
41 238
41 239
41 240
41 241
41 242
41 243
41 244
41 246
41 247
41 248
41 249
41 250
41 251
41 252
41 253
41 254
41 255
41 259
41 260
41 261
41 262
41 263
41 264
41 265
41 266
41 267
41 269
42 43
42 46
42 47
42 48
42 55
42 56
42 57
42 63
42 64
42 65
42 66
42 67
42 68
42 69
42 70
42 80
42 81
42 82
42 83
42 84
42 85
42 86
42 87
42 88
42 89
42 90
42 91
42 92
42 93
42 112
42 114
42 116
42 117
42 118
42 119
42 120
42 121
42 122
42 123
42 124
42 125
42 126
42 127
42 129
42 130
42 131
42 132
42 133
42 134
42 135
42 136
42 137
42 138
42 139
42 140
42 141
42 142
42 143
42 144
42 145
42 146
42 147
42 156
42 157
42 158
42 159
42 160
42 161
42 162
42 163
42 164
42 165
42 166
42 167
42 168
42 169
42 170
42 176
42 247
42 260
42 261
42 262
42 263
42 264
42 265
42 266
42 267
42 269
43 46
43 48
43 55
43 56
43 63
43 64
43 65
43 66
43 67
43 68
43 69
43 70
43 80
43 81
43 82
43 83
43 84
43 85
43 86
43 87
43 88
43 89
43 90
43 91
43 92
43 93
43 112
43 114
43 116
43 117
43 118
43 119
43 120
43 121
43 122
43 123
43 124
43 125
43 126
43 127
43 129
43 130
43 131
43 132
43 133
43 134
43 135
43 136
43 137
43 138
43 139
43 140
43 141
43 142
43 143
43 144
43 145
43 146
43 147
43 156
43 157
43 158
43 159
43 160
43 161
43 162
43 163
43 164
43 165
43 166
43 167
43 168
43 169
43 170
43 176
44 47
44 48
44 50
44 51
44 60
44 61
44 62
44 63
44 64
44 65
44 66
44 67
44 68
44 69
44 70
44 80
44 81
44 82
44 83
44 84
44 85
44 86
44 87
44 88
44 89
44 90
44 91
44 92
44 93
44 112
44 114
44 190
44 191
44 193
44 195
44 196
44 197
44 198
44 199
44 200
44 201
44 202
44 203
44 204
44 205
44 206
44 207
44 208
44 209
44 210
44 211
44 212
44 213
44 214
44 215
44 216
44 220
44 221
44 222
44 223
44 224
44 225
44 226
44 227
44 228
44 229
44 230
44 231
44 234
44 235
44 236
44 237
44 238
44 239
44 240
44 241
44 242
44 243
44 244
44 246
45 71
45 72
45 73
45 74
45 75
45 76
45 77
45 78
45 79
45 232
45 233
46 48
46 52
46 53
46 54
46 56
46 63
46 64
46 65
46 66
46 67
46 68
46 69
46 70
46 80
46 81
46 82
46 83
46 84
46 85
46 86
46 87
46 88
46 89
46 90
46 91
46 92
46 93
46 94
46 95
46 96
46 97
46 98
46 99
46 100
46 101
46 102
46 103
46 104
46 105
46 106
46 107
46 108
46 109
46 111
46 112
46 113
46 114
46 115
46 116
46 117
46 118
46 119
46 120
46 121
46 122
46 123
46 124
46 125
46 126
46 127
46 129
46 130
46 131
46 132
46 133
46 134
46 135
46 136
46 137
46 138
46 139
46 140
46 141
46 142
46 143
46 144
46 145
46 146
46 147
46 156
47 48
47 49
47 50
47 51
47 58
47 59
47 60
47 62
47 63
47 64
47 65
47 66
47 67
47 68
47 69
47 70
47 80
47 81
47 82
47 83
47 84
47 85
47 86
47 87
47 88
47 89
47 90
47 91
47 92
47 93
47 112
47 114
47 177
47 178
47 179
47 180
47 181
47 182
47 183
47 184
47 185
47 186
47 189
47 190
47 191
47 192
47 193
47 194
47 195
47 196
47 197
47 198
47 199
47 200
47 201
47 202
47 203
47 204
47 205
47 206
47 207
47 208
47 209
47 210
47 211
47 212
47 213
47 214
47 215
47 216
47 220
47 234
47 235
47 236
47 237
47 238
47 239
47 240
47 241
47 242
47 243
47 244
47 246
47 247
47 248
47 249
47 250
47 251
47 252
47 253
47 254
47 255
47 259
48 50
48 51
48 55
48 56
48 57
48 58
48 60
48 61
48 62
48 63
48 64
48 65
48 66
48 67
48 68
48 69
48 70
48 80
48 81
48 82
48 83
48 84
48 85
48 86
48 87
48 88
48 89
48 90
48 91
48 92
48 93
48 112
48 114
48 116
48 117
48 118
48 119
48 120
48 121
48 122
48 123
48 124
48 125
48 126
48 127
48 129
48 130
48 131
48 132
48 133
48 134
48 135
48 136
48 137
48 138
48 139
48 140
48 141
48 142
48 143
48 144
48 145
48 146
48 147
48 156
48 157
48 158
48 159
48 160
48 161
48 162
48 163
48 164
48 165
48 166
48 167
48 168
48 169
48 170
48 176
48 190
48 191
48 192
48 193
48 194
48 195
48 196
48 197
48 198
48 199
48 200
48 201
48 202
48 203
48 204
48 205
48 206
48 207
48 208
48 209
48 210
48 211
48 212
48 213
48 214
48 215
48 216
48 220
48 221
48 222
48 223
48 224
48 225
48 226
48 227
48 228
48 229
48 230
48 231
48 234
48 235
48 236
48 237
48 238
48 239
48 240
48 241
48 242
48 243
48 244
48 246
48 247
48 248
48 249
48 250
48 251
48 252
48 253
48 254
48 255
48 259
48 260
48 261
48 262
48 263
48 264
48 265
48 266
48 267
48 269
49 59
49 63
49 64
49 65
49 66
49 67
49 68
49 69
49 70
49 80
49 81
49 82
49 83
49 84
49 85
49 86
49 87
49 177
49 178
49 180
49 181
49 182
49 183
49 184
49 185
49 186
49 189
50 61
50 62
50 63
50 64
50 65
50 66
50 67
50 68
50 69
50 70
50 80
50 81
50 82
50 83
50 84
50 85
50 86
50 87
50 88
50 89
50 90
50 91
50 92
50 93
50 112
50 114
50 190
50 191
50 193
50 195
50 196
50 197
50 198
50 205
50 206
50 207
50 208
50 209
50 210
50 211
50 212
50 213
50 214
50 215
50 216
50 220
50 221
50 222
50 223
50 224
50 225
50 226
50 227
50 228
50 229
50 230
50 231
51 60
51 63
51 64
51 65
51 66
51 67
51 68
51 69
51 70
51 80
51 81
51 82
51 83
51 84
51 85
51 86
51 87
51 88
51 89
51 90
51 91
51 92
51 93
51 112
51 114
51 190
51 191
51 193
51 195
51 196
51 197
51 198
51 234
51 237
51 238
51 239
51 240
51 241
51 242
51 243
51 244
51 246
52 53
52 54
52 63
52 64
52 65
52 66
52 67
52 68
52 69
52 70
52 80
52 81
52 82
52 83
52 84
52 85
52 86
52 87
52 88
52 89
52 90
52 91
52 92
52 93
52 94
52 95
52 97
52 98
52 99
52 100
52 101
52 102
52 103
52 104
52 105
52 106
52 107
52 108
52 109
52 111
53 54
53 63
53 64
53 65
53 66
53 67
53 68
53 69
53 70
53 80
53 81
53 82
53 83
53 84
53 85
53 86
53 87
53 88
53 89
53 90
53 91
53 92
53 93
53 94
53 95
53 97
53 98
53 99
53 100
53 101
53 102
53 103
53 104
53 105
53 106
53 107
53 108
53 109
53 111
54 63
54 64
54 65
54 66
54 67
54 68
54 69
54 70
54 80
54 81
54 82
54 83
54 84
54 85
54 86
54 87
54 88
54 89
54 90
54 91
54 92
54 93
54 94
54 95
54 99
54 100
54 103
54 104
54 105
54 107
54 108
54 109
54 111
55 63
55 64
55 65
55 66
55 67
55 68
55 69
55 70
55 80
55 81
55 82
55 83
55 84
55 85
55 86
55 87
55 88
55 89
55 90
55 91
55 92
55 93
55 112
55 114
55 116
55 117
55 123
55 124
55 125
55 164
55 168
55 169
55 170
55 176
56 63
56 64
56 65
56 66
56 67
56 68
56 69
56 70
56 80
56 81
56 82
56 83
56 84
56 85
56 86
56 87
56 88
56 89
56 90
56 91
56 92
56 93
56 112
56 114
56 116
56 117
56 138
56 143
56 144
56 145
56 146
56 147
56 156
57 63
57 64
57 65
57 66
57 67
57 68
57 69
57 70
57 80
57 81
57 82
57 83
57 84
57 85
57 86
57 87
57 88
57 89
57 90
57 91
57 92
57 93
57 112
57 114
57 264
57 266
57 267
57 269
58 63
58 64
58 65
58 66
58 67
58 68
58 69
58 70
58 80
58 81
58 82
58 83
58 84
58 85
58 86
58 87
58 88
58 89
58 90
58 91
58 92
58 93
58 112
58 114
58 251
58 253
58 254
58 255
58 259
59 63
59 64
59 65
59 66
59 67
59 68
59 69
59 70
59 80
59 81
59 82
59 83
59 84
59 85
59 86
59 177
59 178
59 181
59 182
59 184
59 186
59 189
60 63
60 64
60 65
60 66
60 67
60 68
60 69
60 70
60 80
60 81
60 82
60 83
60 84
60 85
60 86
60 87
60 88
60 89
60 90
60 91
60 92
60 93
60 112
60 114
60 190
60 191
60 193
60 195
60 196
60 197
60 198
60 234
60 238
60 239
60 243
60 244
60 246
61 63
61 64
61 65
61 66
61 67
61 68
61 69
61 70
61 80
61 81
61 82
61 83
61 84
61 85
61 86
61 87
61 88
61 89
61 90
61 91
61 92
61 93
61 112
61 114
61 190
61 191
61 193
61 195
61 196
61 197
61 198
61 205
61 207
61 208
61 223
61 225
61 227
61 228
61 229
61 230
61 231
62 63
62 64
62 65
62 66
62 67
62 68
62 69
62 70
62 80
62 81
62 82
62 83
62 84
62 85
62 86
62 87
62 88
62 89
62 90
62 91
62 92
62 93
62 112
62 114
62 190
62 191
62 193
62 195
62 196
62 197
62 198
62 205
62 213
62 215
62 216
62 220
63 64
63 65
63 66
63 67
63 68
63 69
63 70
63 80
63 81
63 82
63 83
63 84
63 85
63 86
63 87
63 88
63 89
63 90
63 91
63 92
63 93
63 94
63 95
63 96
63 97
63 98
63 99
63 100
63 101
63 102
63 103
63 104
63 105
63 106
63 107
63 108
63 109
63 111
63 112
63 113
63 114
63 115
63 116
63 117
63 118
63 119
63 120
63 121
63 122
63 123
63 124
63 125
63 126
63 127
63 129
63 130
63 131
63 132
63 133
63 134
63 135
63 136
63 137
63 138
63 139
63 140
63 141
63 142
63 143
63 144
63 145
63 146
63 147
63 156
63 157
63 158
63 159
63 160
63 161
63 162
63 163
63 164
63 165
63 166
63 167
63 168
63 169
63 170
63 176
63 177
63 178
63 179
63 180
63 181
63 182
63 183
63 184
63 185
63 186
63 189
63 190
63 191
63 192
63 193
63 194
63 195
63 196
63 197
63 198
63 199
63 200
63 201
63 202
63 203
63 204
63 205
63 206
63 207
63 208
63 209
63 210
63 211
63 212
63 213
63 214
63 215
63 216
63 220
63 221
63 222
63 223
63 224
63 225
63 226
63 227
63 228
63 229
63 230
63 231
63 234
63 235
63 236
63 237
63 238
63 239
63 240
63 241
63 242
63 243
63 244
63 246
63 247
63 248
63 249
63 250
63 251
63 252
63 253
63 254
63 255
63 259
63 260
63 261
63 262
63 263
63 264
63 265
63 266
63 267
63 269
64 65
64 66
64 67
64 68
64 69
64 70
64 80
64 81
64 82
64 83
64 84
64 85
64 86
64 87
64 88
64 89
64 90
64 91
64 92
64 93
64 94
64 95
64 96
64 97
64 98
64 99
64 100
64 101
64 102
64 103
64 104
64 105
64 106
64 107
64 108
64 109
64 111
64 112
64 113
64 114
64 115
64 116
64 117
64 118
64 119
64 120
64 121
64 122
64 123
64 124
64 125
64 126
64 127
64 129
64 130
64 131
64 132
64 133
64 134
64 135
64 136
64 137
64 138
64 139
64 140
64 141
64 142
64 143
64 144
64 145
64 146
64 147
64 156
64 157
64 158
64 159
64 160
64 161
64 162
64 163
64 164
64 165
64 166
64 167
64 168
64 169
64 170
64 176
64 177
64 178
64 179
64 180
64 181
64 182
64 183
64 184
64 185
64 186
64 189
64 190
64 191
64 192
64 193
64 194
64 195
64 196
64 197
64 198
64 199
64 200
64 201
64 202
64 203
64 204
64 205
64 206
64 207
64 208
64 209
64 210
64 211
64 212
64 213
64 214
64 215
64 216
64 220
64 221
64 222
64 223
64 224
64 225
64 226
64 227
64 228
64 229
64 230
64 231
64 234
64 235
64 236
64 237
64 238
64 239
64 240
64 241
64 242
64 243
64 244
64 246
64 247
64 248
64 249
64 250
64 251
64 252
64 253
64 254
64 255
64 259
64 260
64 261
64 262
64 263
64 264
64 265
64 266
64 267
64 269
65 66
65 67
65 68
65 69
65 70
65 80
65 81
65 82
65 83
65 84
65 85
65 86
65 87
65 88
65 89
65 90
65 91
65 92
65 93
65 94
65 95
65 96
65 97
65 98
65 99
65 100
65 101
65 102
65 103
65 104
65 105
65 106
65 107
65 108
65 109
65 111
65 112
65 113
65 114
65 115
65 116
65 117
65 118
65 119
65 120
65 121
65 122
65 123
65 124
65 125
65 126
65 127
65 129
65 130
65 131
65 132
65 133
65 134
65 135
65 136
65 137
65 138
65 139
65 140
65 141
65 142
65 143
65 144
65 145
65 146
65 147
65 156
65 157
65 158
65 159
65 160
65 161
65 162
65 163
65 164
65 165
65 166
65 167
65 168
65 169
65 170
65 176
65 177
65 178
65 179
65 180
65 181
65 182
65 183
65 184
65 185
65 186
65 189
65 190
65 191
65 192
65 193
65 194
65 195
65 196
65 197
65 198
65 199
65 200
65 201
65 202
65 203
65 204
65 205
65 206
65 207
65 208
65 209
65 210
65 211
65 212
65 213
65 214
65 215
65 216
65 220
65 221
65 222
65 223
65 224
65 225
65 226
65 227
65 228
65 229
65 230
65 231
65 234
65 235
65 236
65 237
65 238
65 239
65 240
65 241
65 242
65 243
65 244
65 246
65 247
65 248
65 249
65 250
65 251
65 252
65 253
65 254
65 255
65 259
65 260
65 261
65 262
65 263
65 264
65 265
65 266
65 267
65 269
66 67
66 68
66 69
66 70
66 80
66 81
66 82
66 83
66 84
66 85
66 86
66 87
66 88
66 89
66 90
66 91
66 92
66 93
66 94
66 95
66 96
66 97
66 98
66 99
66 100
66 101
66 102
66 103
66 104
66 105
66 106
66 107
66 108
66 109
66 111
66 112
66 113
66 114
66 115
66 116
66 117
66 118
66 119
66 120
66 121
66 122
66 123
66 124
66 125
66 126
66 127
66 129
66 130
66 131
66 132
66 133
66 134
66 135
66 136
66 137
66 138
66 139
66 140
66 141
66 142
66 143
66 144
66 145
66 146
66 147
66 156
66 157
66 158
66 159
66 160
66 161
66 162
66 163
66 164
66 165
66 166
66 167
66 168
66 169
66 170
66 176
66 177
66 178
66 179
66 180
66 181
66 182
66 183
66 184
66 185
66 186
66 189
66 190
66 191
66 192
66 193
66 194
66 195
66 196
66 197
66 198
66 199
66 200
66 201
66 202
66 203
66 204
66 205
66 206
66 207
66 208
66 209
66 210
66 211
66 212
66 213
66 214
66 215
66 216
66 220
66 221
66 222
66 223
66 224
66 225
66 226
66 227
66 228
66 229
66 230
66 231
66 234
66 235
66 236
66 237
66 238
66 239
66 240
66 241
66 242
66 243
66 244
66 246
66 247
66 248
66 249
66 250
66 251
66 252
66 253
66 254
66 255
66 259
66 260
66 261
66 262
66 263
66 264
66 265
66 266
66 267
66 269
67 68
67 69
67 70
67 80
67 81
67 82
67 83
67 84
67 85
67 86
67 87
67 88
67 89
67 90
67 91
67 92
67 93
67 94
67 95
67 96
67 97
67 98
67 99
67 100
67 101
67 102
67 103
67 104
67 105
67 106
67 107
67 108
67 109
67 111
67 112
67 113
67 114
67 115
67 116
67 117
67 118
67 119
67 120
67 121
67 122
67 123
67 124
67 125
67 126
67 127
67 129
67 130
67 131
67 132
67 133
67 134
67 135
67 136
67 137
67 138
67 139
67 140
67 141
67 142
67 143
67 144
67 145
67 146
67 147
67 156
67 157
67 158
67 159
67 160
67 161
67 162
67 163
67 164
67 165
67 166
67 167
67 168
67 169
67 170
67 176
67 177
67 178
67 179
67 180
67 181
67 182
67 183
67 184
67 185
67 186
67 189
67 190
67 191
67 192
67 193
67 194
67 195
67 196
67 197
67 198
67 199
67 200
67 201
67 202
67 203
67 204
67 205
67 206
67 207
67 208
67 209
67 210
67 211
67 212
67 213
67 214
67 215
67 216
67 220
67 221
67 222
67 223
67 224
67 225
67 226
67 227
67 228
67 229
67 230
67 231
67 234
67 235
67 236
67 237
67 238
67 239
67 240
67 241
67 242
67 243
67 244
67 246
67 247
67 248
67 249
67 250
67 251
67 252
67 253
67 254
67 255
67 259
67 260
67 261
67 262
67 263
67 264
67 265
67 266
67 267
67 269
68 69
68 70
68 80
68 81
68 82
68 83
68 84
68 85
68 86
68 87
68 88
68 89
68 90
68 91
68 92
68 93
68 94
68 95
68 96
68 97
68 98
68 99
68 100
68 101
68 102
68 103
68 104
68 105
68 106
68 107
68 108
68 109
68 111
68 112
68 113
68 114
68 115
68 116
68 117
68 118
68 119
68 120
68 121
68 122
68 123
68 124
68 125
68 126
68 127
68 129
68 130
68 131
68 132
68 133
68 134
68 135
68 136
68 137
68 138
68 139
68 140
68 141
68 142
68 143
68 144
68 145
68 146
68 147
68 156
68 157
68 158
68 159
68 160
68 161
68 162
68 163
68 164
68 165
68 166
68 167
68 168
68 169
68 170
68 176
68 177
68 178
68 179
68 180
68 181
68 182
68 183
68 184
68 185
68 186
68 189
68 190
68 191
68 192
68 193
68 194
68 195
68 196
68 197
68 198
68 199
68 200
68 201
68 202
68 203
68 204
68 205
68 206
68 207
68 208
68 209
68 210
68 211
68 212
68 213
68 214
68 215
68 216
68 220
68 221
68 222
68 223
68 224
68 225
68 226
68 227
68 228
68 229
68 230
68 231
68 234
68 235
68 236
68 237
68 238
68 239
68 240
68 241
68 242
68 243
68 244
68 246
68 247
68 248
68 249
68 250
68 251
68 252
68 253
68 254
68 255
68 259
68 260
68 261
68 262
68 263
68 264
68 265
68 266
68 267
68 269
69 70
69 80
69 81
69 82
69 83
69 84
69 85
69 86
69 87
69 88
69 89
69 90
69 91
69 92
69 93
69 94
69 95
69 96
69 97
69 98
69 99
69 100
69 101
69 102
69 103
69 104
69 105
69 106
69 107
69 108
69 109
69 111
69 112
69 113
69 114
69 115
69 116
69 117
69 118
69 119
69 120
69 121
69 122
69 123
69 124
69 125
69 126
69 127
69 129
69 130
69 131
69 132
69 133
69 134
69 135
69 136
69 137
69 138
69 139
69 140
69 141
69 142
69 143
69 144
69 145
69 146
69 147
69 156
69 157
69 158
69 159
69 160
69 161
69 162
69 163
69 164
69 165
69 166
69 167
69 168
69 169
69 170
69 176
69 177
69 178
69 179
69 180
69 181
69 182
69 183
69 184
69 185
69 186
69 189
69 190
69 191
69 192
69 193
69 194
69 195
69 196
69 197
69 198
69 199
69 200
69 201
69 202
69 203
69 204
69 205
69 206
69 207
69 208
69 209
69 210
69 211
69 212
69 213
69 214
69 215
69 216
69 220
69 221
69 222
69 223
69 224
69 225
69 226
69 227
69 228
69 229
69 230
69 231
69 234
69 235
69 236
69 237
69 238
69 239
69 240
69 241
69 242
69 243
69 244
69 246
69 247
69 248
69 249
69 250
69 251
69 252
69 253
69 254
69 255
69 259
69 260
69 261
69 262
69 263
69 264
69 265
69 266
69 267
69 269
70 80
70 81
70 82
70 83
70 84
70 85
70 86
70 87
70 88
70 89
70 90
70 91
70 92
70 93
70 94
70 95
70 96
70 97
70 98
70 99
70 100
70 101
70 102
70 103
70 104
70 105
70 106
70 107
70 108
70 109
70 111
70 112
70 113
70 114
70 115
70 116
70 117
70 118
70 119
70 120
70 121
70 122
70 123
70 124
70 125
70 126
70 127
70 129
70 130
70 131
70 132
70 133
70 134
70 135
70 136
70 137
70 138
70 139
70 140
70 141
70 142
70 143
70 144
70 145
70 146
70 147
70 156
70 157
70 158
70 159
70 160
70 161
70 162
70 163
70 164
70 165
70 166
70 167
70 168
70 169
70 170
70 176
70 177
70 178
70 179
70 180
70 181
70 182
70 183
70 184
70 185
70 186
70 189
70 190
70 191
70 192
70 193
70 194
70 195
70 196
70 197
70 198
70 199
70 200
70 201
70 202
70 203
70 204
70 205
70 206
70 207
70 208
70 209
70 210
70 211
70 212
70 213
70 214
70 215
70 216
70 220
70 221
70 222
70 223
70 224
70 225
70 226
70 227
70 228
70 229
70 230
70 231
70 234
70 235
70 236
70 237
70 238
70 239
70 240
70 241
70 242
70 243
70 244
70 246
70 247
70 248
70 249
70 250
70 251
70 252
70 253
70 254
70 255
70 259
70 260
70 261
70 262
70 263
70 264
70 265
70 266
70 267
70 269
71 72
71 73
71 74
71 75
71 76
71 77
71 78
71 79
71 110
71 128
71 148
71 149
71 150
71 151
71 152
71 153
71 154
71 155
71 171
71 172
71 173
71 174
71 175
71 187
71 188
71 217
71 218
71 219
71 232
71 233
71 245
71 256
71 257
71 258
71 268
72 73
72 74
72 75
72 76
72 77
72 78
72 79
72 110
72 128
72 148
72 149
72 150
72 151
72 152
72 153
72 154
72 155
72 171
72 172
72 173
72 174
72 175
72 187
72 188
72 217
72 218
72 219
72 232
72 233
72 245
72 256
72 257
72 258
72 268
73 74
73 75
73 76
73 77
73 78
73 79
73 110
73 128
73 148
73 149
73 150
73 151
73 152
73 153
73 154
73 155
73 171
73 172
73 173
73 174
73 175
73 187
73 188
73 217
73 218
73 219
73 232
73 233
73 245
73 256
73 257
73 258
73 268
74 75
74 76
74 77
74 78
74 79
74 110
74 128
74 148
74 149
74 150
74 151
74 152
74 153
74 154
74 155
74 171
74 172
74 173
74 174
74 175
74 187
74 188
74 217
74 218
74 219
74 232
74 233
74 245
74 256
74 257
74 258
74 268
75 76
75 77
75 78
75 79
75 110
75 128
75 148
75 149
75 150
75 151
75 152
75 153
75 154
75 155
75 171
75 172
75 173
75 174
75 175
75 187
75 188
75 217
75 218
75 219
75 232
75 233
75 245
75 256
75 257
75 258
75 268
76 77
76 78
76 79
76 110
76 128
76 148
76 149
76 150
76 151
76 152
76 153
76 154
76 155
76 171
76 172
76 173
76 174
76 175
76 187
76 188
76 217
76 218
76 219
76 232
76 233
76 245
76 256
76 257
76 258
76 268
77 78
77 79
77 110
77 128
77 148
77 149
77 150
77 151
77 152
77 153
77 154
77 155
77 171
77 172
77 173
77 174
77 175
77 187
77 188
77 217
77 218
77 219
77 232
77 233
77 245
77 256
77 257
77 258
77 268
78 79
78 110
78 128
78 148
78 149
78 150
78 151
78 152
78 153
78 154
78 155
78 171
78 172
78 173
78 174
78 175
78 187
78 188
78 217
78 218
78 219
78 232
78 233
78 245
78 256
78 257
78 258
78 268
79 110
79 128
79 148
79 149
79 150
79 151
79 152
79 153
79 154
79 155
79 171
79 172
79 173
79 174
79 175
79 187
79 188
79 217
79 218
79 219
79 232
79 233
79 245
79 256
79 257
79 258
79 268
80 81
80 82
80 83
80 84
80 85
80 86
80 87
80 88
80 89
80 90
80 91
80 92
80 93
80 94
80 95
80 96
80 97
80 98
80 99
80 100
80 101
80 102
80 103
80 104
80 105
80 106
80 107
80 108
80 109
80 111
80 112
80 113
80 114
80 115
80 116
80 117
80 118
80 119
80 120
80 121
80 122
80 123
80 124
80 125
80 126
80 127
80 129
80 130
80 131
80 132
80 133
80 134
80 135
80 136
80 137
80 138
80 139
80 140
80 141
80 142
80 143
80 144
80 145
80 146
80 147
80 156
80 157
80 158
80 159
80 160
80 161
80 162
80 163
80 164
80 165
80 166
80 167
80 168
80 169
80 170
80 176
80 177
80 178
80 179
80 180
80 181
80 182
80 183
80 184
80 185
80 186
80 189
80 190
80 191
80 192
80 193
80 194
80 195
80 196
80 197
80 198
80 199
80 200
80 201
80 202
80 203
80 204
80 205
80 206
80 207
80 208
80 209
80 210
80 211
80 212
80 213
80 214
80 215
80 216
80 220
80 221
80 222
80 223
80 224
80 225
80 226
80 227
80 228
80 229
80 230
80 231
80 234
80 235
80 236
80 237
80 238
80 239
80 240
80 241
80 242
80 243
80 244
80 246
80 247
80 248
80 249
80 250
80 251
80 252
80 253
80 254
80 255
80 259
80 260
80 261
80 262
80 263
80 264
80 265
80 266
80 267
80 269
81 82
81 83
81 84
81 85
81 86
81 87
81 88
81 89
81 90
81 91
81 92
81 93
81 94
81 95
81 96
81 97
81 98
81 99
81 100
81 101
81 102
81 103
81 104
81 105
81 106
81 107
81 108
81 109
81 111
81 112
81 113
81 114
81 115
81 116
81 117
81 118
81 119
81 120
81 121
81 122
81 123
81 124
81 125
81 126
81 127
81 129
81 130
81 131
81 132
81 133
81 134
81 135
81 136
81 137
81 138
81 139
81 140
81 141
81 142
81 143
81 144
81 145
81 146
81 147
81 156
81 157
81 158
81 159
81 160
81 161
81 162
81 163
81 164
81 165
81 166
81 167
81 168
81 169
81 170
81 176
81 177
81 178
81 179
81 180
81 181
81 182
81 183
81 184
81 185
81 186
81 189
81 190
81 191
81 192
81 193
81 194
81 195
81 196
81 197
81 198
81 199
81 200
81 201
81 202
81 203
81 204
81 205
81 206
81 207
81 208
81 209
81 210
81 211
81 212
81 213
81 214
81 215
81 216
81 220
81 221
81 222
81 223
81 224
81 225
81 226
81 227
81 228
81 229
81 230
81 231
81 234
81 235
81 236
81 237
81 238
81 239
81 240
81 241
81 242
81 243
81 244
81 246
81 247
81 248
81 249
81 250
81 251
81 252
81 253
81 254
81 255
81 259
81 260
81 261
81 262
81 263
81 264
81 265
81 266
81 267
81 269
82 83
82 84
82 85
82 86
82 87
82 88
82 89
82 90
82 91
82 92
82 93
82 94
82 95
82 96
82 97
82 98
82 99
82 100
82 101
82 102
82 103
82 104
82 105
82 106
82 107
82 108
82 109
82 111
82 112
82 113
82 114
82 115
82 116
82 117
82 118
82 119
82 120
82 121
82 122
82 123
82 124
82 125
82 126
82 127
82 129
82 130
82 131
82 132
82 133
82 134
82 135
82 136
82 137
82 138
82 139
82 140
82 141
82 142
82 143
82 144
82 145
82 146
82 147
82 156
82 157
82 158
82 159
82 160
82 161
82 162
82 163
82 164
82 165
82 166
82 167
82 168
82 169
82 170
82 176
82 177
82 178
82 179
82 180
82 181
82 182
82 183
82 184
82 185
82 186
82 189
82 190
82 191
82 192
82 193
82 194
82 195
82 196
82 197
82 198
82 199
82 200
82 201
82 202
82 203
82 204
82 205
82 206
82 207
82 208
82 209
82 210
82 211
82 212
82 213
82 214
82 215
82 216
82 220
82 221
82 222
82 223
82 224
82 225
82 226
82 227
82 228
82 229
82 230
82 231
82 234
82 235
82 236
82 237
82 238
82 239
82 240
82 241
82 242
82 243
82 244
82 246
82 247
82 248
82 249
82 250
82 251
82 252
82 253
82 254
82 255
82 259
82 260
82 261
82 262
82 263
82 264
82 265
82 266
82 267
82 269
83 84
83 85
83 86
83 87
83 88
83 89
83 90
83 91
83 92
83 93
83 94
83 95
83 96
83 97
83 98
83 99
83 100
83 101
83 102
83 103
83 104
83 105
83 106
83 107
83 108
83 109
83 111
83 112
83 113
83 114
83 115
83 116
83 117
83 118
83 119
83 120
83 121
83 122
83 123
83 124
83 125
83 126
83 127
83 129
83 130
83 131
83 132
83 133
83 134
83 135
83 136
83 137
83 138
83 139
83 140
83 141
83 142
83 143
83 144
83 145
83 146
83 147
83 156
83 157
83 158
83 159
83 160
83 161
83 162
83 163
83 164
83 165
83 166
83 167
83 168
83 169
83 170
83 176
83 177
83 178
83 179
83 180
83 181
83 182
83 183
83 184
83 185
83 186
83 189
83 190
83 191
83 192
83 193
83 194
83 195
83 196
83 197
83 198
83 199
83 200
83 201
83 202
83 203
83 204
83 205
83 206
83 207
83 208
83 209
83 210
83 211
83 212
83 213
83 214
83 215
83 216
83 220
83 221
83 222
83 223
83 224
83 225
83 226
83 227
83 228
83 229
83 230
83 231
83 234
83 235
83 236
83 237
83 238
83 239
83 240
83 241
83 242
83 243
83 244
83 246
83 247
83 248
83 249
83 250
83 251
83 252
83 253
83 254
83 255
83 259
83 260
83 261
83 262
83 263
83 264
83 265
83 266
83 267
83 269
84 85
84 86
84 87
84 88
84 89
84 90
84 91
84 92
84 93
84 94
84 95
84 96
84 97
84 98
84 99
84 100
84 101
84 102
84 103
84 104
84 105
84 106
84 107
84 108
84 109
84 111
84 112
84 113
84 114
84 115
84 116
84 117
84 118
84 119
84 120
84 121
84 122
84 123
84 124
84 125
84 126
84 127
84 129
84 130
84 131
84 132
84 133
84 134
84 135
84 136
84 137
84 138
84 139
84 140
84 141
84 142
84 143
84 144
84 145
84 146
84 147
84 156
84 157
84 158
84 159
84 160
84 161
84 162
84 163
84 164
84 165
84 166
84 167
84 168
84 169
84 170
84 176
84 177
84 178
84 179
84 180
84 181
84 182
84 183
84 184
84 185
84 186
84 189
84 190
84 191
84 192
84 193
84 194
84 195
84 196
84 197
84 198
84 199
84 200
84 201
84 202
84 203
84 204
84 205
84 206
84 207
84 208
84 209
84 210
84 211
84 212
84 213
84 214
84 215
84 216
84 220
84 221
84 222
84 223
84 224
84 225
84 226
84 227
84 228
84 229
84 230
84 231
84 234
84 235
84 236
84 237
84 238
84 239
84 240
84 241
84 242
84 243
84 244
84 246
84 247
84 248
84 249
84 250
84 251
84 252
84 253
84 254
84 255
84 259
84 260
84 261
84 262
84 263
84 264
84 265
84 266
84 267
84 269
85 86
85 87
85 88
85 89
85 90
85 91
85 92
85 93
85 94
85 95
85 96
85 97
85 98
85 99
85 100
85 101
85 102
85 103
85 104
85 105
85 106
85 107
85 108
85 109
85 111
85 112
85 113
85 114
85 115
85 116
85 117
85 118
85 119
85 120
85 121
85 122
85 123
85 124
85 125
85 126
85 127
85 129
85 130
85 131
85 132
85 133
85 134
85 135
85 136
85 137
85 138
85 139
85 140
85 141
85 142
85 143
85 144
85 145
85 146
85 147
85 156
85 157
85 158
85 159
85 160
85 161
85 162
85 163
85 164
85 165
85 166
85 167
85 168
85 169
85 170
85 176
85 177
85 178
85 179
85 180
85 181
85 182
85 183
85 184
85 185
85 186
85 189
85 190
85 191
85 192
85 193
85 194
85 195
85 196
85 197
85 198
85 199
85 200
85 201
85 202
85 203
85 204
85 205
85 206
85 207
85 208
85 209
85 210
85 211
85 212
85 213
85 214
85 215
85 216
85 220
85 221
85 222
85 223
85 224
85 225
85 226
85 227
85 228
85 229
85 230
85 231
85 234
85 235
85 236
85 237
85 238
85 239
85 240
85 241
85 242
85 243
85 244
85 246
85 247
85 248
85 249
85 250
85 251
85 252
85 253
85 254
85 255
85 259
85 260
85 261
85 262
85 263
85 264
85 265
85 266
85 267
85 269
86 87
86 88
86 89
86 90
86 91
86 92
86 93
86 94
86 95
86 96
86 97
86 98
86 99
86 100
86 101
86 102
86 103
86 104
86 105
86 106
86 107
86 108
86 109
86 111
86 112
86 113
86 114
86 115
86 116
86 117
86 118
86 119
86 120
86 121
86 122
86 123
86 124
86 125
86 126
86 127
86 129
86 130
86 131
86 132
86 133
86 134
86 135
86 136
86 137
86 138
86 139
86 140
86 141
86 142
86 143
86 144
86 145
86 146
86 147
86 156
86 157
86 158
86 159
86 160
86 161
86 162
86 163
86 164
86 165
86 166
86 167
86 168
86 169
86 170
86 176
86 177
86 178
86 179
86 180
86 181
86 182
86 183
86 184
86 185
86 186
86 189
86 190
86 191
86 192
86 193
86 194
86 195
86 196
86 197
86 198
86 199
86 200
86 201
86 202
86 203
86 204
86 205
86 206
86 207
86 208
86 209
86 210
86 211
86 212
86 213
86 214
86 215
86 216
86 220
86 221
86 222
86 223
86 224
86 225
86 226
86 227
86 228
86 229
86 230
86 231
86 234
86 235
86 236
86 237
86 238
86 239
86 240
86 241
86 242
86 243
86 244
86 246
86 247
86 248
86 249
86 250
86 251
86 252
86 253
86 254
86 255
86 259
86 260
86 261
86 262
86 263
86 264
86 265
86 266
86 267
86 269
87 88
87 89
87 90
87 91
87 92
87 93
87 94
87 95
87 96
87 97
87 98
87 99
87 100
87 101
87 102
87 103
87 104
87 105
87 106
87 107
87 108
87 109
87 111
87 112
87 113
87 114
87 115
87 116
87 117
87 118
87 119
87 120
87 121
87 122
87 123
87 124
87 125
87 126
87 127
87 129
87 130
87 131
87 132
87 133
87 134
87 135
87 136
87 137
87 138
87 139
87 140
87 141
87 142
87 143
87 144
87 145
87 146
87 147
87 156
87 157
87 158
87 159
87 160
87 161
87 162
87 163
87 164
87 165
87 166
87 167
87 168
87 169
87 170
87 176
87 177
87 178
87 179
87 180
87 181
87 182
87 183
87 190
87 191
87 192
87 193
87 194
87 195
87 196
87 197
87 198
87 199
87 200
87 201
87 202
87 203
87 204
87 205
87 206
87 207
87 208
87 209
87 210
87 211
87 212
87 213
87 214
87 215
87 216
87 220
87 221
87 222
87 223
87 224
87 225
87 226
87 227
87 228
87 229
87 230
87 231
87 234
87 235
87 236
87 237
87 238
87 239
87 240
87 241
87 242
87 243
87 244
87 246
87 247
87 248
87 249
87 250
87 251
87 252
87 253
87 254
87 255
87 259
87 260
87 261
87 262
87 263
87 264
87 265
87 266
87 267
87 269
88 89
88 90
88 91
88 92
88 93
88 94
88 95
88 96
88 97
88 98
88 99
88 100
88 101
88 102
88 103
88 104
88 105
88 106
88 107
88 108
88 109
88 111
88 112
88 113
88 114
88 115
88 116
88 117
88 118
88 119
88 120
88 121
88 122
88 123
88 124
88 125
88 126
88 127
88 129
88 130
88 131
88 132
88 133
88 134
88 135
88 136
88 137
88 138
88 139
88 140
88 141
88 142
88 143
88 144
88 145
88 146
88 147
88 156
88 157
88 158
88 159
88 160
88 161
88 162
88 163
88 164
88 165
88 166
88 167
88 168
88 169
88 170
88 176
88 190
88 191
88 192
88 193
88 194
88 195
88 196
88 197
88 198
88 199
88 200
88 201
88 202
88 203
88 204
88 205
88 206
88 207
88 208
88 209
88 210
88 211
88 212
88 213
88 214
88 215
88 216
88 220
88 221
88 222
88 223
88 224
88 225
88 226
88 227
88 228
88 229
88 230
88 231
88 234
88 235
88 236
88 237
88 238
88 239
88 240
88 241
88 242
88 243
88 244
88 246
88 247
88 248
88 249
88 250
88 251
88 252
88 253
88 254
88 255
88 259
88 260
88 261
88 262
88 263
88 264
88 265
88 266
88 267
88 269
89 90
89 91
89 92
89 93
89 94
89 95
89 96
89 97
89 98
89 99
89 100
89 101
89 102
89 103
89 104
89 105
89 106
89 107
89 108
89 109
89 111
89 112
89 113
89 114
89 115
89 116
89 117
89 118
89 119
89 120
89 121
89 122
89 123
89 124
89 125
89 126
89 127
89 129
89 130
89 131
89 132
89 133
89 134
89 135
89 136
89 137
89 138
89 139
89 140
89 141
89 142
89 143
89 144
89 145
89 146
89 147
89 156
89 157
89 158
89 159
89 160
89 161
89 162
89 163
89 164
89 165
89 166
89 167
89 168
89 169
89 170
89 176
89 190
89 191
89 192
89 193
89 194
89 195
89 196
89 197
89 198
89 199
89 200
89 201
89 202
89 203
89 204
89 205
89 206
89 207
89 208
89 209
89 210
89 211
89 212
89 213
89 214
89 215
89 216
89 220
89 221
89 222
89 223
89 224
89 225
89 226
89 227
89 228
89 229
89 230
89 231
89 234
89 235
89 236
89 237
89 238
89 239
89 240
89 241
89 242
89 243
89 244
89 246
89 247
89 248
89 249
89 250
89 251
89 252
89 253
89 254
89 255
89 259
89 260
89 261
89 262
89 263
89 264
89 265
89 266
89 267
89 269
90 91
90 92
90 93
90 94
90 95
90 96
90 97
90 98
90 99
90 100
90 101
90 102
90 103
90 104
90 105
90 106
90 107
90 108
90 109
90 111
90 112
90 113
90 114
90 115
90 116
90 117
90 118
90 119
90 120
90 121
90 122
90 123
90 124
90 125
90 126
90 127
90 129
90 130
90 131
90 132
90 133
90 134
90 135
90 136
90 137
90 138
90 139
90 140
90 141
90 142
90 143
90 144
90 145
90 146
90 147
90 156
90 157
90 158
90 159
90 160
90 161
90 162
90 163
90 164
90 165
90 166
90 167
90 168
90 169
90 170
90 176
90 190
90 191
90 192
90 193
90 194
90 195
90 196
90 197
90 198
90 199
90 200
90 201
90 202
90 203
90 204
90 205
90 206
90 207
90 208
90 209
90 210
90 211
90 212
90 213
90 214
90 215
90 216
90 220
90 221
90 222
90 223
90 224
90 225
90 226
90 227
90 228
90 229
90 230
90 231
90 234
90 235
90 236
90 237
90 238
90 239
90 240
90 241
90 242
90 243
90 244
90 246
90 247
90 248
90 249
90 250
90 251
90 252
90 253
90 254
90 255
90 259
90 260
90 261
90 262
90 263
90 264
90 265
90 266
90 267
90 269
91 92
91 93
91 94
91 95
91 96
91 97
91 98
91 99
91 100
91 101
91 102
91 103
91 104
91 105
91 106
91 107
91 108
91 109
91 111
91 112
91 113
91 114
91 115
91 116
91 117
91 118
91 119
91 120
91 121
91 122
91 123
91 124
91 125
91 126
91 127
91 129
91 130
91 131
91 132
91 133
91 134
91 135
91 136
91 137
91 138
91 139
91 140
91 141
91 142
91 143
91 144
91 145
91 146
91 147
91 156
91 157
91 158
91 159
91 160
91 161
91 162
91 163
91 164
91 165
91 166
91 167
91 168
91 169
91 170
91 176
91 190
91 191
91 192
91 193
91 194
91 195
91 196
91 197
91 198
91 199
91 200
91 201
91 202
91 203
91 204
91 205
91 206
91 207
91 208
91 209
91 210
91 211
91 212
91 213
91 214
91 215
91 216
91 220
91 221
91 222
91 223
91 224
91 225
91 226
91 227
91 228
91 229
91 230
91 231
91 234
91 235
91 236
91 237
91 238
91 239
91 240
91 241
91 242
91 243
91 244
91 246
91 247
91 248
91 249
91 250
91 251
91 252
91 253
91 254
91 255
91 259
91 260
91 261
91 262
91 263
91 264
91 265
91 266
91 267
91 269
92 93
92 94
92 95
92 96
92 97
92 98
92 99
92 100
92 101
92 102
92 103
92 104
92 105
92 106
92 107
92 108
92 109
92 111
92 112
92 113
92 114
92 115
92 116
92 117
92 118
92 119
92 120
92 121
92 122
92 123
92 124
92 125
92 126
92 127
92 129
92 130
92 131
92 132
92 133
92 134
92 135
92 136
92 137
92 138
92 139
92 140
92 141
92 142
92 143
92 144
92 145
92 146
92 147
92 156
92 157
92 158
92 159
92 160
92 161
92 162
92 163
92 164
92 165
92 166
92 167
92 168
92 169
92 170
92 176
92 190
92 191
92 192
92 193
92 194
92 195
92 196
92 197
92 198
92 199
92 200
92 201
92 202
92 203
92 204
92 205
92 206
92 207
92 208
92 209
92 210
92 211
92 212
92 213
92 214
92 215
92 216
92 220
92 221
92 222
92 223
92 224
92 225
92 226
92 227
92 228
92 229
92 230
92 231
92 234
92 235
92 236
92 237
92 238
92 239
92 240
92 241
92 242
92 243
92 244
92 246
92 247
92 248
92 249
92 250
92 251
92 252
92 253
92 254
92 255
92 259
92 260
92 261
92 262
92 263
92 264
92 265
92 266
92 267
92 269
93 94
93 95
93 96
93 97
93 98
93 99
93 100
93 101
93 102
93 103
93 104
93 105
93 106
93 107
93 108
93 109
93 111
93 112
93 113
93 114
93 115
93 116
93 117
93 118
93 119
93 120
93 121
93 122
93 123
93 124
93 125
93 126
93 127
93 129
93 130
93 131
93 132
93 133
93 134
93 135
93 136
93 137
93 138
93 139
93 140
93 141
93 142
93 143
93 144
93 145
93 146
93 147
93 156
93 157
93 158
93 159
93 160
93 161
93 162
93 163
93 164
93 165
93 166
93 167
93 168
93 169
93 170
93 176
93 190
93 191
93 192
93 193
93 194
93 195
93 196
93 197
93 198
93 199
93 200
93 201
93 202
93 203
93 204
93 205
93 206
93 207
93 208
93 209
93 210
93 211
93 212
93 213
93 214
93 215
93 216
93 220
93 221
93 222
93 223
93 224
93 225
93 226
93 227
93 228
93 229
93 230
93 231
93 234
93 235
93 236
93 237
93 238
93 239
93 240
93 241
93 242
93 243
93 244
93 246
93 247
93 248
93 249
93 250
93 251
93 252
93 253
93 254
93 255
93 259
93 260
93 261
93 262
93 263
93 264
93 265
93 266
93 267
93 269
94 95
94 96
94 97
94 98
94 99
94 100
94 101
94 102
94 103
94 104
94 105
94 106
94 107
94 108
94 109
94 111
95 96
95 97
95 98
95 99
95 100
95 101
95 102
95 103
95 104
95 105
95 106
95 107
95 108
95 109
95 111
96 97
96 98
97 98
97 99
97 100
98 99
98 100
98 101
99 100
99 101
99 102
99 103
99 104
99 105
99 106
99 107
99 108
99 109
99 111
100 101
100 102
100 103
100 104
100 105
100 106
100 107
100 108
100 109
100 111
101 102
101 103
101 104
102 103
103 104
103 105
103 106
103 107
103 108
103 109
103 111
104 105
104 106
104 107
104 108
104 109
104 111
105 106
105 107
105 108
105 109
105 111
107 108
107 109
107 111
108 109
108 111
109 111
112 113
112 114
112 115
112 116
112 117
112 118
112 119
112 120
112 121
112 122
112 123
112 124
112 125
112 126
112 127
112 129
112 130
112 131
112 132
112 133
112 134
112 135
112 136
112 137
112 138
112 139
112 140
112 141
112 142
112 143
112 144
112 145
112 146
112 147
112 156
112 157
112 158
112 159
112 160
112 161
112 162
112 163
112 164
112 165
112 166
112 167
112 168
112 169
112 170
112 176
112 190
112 191
112 192
112 193
112 194
112 195
112 196
112 197
112 198
112 199
112 200
112 201
112 202
112 203
112 204
112 205
112 206
112 207
112 208
112 209
112 210
112 211
112 212
112 213
112 214
112 215
112 216
112 220
112 221
112 222
112 223
112 224
112 225
112 226
112 227
112 228
112 229
112 230
112 231
112 234
112 235
112 236
112 237
112 238
112 239
112 240
112 241
112 242
112 243
112 244
112 246
112 247
112 248
112 249
112 250
112 251
112 252
112 253
112 254
112 255
112 259
112 260
112 261
112 262
112 263
112 264
112 265
112 266
112 267
112 269
113 114
114 115
114 116
114 117
114 118
114 119
114 120
114 121
114 122
114 123
114 124
114 125
114 126
114 127
114 129
114 130
114 131
114 132
114 133
114 134
114 135
114 136
114 137
114 138
114 139
114 140
114 141
114 142
114 143
114 144
114 145
114 146
114 147
114 156
114 157
114 158
114 159
114 160
114 161
114 162
114 163
114 164
114 165
114 166
114 167
114 168
114 169
114 170
114 176
114 190
114 191
114 192
114 193
114 194
114 195
114 196
114 197
114 198
114 199
114 200
114 201
114 202
114 203
114 204
114 205
114 206
114 207
114 208
114 209
114 210
114 211
114 212
114 213
114 214
114 215
114 216
114 220
114 221
114 222
114 223
114 224
114 225
114 226
114 227
114 228
114 229
114 230
114 231
114 234
114 235
114 236
114 237
114 238
114 239
114 240
114 241
114 242
114 243
114 244
114 246
114 247
114 248
114 249
114 250
114 251
114 252
114 253
114 254
114 255
114 259
114 260
114 261
114 262
114 263
114 264
114 265
114 266
114 267
114 269
116 117
116 118
116 119
116 120
116 121
116 122
116 123
116 124
116 125
116 126
116 127
116 129
116 130
116 131
116 132
116 133
116 134
116 135
116 136
116 137
116 138
116 139
116 140
116 141
116 142
116 143
116 144
116 145
116 146
116 147
116 156
116 157
116 158
116 159
116 160
116 161
116 162
116 163
116 164
116 165
116 166
116 167
116 168
116 169
116 170
116 176
117 118
117 119
117 120
117 121
117 122
117 123
117 124
117 125
117 126
117 127
117 129
117 130
117 131
117 132
117 133
117 134
117 135
117 136
117 137
117 138
117 139
117 140
117 141
117 142
117 143
117 144
117 145
117 146
117 147
117 156
117 157
117 158
117 159
117 160
117 161
117 162
117 163
117 164
117 165
117 166
117 167
117 168
117 169
117 170
117 176
123 124
123 125
123 127
123 129
123 157
123 158
123 159
123 160
123 161
123 162
123 163
123 164
123 165
123 166
123 167
123 168
123 169
123 170
123 176
124 125
124 127
124 129
124 130
124 157
124 158
124 159
124 160
124 161
124 162
124 163
124 164
124 165
124 166
124 167
124 168
124 169
124 170
124 176
125 127
125 129
125 130
125 131
125 157
125 158
125 159
125 160
125 161
125 162
125 163
125 164
125 165
125 166
125 167
125 168
125 169
125 170
125 176
128 148
128 149
128 150
128 151
128 152
128 153
128 154
128 155
129 130
129 131
129 132
129 133
129 134
129 135
130 131
130 132
130 133
130 134
130 135
130 136
131 132
131 133
133 134
134 135
134 136
134 137
134 138
135 136
135 137
135 138
135 139
136 137
136 138
136 139
136 140
137 138
137 139
137 140
137 141
138 139
138 140
138 141
138 142
138 143
138 144
138 145
138 146
138 147
138 156
139 140
139 141
139 142
140 141
140 142
140 143
140 144
140 145
140 146
141 142
141 143
141 144
142 143
142 144
142 145
143 144
143 145
143 146
143 147
143 156
144 145
144 146
144 147
144 156
145 146
145 147
145 156
146 147
146 156
147 156
148 149
150 151
150 152
150 153
151 152
153 154
158 159
158 160
159 160
159 161
160 161
160 162
161 162
161 163
161 164
161 165
162 163
162 164
162 165
162 166
163 164
164 165
164 166
164 167
164 168
164 169
164 170
164 176
165 166
165 167
165 168
165 169
166 167
167 168
168 169
168 170
168 176
169 170
169 176
170 176
171 172
173 174
177 178
177 179
177 180
177 181
177 182
177 183
177 184
177 185
177 186
177 189
178 179
178 180
178 181
178 182
178 183
178 184
178 185
178 186
178 189
179 180
180 181
180 182
181 182
181 183
181 184
181 185
181 186
181 189
182 183
182 184
182 185
182 186
182 189
184 185
184 186
184 189
186 189
190 191
190 192
190 193
190 194
190 195
190 196
190 197
190 198
190 199
190 200
190 201
190 202
190 203
190 204
190 205
190 206
190 207
190 208
190 209
190 210
190 211
190 212
190 213
190 214
190 215
190 216
190 220
190 221
190 222
190 223
190 224
190 225
190 226
190 227
190 228
190 229
190 230
190 231
190 234
190 235
190 236
190 237
190 238
190 239
190 240
190 241
190 242
190 243
190 244
190 246
191 192
191 193
191 194
191 195
191 196
191 197
191 198
191 199
191 200
191 201
191 202
191 203
191 204
191 205
191 206
191 207
191 208
191 209
191 210
191 211
191 212
191 213
191 214
191 215
191 216
191 220
191 221
191 222
191 223
191 224
191 225
191 226
191 227
191 228
191 229
191 230
191 231
191 234
191 235
191 236
191 237
191 238
191 239
191 240
191 241
191 242
191 243
191 244
191 246
192 193
193 194
193 195
193 196
193 197
193 198
193 199
193 200
193 201
193 202
193 203
193 204
193 205
193 206
193 207
193 208
193 209
193 210
193 211
193 212
193 213
193 214
193 215
193 216
193 220
193 221
193 222
193 223
193 224
193 225
193 226
193 227
193 228
193 229
193 230
193 231
193 234
193 235
193 236
193 237
193 238
193 239
193 240
193 241
193 242
193 243
193 244
193 246
194 195
194 196
194 197
195 196
195 197
195 198
195 199
195 200
195 201
195 202
195 203
195 204
195 205
195 206
195 207
195 208
195 209
195 210
195 211
195 212
195 213
195 214
195 215
195 216
195 220
195 221
195 222
195 223
195 224
195 225
195 226
195 227
195 228
195 229
195 230
195 231
195 234
195 235
195 236
195 237
195 238
195 239
195 240
195 241
195 242
195 243
195 244
195 246
196 197
196 198
196 199
196 200
196 201
196 202
196 203
196 204
196 205
196 206
196 207
196 208
196 209
196 210
196 211
196 212
196 213
196 214
196 215
196 216
196 220
196 221
196 222
196 223
196 224
196 225
196 226
196 227
196 228
196 229
196 230
196 231
196 234
196 235
196 236
196 237
196 238
196 239
196 240
196 241
196 242
196 243
196 244
196 246
197 198
197 199
197 200
197 201
197 202
197 203
197 204
197 205
197 206
197 207
197 208
197 209
197 210
197 211
197 212
197 213
197 214
197 215
197 216
197 220
197 221
197 222
197 223
197 224
197 225
197 226
197 227
197 228
197 229
197 230
197 231
197 234
197 235
197 236
197 237
197 238
197 239
197 240
197 241
197 242
197 243
197 244
197 246
198 199
198 200
198 201
198 202
198 203
198 204
198 205
198 206
198 207
198 208
198 209
198 210
198 211
198 212
198 213
198 214
198 215
198 216
198 220
198 221
198 222
198 223
198 224
198 225
198 226
198 227
198 228
198 229
198 230
198 231
198 234
198 235
198 236
198 237
198 238
198 239
198 240
198 241
198 242
198 243
198 244
198 246
205 206
205 207
205 208
205 209
205 210
205 211
205 212
205 213
205 214
205 215
205 216
205 220
205 221
205 222
205 223
205 224
205 225
205 226
205 227
205 228
205 229
205 230
205 231
206 207
206 208
206 221
206 222
206 223
206 224
206 225
206 226
207 208
207 210
207 211
207 212
207 213
207 214
207 215
207 221
207 222
207 223
207 224
207 225
207 226
207 227
207 228
207 229
207 230
207 231
208 221
208 222
208 223
208 224
208 225
208 226
208 227
208 228
208 229
208 230
208 231
212 213
213 214
213 215
213 216
213 220
215 216
215 220
216 220
217 218
222 223
223 224
223 225
223 226
223 227
223 228
223 229
223 230
223 231
224 225
225 226
225 227
225 228
225 229
225 230
225 231
226 227
226 228
227 228
227 229
227 230
227 231
228 229
228 230
228 231
229 230
229 231
234 235
234 236
234 237
234 238
234 239
234 240
234 241
234 242
234 243
234 244
234 246
235 236
236 237
237 238
238 239
238 240
238 241
238 242
238 243
238 244
238 246
239 240
239 241
239 242
239 243
239 244
239 246
240 241
241 243
243 244
243 246
244 246
247 248
247 249
247 250
247 251
247 252
247 253
247 254
247 255
250 251
251 252
251 253
251 254
251 255
251 259
253 254
253 255
253 259
254 255
254 259
255 259
256 257
260 261
260 262
260 263
260 264
260 265
260 266
260 267
263 264
264 265
264 266
264 267
264 269
266 267
266 269
267 269
