556 1628
1 35
1 85
1 86
1 98
1 117
1 133
1 150
1 162
1 176
1 332
1 443
1 448
1 481
1 493
1 544
1 550
2 64
2 149
2 209
2 241
2 256
2 273
2 388
2 441
2 443
2 445
3 494
4 407
4 453
5 88
5 241
5 282
5 292
5 523
6 44
6 163
6 241
7 259
8 61
8 402
9 453
10 113
10 307
10 314
10 318
10 418
11 49
11 76
11 78
11 83
11 217
11 346
11 412
11 513
12 61
12 62
12 85
12 162
12 175
12 176
12 216
12 256
13 412
13 519
13 521
13 544
14 200
15 157
15 240
15 241
15 353
15 395
15 461
15 483
15 504
15 553
16 425
17 49
17 53
17 78
17 148
17 202
17 205
17 241
17 259
17 333
17 412
17 441
17 492
17 494
17 506
17 544
18 44
19 182
19 207
19 348
19 381
19 447
19 506
19 526
20 488
21 358
22 358
23 200
24 273
24 506
25 30
25 57
25 225
25 244
25 282
25 289
25 358
25 412
25 429
25 488
25 523
26 148
26 414
27 236
27 523
28 448
28 544
29 373
30 220
30 244
30 412
30 550
31 61
31 516
32 35
32 69
32 150
32 220
32 297
32 365
32 366
32 404
32 555
33 309
33 389
34 107
34 145
34 163
34 294
34 364
34 375
34 412
34 492
35 40
35 61
35 69
35 85
35 86
35 98
35 117
35 121
35 133
35 150
35 157
35 158
35 159
35 162
35 176
35 194
35 220
35 241
35 251
35 258
35 288
35 297
35 320
35 324
35 332
35 337
35 338
35 365
35 366
35 404
35 446
35 448
35 481
35 493
35 523
35 555
36 448
37 200
38 61
38 232
38 469
38 507
39 166
39 182
40 121
40 158
40 159
40 337
40 338
40 448
41 200
42 201
42 264
42 401
42 448
42 521
43 163
44 132
44 148
44 152
44 159
44 163
44 216
44 241
44 273
44 282
44 326
44 342
44 396
44 420
44 448
44 488
44 506
44 508
44 521
44 523
44 544
44 556
45 62
46 103
46 190
46 216
46 327
46 358
46 364
46 406
46 412
46 448
46 492
46 510
46 548
47 412
48 294
48 359
49 53
49 76
49 78
49 83
49 139
49 202
49 205
49 217
49 259
49 308
49 333
49 339
49 346
49 494
49 513
49 529
50 150
50 153
50 181
50 200
50 201
50 345
50 421
50 448
50 498
51 282
51 448
52 448
53 78
53 202
53 205
53 259
53 333
53 494
54 60
54 241
55 282
55 342
55 396
56 523
57 225
57 289
57 429
57 488
57 523
58 277
58 448
59 210
60 241
61 62
61 113
61 134
61 143
61 149
61 152
61 157
61 159
61 167
61 172
61 184
61 200
61 209
61 216
61 241
61 246
61 256
61 273
61 278
61 282
61 283
61 307
61 313
61 316
61 318
61 358
61 362
61 388
61 397
61 398
61 402
61 420
61 424
61 437
61 441
61 443
61 448
61 458
61 469
61 478
61 479
61 493
61 500
61 506
61 516
61 520
61 521
61 533
61 536
62 66
62 73
62 118
62 128
62 167
62 273
62 283
62 315
62 488
62 533
63 384
64 113
64 152
64 187
64 241
64 260
64 274
64 282
64 311
64 350
64 378
64 384
64 448
64 487
64 540
64 544
65 521
66 128
66 167
66 273
66 283
67 318
67 397
68 461
68 483
69 150
69 220
69 297
69 365
69 366
69 404
69 555
70 488
70 515
71 419
72 74
72 98
72 294
73 488
74 98
74 296
74 337
74 506
75 201
76 78
76 83
76 217
76 346
76 513
77 317
77 448
78 83
78 102
78 202
78 205
78 217
78 233
78 259
78 333
78 346
78 410
78 494
78 513
79 271
79 514
80 160
81 152
82 492
83 217
83 346
83 513
83 550
84 448
85 86
85 98
85 117
85 133
85 162
85 175
85 176
85 332
85 481
86 98
86 117
86 133
86 162
86 176
86 332
86 443
86 481
87 201
87 282
87 401
87 521
88 241
88 523
89 200
89 544
90 472
91 412
92 552
93 163
94 200
94 241
94 353
94 362
94 396
94 448
94 471
94 485
95 337
95 448
96 492
97 271
97 395
98 117
98 133
98 150
98 162
98 163
98 176
98 332
98 481
98 523
98 544
99 318
100 241
100 467
101 135
101 241
101 360
101 422
101 475
101 537
101 549
103 190
103 264
103 327
103 548
104 241
105 514
106 241
106 464
107 145
107 163
107 200
107 241
107 294
107 364
107 375
107 377
107 411
107 412
107 441
107 492
107 523
108 388
108 420
109 200
110 278
110 443
111 257
111 364
111 401
111 468
112 550
113 148
113 152
113 187
113 201
113 226
113 256
113 264
113 274
113 282
113 295
113 311
113 350
113 358
113 378
113 384
113 448
113 487
113 521
113 523
113 540
113 544
114 130
114 261
114 476
114 493
115 163
115 200
115 241
115 282
115 395
115 411
116 148
116 491
117 133
117 162
117 176
117 332
117 443
117 481
119 200
120 521
121 148
121 157
121 158
121 159
121 241
121 282
121 337
121 377
121 448
121 523
121 544
122 200
123 148
123 183
123 250
123 523
123 544
124 148
124 229
124 310
124 388
125 261
126 256
126 525
127 358
129 148
129 163
129 305
130 200
130 241
130 261
130 362
130 383
130 476
130 493
131 371
132 159
132 209
132 256
133 162
133 176
133 332
133 481
134 523
135 241
135 360
135 422
135 475
135 537
135 549
136 241
137 260
137 329
138 266
138 394
140 492
141 448
142 282
143 172
144 460
144 546
145 148
145 163
145 169
145 282
145 294
145 354
145 364
145 375
145 382
145 396
145 406
145 412
145 488
145 492
145 523
145 531
145 544
145 550
146 492
146 506
147 502
148 150
148 160
148 163
148 183
148 199
148 206
148 209
148 229
148 239
148 241
148 255
148 256
148 273
148 280
148 282
148 298
148 305
148 323
148 328
148 347
148 364
148 373
148 396
148 412
148 414
148 415
148 443
148 448
148 456
148 488
148 491
148 492
148 494
148 506
148 521
148 523
148 528
148 541
148 544
148 550
149 157
149 209
149 256
149 441
149 443
149 521
150 153
150 155
150 169
150 178
150 181
150 186
150 194
150 201
150 205
150 220
150 264
150 273
150 297
150 306
150 345
150 354
150 365
150 366
150 404
150 406
150 412
150 421
150 433
150 443
150 448
150 460
150 488
150 492
150 494
150 498
150 506
150 521
150 544
150 550
150 555
151 396
152 159
152 196
152 200
152 201
152 256
152 264
152 278
152 282
152 284
152 287
152 307
152 342
152 358
152 448
152 521
153 181
153 201
153 345
153 421
153 448
153 498
154 213
154 523
156 448
157 209
157 216
157 273
157 388
157 408
157 427
157 448
157 483
157 506
158 159
158 161
158 337
158 393
158 443
158 448
159 163
159 209
159 241
159 256
159 282
159 294
159 337
159 342
159 396
159 448
159 476
159 492
159 497
159 506
159 521
159 544
159 550
160 363
160 373
160 374
160 386
160 503
161 448
162 175
162 176
162 332
162 481
163 200
163 215
163 221
163 228
163 241
163 242
163 282
163 294
163 299
163 301
163 305
163 326
163 342
163 343
163 347
163 349
163 357
163 364
163 369
163 375
163 380
163 392
163 394
163 395
163 396
163 399
163 411
163 412
163 432
163 436
163 448
163 463
163 488
163 492
163 494
163 506
163 523
163 544
163 547
163 550
164 200
165 248
165 488
166 182
167 273
168 283
168 390
168 458
168 516
169 220
169 264
169 354
169 375
169 382
169 406
169 412
169 492
169 521
169 550
170 196
171 550
173 448
174 314
174 318
174 508
175 176
175 508
176 332
176 481
177 237
177 386
177 503
179 448
180 448
181 201
181 345
181 412
181 421
181 448
181 498
182 318
182 390
182 441
183 250
184 273
184 533
185 303
186 430
186 492
186 544
187 274
187 282
187 311
187 350
187 378
187 384
187 448
187 487
187 540
187 544
188 523
189 358
190 327
190 548
191 200
192 520
192 533
193 200
194 200
194 206
194 241
194 258
194 453
195 448
197 412
197 448
198 358
200 205
200 224
200 228
200 241
200 256
200 261
200 272
200 274
200 276
200 282
200 291
200 303
200 330
200 334
200 362
200 370
200 377
200 394
200 395
200 396
200 411
200 420
200 434
200 448
200 453
200 454
200 459
200 470
200 477
200 480
200 488
200 492
200 494
200 495
200 521
200 523
200 534
200 535
200 544
200 550
200 554
201 244
201 256
201 262
201 264
201 282
201 285
201 294
201 327
201 345
201 401
201 421
201 448
201 498
201 521
201 523
202 205
202 259
202 333
202 494
202 521
203 358
204 544
205 252
205 259
205 333
205 377
205 488
205 494
205 528
206 256
206 506
206 521
206 544
207 381
207 447
207 506
208 441
208 544
209 223
209 256
209 273
209 304
209 341
209 354
209 382
209 416
209 418
209 439
209 441
209 443
209 448
209 457
209 497
209 506
209 512
209 544
211 282
212 540
213 427
214 412
216 241
216 256
216 273
216 278
216 282
216 283
216 316
216 327
216 358
216 362
216 364
216 388
216 394
216 396
216 406
216 412
216 420
216 460
216 479
216 492
216 493
216 502
216 506
216 521
216 523
216 550
217 346
217 412
217 492
217 513
218 282
218 342
218 358
219 300
219 523
220 264
220 297
220 354
220 365
220 366
220 404
220 406
220 412
220 492
220 513
220 521
220 550
220 555
222 282
225 289
225 429
225 488
225 523
227 358
228 241
228 394
228 488
229 310
230 388
230 420
231 265
231 523
232 469
232 507
234 358
235 358
236 283
236 428
237 386
237 503
238 358
239 328
241 252
241 256
241 261
241 264
241 270
241 273
241 282
241 288
241 313
241 353
241 360
241 362
241 367
241 376
241 377
241 379
241 393
241 394
241 395
241 396
241 411
241 412
241 417
241 420
241 422
241 444
241 448
241 453
241 455
241 464
241 466
241 467
241 471
241 475
241 488
241 493
241 504
241 506
241 521
241 523
241 524
241 537
241 544
241 549
241 550
241 553
241 556
243 273
243 478
243 479
244 282
244 358
244 412
245 358
246 402
247 282
248 488
249 282
251 358
251 484
252 488
253 278
254 544
256 264
256 273
256 282
256 283
256 294
256 326
256 361
256 365
256 441
256 443
256 448
256 476
256 493
256 506
256 521
256 525
256 532
256 533
256 550
257 401
258 288
258 324
259 333
259 342
259 396
259 448
259 494
260 329
261 476
261 493
263 358
264 354
264 365
264 401
264 406
264 412
264 448
264 460
264 462
264 492
264 521
264 550
266 394
266 409
266 504
267 523
268 342
268 423
268 522
269 448
271 283
271 395
271 516
273 278
273 362
273 388
273 420
273 424
273 439
273 441
273 443
273 478
273 479
273 493
273 506
273 523
273 533
274 282
274 311
274 331
274 350
274 378
274 384
274 448
274 487
274 540
274 544
275 282
277 448
278 284
279 523
281 358
282 292
282 293
282 294
282 311
282 325
282 342
282 350
282 358
282 364
282 377
282 378
282 384
282 395
282 396
282 411
282 412
282 448
282 472
282 476
282 487
282 488
282 490
282 492
282 494
282 505
282 506
282 521
282 523
282 536
282 540
282 542
282 544
282 545
282 550
283 316
283 428
283 448
283 458
283 479
283 516
286 388
286 420
289 429
289 488
289 523
290 401
294 319
294 352
294 359
294 364
294 375
294 412
294 438
294 448
294 476
294 492
294 550
296 337
296 506
297 356
297 365
297 366
297 404
297 555
300 523
302 506
303 394
304 512
306 449
307 314
307 318
307 418
307 441
309 389
311 350
311 378
311 384
311 448
311 487
311 540
311 544
312 372
313 458
314 318
314 418
315 387
316 479
317 448
318 341
318 397
318 418
318 419
318 465
319 544
320 446
321 327
322 488
323 541
326 369
326 523
326 544
327 358
327 364
327 401
327 406
327 412
327 413
327 492
327 548
332 481
333 494
335 523
336 509
337 448
337 506
338 550
340 496
341 418
342 358
342 396
342 423
342 448
342 522
342 523
344 358
344 448
344 468
344 501
344 543
345 421
345 448
345 498
346 513
347 448
350 378
350 384
350 448
350 487
350 540
350 544
351 448
351 550
353 395
353 504
353 553
354 375
354 382
354 406
354 412
354 416
354 492
354 521
354 550
355 448
358 364
358 406
358 412
358 426
358 448
358 492
358 494
358 523
358 536
358 544
358 550
360 422
360 475
360 537
360 549
362 383
362 394
362 448
362 458
362 471
362 533
364 375
364 396
364 406
364 412
364 492
364 494
364 523
364 550
365 366
365 404
365 406
365 448
365 506
365 513
365 521
365 544
365 555
366 404
366 555
367 444
368 412
368 462
369 448
372 488
373 488
373 506
373 523
373 528
375 382
375 406
375 412
375 442
375 492
377 411
377 448
377 523
377 544
378 384
378 448
378 487
378 540
378 544
379 473
381 447
381 506
382 406
382 416
382 492
384 448
384 487
384 540
384 544
385 544
386 503
388 420
388 506
388 533
390 517
391 448
393 448
394 395
394 420
394 488
394 527
394 533
395 411
395 488
395 504
395 523
395 544
395 550
395 553
396 448
396 488
396 492
396 494
396 511
396 521
396 523
396 544
396 550
398 500
400 544
401 448
401 492
401 521
403 509
404 555
405 412
406 412
406 492
406 521
406 550
407 453
409 504
412 430
412 448
412 462
412 474
412 488
412 492
412 513
412 519
412 521
412 544
412 550
415 448
420 506
420 518
420 520
420 527
420 533
420 536
421 448
421 498
422 475
422 537
422 549
423 522
425 465
428 523
429 488
429 523
430 474
430 544
431 443
435 494
437 520
439 533
440 448
441 443
441 521
441 532
443 448
443 493
443 506
443 521
443 544
443 546
447 506
448 452
448 472
448 476
448 485
448 487
448 488
448 489
448 493
448 497
448 498
448 499
448 506
448 521
448 522
448 523
448 527
448 530
448 539
448 540
448 544
448 550
448 551
450 488
451 494
457 515
458 516
460 546
460 550
461 483
468 501
468 543
469 507
469 533
474 544
475 537
475 549
476 493
476 550
478 479
478 508
482 488
485 487
485 521
486 523
487 521
487 540
487 544
488 492
488 502
488 506
488 523
488 528
488 538
488 544
488 550
492 494
492 521
492 523
492 536
492 544
492 550
493 506
494 523
494 536
494 544
494 550
501 543
504 553
506 523
506 533
506 544
508 533
513 550
519 521
519 544
521 523
521 533
521 544
521 546
521 550
523 528
523 536
523 544
523 550
523 556
536 544
536 550
537 549
540 544
544 550
