450 8260
1 22
1 89
1 94
1 103
1 106
1 169
1 173
1 174
1 185
1 217
1 233
1 267
1 271
1 303
1 305
1 308
1 315
1 337
1 342
1 349
1 388
1 435
2 34
2 36
2 60
2 61
2 83
2 101
2 118
2 140
2 143
2 147
2 195
2 254
2 261
2 263
2 286
2 349
2 350
2 386
2 392
2 406
3 8
3 19
3 51
3 57
3 67
3 73
3 112
3 129
3 137
3 163
3 172
3 174
3 237
3 289
3 310
3 337
3 362
3 365
3 369
3 380
3 394
3 396
3 405
3 406
3 414
3 419
3 421
3 444
4 12
4 36
4 44
4 55
4 56
4 88
4 90
4 172
4 188
4 206
4 208
4 210
4 213
4 222
4 242
4 249
4 270
4 311
4 313
4 320
4 327
4 345
4 346
4 351
4 356
4 390
4 413
4 422
4 428
4 438
5 48
5 60
5 64
5 66
5 69
5 74
5 84
5 90
5 92
5 96
5 101
5 111
5 118
5 122
5 123
5 129
5 131
5 132
5 153
5 158
5 163
5 171
5 175
5 185
5 196
5 200
5 203
5 204
5 206
5 216
5 220
5 252
5 263
5 268
5 275
5 277
5 284
5 287
5 289
5 290
5 298
5 302
5 311
5 312
5 319
5 320
5 336
5 342
5 363
5 370
5 372
5 382
5 383
5 397
5 401
5 407
5 409
5 418
5 449
6 22
6 72
6 140
6 240
6 365
6 447
7 22
7 28
7 43
7 91
7 100
7 112
7 126
7 139
7 155
7 183
7 210
7 229
7 242
7 262
7 269
7 273
7 286
7 289
7 298
7 320
7 323
7 328
7 334
7 346
7 348
7 352
7 356
7 363
7 390
7 396
7 399
7 405
8 19
8 37
8 42
8 51
8 67
8 129
8 149
8 163
8 167
8 172
8 174
8 192
8 210
8 269
8 289
8 292
8 310
8 337
8 365
8 376
8 378
8 392
8 396
8 405
8 406
9 18
9 25
9 50
9 52
9 54
9 63
9 69
9 82
9 86
9 104
9 136
9 143
9 145
9 160
9 171
9 176
9 191
9 197
9 230
9 247
9 268
9 274
9 281
9 298
9 308
9 312
9 313
9 327
9 332
9 339
9 341
9 364
9 368
9 390
9 395
9 425
9 442
9 448
9 450
10 12
10 26
10 28
10 39
10 54
10 58
10 61
10 75
10 78
10 89
10 90
10 94
10 105
10 132
10 147
10 170
10 171
10 173
10 191
10 192
10 206
10 246
10 249
10 268
10 273
10 282
10 301
10 313
10 319
10 330
10 334
10 337
10 350
10 366
10 368
10 384
10 392
10 402
10 433
11 16
11 71
11 93
11 94
11 103
11 127
11 152
11 159
11 202
11 204
11 255
11 295
11 307
11 337
11 350
11 395
11 423
11 439
12 21
12 26
12 28
12 39
12 44
12 53
12 54
12 55
12 61
12 90
12 105
12 130
12 144
12 146
12 147
12 170
12 172
12 173
12 192
12 206
12 208
12 210
12 213
12 242
12 246
12 249
12 282
12 313
12 319
12 335
12 345
12 346
12 350
12 351
12 366
12 368
12 371
12 376
12 384
12 402
12 403
12 428
12 433
13 97
13 304
13 447
14 73
14 75
14 130
14 155
14 159
14 166
14 173
14 180
14 182
14 198
14 205
14 298
14 325
14 334
14 357
14 398
14 441
15 31
15 49
15 56
15 124
15 135
15 226
15 249
15 308
15 317
15 394
15 406
16 21
16 29
16 30
16 64
16 71
16 88
16 93
16 94
16 100
16 103
16 127
16 159
16 161
16 173
16 181
16 197
16 204
16 218
16 225
16 245
16 255
16 257
16 282
16 307
16 325
16 332
16 337
16 350
16 357
16 395
16 407
16 423
16 425
16 427
16 439
17 32
17 34
17 51
17 69
17 76
17 103
17 108
17 109
17 112
17 123
17 149
17 153
17 158
17 160
17 176
17 183
17 187
17 189
17 201
17 208
17 216
17 220
17 223
17 224
17 233
17 238
17 256
17 277
17 280
17 294
17 311
17 339
17 343
17 379
17 380
17 382
17 390
17 397
17 400
17 401
17 421
17 441
17 446
17 450
18 152
19 51
19 67
19 129
19 163
19 172
19 174
19 228
19 289
19 310
19 328
19 337
19 353
19 360
19 365
19 396
19 405
19 406
20 34
20 53
20 73
20 78
20 79
20 88
20 97
20 99
20 101
20 105
20 112
20 113
20 133
20 138
20 161
20 165
20 177
20 186
20 196
20 197
20 199
20 202
20 210
20 212
20 219
20 221
20 236
20 261
20 268
20 269
20 281
20 282
20 290
20 304
20 317
20 331
20 333
20 350
20 364
20 366
20 367
20 368
20 410
20 422
20 426
20 429
21 29
21 30
21 53
21 62
21 64
21 67
21 88
21 135
21 155
21 159
21 161
21 173
21 181
21 197
21 218
21 245
21 255
21 257
21 294
21 301
21 325
21 427
21 437
22 28
22 43
22 89
22 91
22 94
22 100
22 103
22 106
22 112
22 126
22 173
22 174
22 183
22 210
22 229
22 233
22 242
22 269
22 271
22 286
22 289
22 305
22 315
22 320
22 331
22 334
22 337
22 342
22 346
22 348
22 352
22 356
22 363
22 388
22 390
22 399
22 405
22 435
23 50
23 53
23 55
23 71
23 75
23 82
23 101
23 139
23 141
23 159
23 162
23 164
23 182
23 185
23 189
23 190
23 199
23 205
23 214
23 221
23 233
23 237
23 239
23 242
23 251
23 260
23 291
23 294
23 307
23 317
23 318
23 346
23 350
23 355
23 369
23 378
23 391
23 402
23 407
23 432
24 38
24 65
24 115
24 122
24 131
24 158
24 258
24 283
24 331
24 342
24 383
24 429
24 438
24 447
25 268
25 298
25 332
25 334
25 341
25 359
25 364
25 391
26 28
26 37
26 39
26 54
26 61
26 69
26 74
26 77
26 80
26 82
26 85
26 90
26 99
26 103
26 105
26 116
26 117
26 122
26 129
26 136
26 142
26 147
26 158
26 165
26 170
26 171
26 173
26 192
26 206
26 217
26 230
26 234
26 245
26 246
26 249
26 258
26 264
26 265
26 281
26 282
26 306
26 310
26 312
26 313
26 318
26 319
26 350
26 366
26 368
26 371
26 382
26 384
26 385
26 402
26 413
26 416
26 425
26 428
26 433
26 439
26 444
26 448
27 36
27 43
27 61
27 93
27 116
27 170
27 200
27 209
27 338
27 379
27 386
27 409
27 432
27 443
28 39
28 43
28 54
28 56
28 57
28 61
28 76
28 80
28 85
28 90
28 91
28 98
28 100
28 105
28 112
28 113
28 126
28 147
28 152
28 156
28 159
28 170
28 173
28 180
28 183
28 192
28 206
28 210
28 220
28 221
28 229
28 237
28 239
28 241
28 242
28 246
28 249
28 269
28 275
28 282
28 286
28 289
28 294
28 296
28 297
28 307
28 308
28 310
28 313
28 319
28 320
28 321
28 334
28 339
28 340
28 346
28 348
28 350
28 352
28 356
28 361
28 362
28 363
28 364
28 366
28 367
28 368
28 369
28 374
28 379
28 384
28 390
28 394
28 399
28 402
28 405
28 415
28 419
28 426
28 433
28 442
28 443
28 448
29 30
29 34
29 57
29 64
29 72
29 73
29 88
29 91
29 103
29 112
29 118
29 120
29 121
29 127
29 159
29 161
29 170
29 173
29 181
29 188
29 195
29 197
29 213
29 218
29 220
29 231
29 236
29 245
29 257
29 300
29 313
29 325
29 352
29 355
29 411
29 414
29 427
30 39
30 46
30 53
30 64
30 71
30 78
30 88
30 96
30 119
30 140
30 147
30 159
30 161
30 164
30 173
30 181
30 186
30 197
30 212
30 218
30 241
30 245
30 248
30 257
30 259
30 260
30 264
30 269
30 313
30 317
30 325
30 337
30 345
30 351
30 375
30 377
30 383
30 385
30 406
30 418
30 421
30 427
30 429
30 449
31 46
31 54
31 114
31 115
31 128
31 142
31 158
31 240
31 255
31 288
31 297
31 335
31 344
31 372
31 376
31 422
31 437
31 449
32 109
32 153
32 160
32 187
32 198
32 201
32 208
32 216
32 223
32 224
32 248
32 273
32 280
32 294
32 339
32 421
32 441
32 450
33 36
33 62
33 69
33 70
33 74
33 77
33 97
33 99
33 110
33 113
33 124
33 265
33 267
33 292
33 326
33 328
33 331
33 392
33 404
33 449
34 37
34 39
34 57
34 58
34 60
34 69
34 73
34 78
34 79
34 83
34 88
34 91
34 101
34 103
34 105
34 106
34 112
34 118
34 120
34 121
34 122
34 123
34 126
34 127
34 140
34 143
34 147
34 149
34 160
34 177
34 185
34 188
34 189
34 195
34 197
34 199
34 201
34 216
34 219
34 220
34 221
34 233
34 236
34 238
34 241
34 246
34 254
34 256
34 263
34 269
34 277
34 281
34 282
34 290
34 292
34 300
34 311
34 317
34 325
34 332
34 333
34 340
34 343
34 349
34 350
34 355
34 363
34 364
34 366
34 368
34 375
34 378
34 379
34 380
34 382
34 386
34 390
34 392
34 397
34 398
34 399
34 400
34 406
34 410
34 414
34 446
35 37
35 94
35 146
35 201
35 251
35 319
35 417
35 428
36 45
36 52
36 62
36 69
36 70
36 74
36 77
36 88
36 93
36 97
36 102
36 110
36 113
36 150
36 170
36 184
36 193
36 209
36 218
36 254
36 265
36 270
36 275
36 291
36 309
36 326
36 328
36 331
36 338
36 356
36 379
36 390
36 392
36 393
36 395
36 404
36 422
37 39
37 58
37 69
37 80
37 82
37 85
37 94
37 99
37 105
37 106
37 122
37 126
37 127
37 143
37 146
37 165
37 185
37 192
37 201
37 210
37 217
37 220
37 236
37 241
37 246
37 254
37 258
37 264
37 269
37 281
37 292
37 332
37 340
37 353
37 363
37 371
37 375
37 376
37 378
37 398
37 399
37 416
37 417
37 428
37 448
38 115
38 131
38 254
38 283
38 322
38 342
38 447
39 54
39 58
39 61
39 73
39 90
39 105
39 106
39 122
39 126
39 127
39 143
39 147
39 170
39 173
39 185
39 192
39 206
39 220
39 236
39 241
39 246
39 249
39 254
39 269
39 282
39 292
39 313
39 319
39 332
39 340
39 350
39 363
39 366
39 368
39 375
39 378
39 384
39 398
39 399
39 402
39 433
40 60
40 64
40 92
40 128
40 138
40 149
40 150
40 192
40 196
40 207
40 212
40 220
40 247
40 249
40 251
40 254
40 266
40 293
40 302
40 309
40 311
40 331
40 333
40 356
40 374
40 376
40 381
40 398
40 406
40 419
40 422
40 430
40 433
41 182
41 200
41 232
41 257
41 307
41 325
41 425
42 51
42 76
42 108
42 133
42 176
42 301
43 48
43 50
43 61
43 91
43 100
43 112
43 116
43 126
43 127
43 139
43 182
43 183
43 200
43 210
43 229
43 242
43 266
43 269
43 286
43 289
43 320
43 334
43 346
43 348
43 352
43 356
43 359
43 363
43 377
43 384
43 390
43 399
43 405
43 409
43 432
44 55
44 90
44 103
44 172
44 206
44 208
44 210
44 213
44 228
44 235
44 242
44 249
44 260
44 285
44 328
44 345
44 346
44 351
44 428
45 54
45 79
45 86
45 102
45 136
45 179
45 184
45 218
45 275
45 279
45 404
46 54
46 114
46 115
46 128
46 130
46 142
46 155
46 158
46 255
46 288
46 335
46 337
46 344
46 372
46 376
46 387
46 412
46 437
46 449
47 188
47 231
47 238
47 288
47 313
47 331
48 50
48 64
48 69
48 74
48 92
48 114
48 122
48 139
48 171
48 175
48 182
48 185
48 203
48 204
48 206
48 216
48 266
48 268
48 287
48 290
48 302
48 311
48 320
48 334
48 363
48 383
48 401
48 407
48 409
49 133
49 258
49 340
49 358
49 365
49 383
50 52
50 63
50 77
50 82
50 86
50 104
50 109
50 139
50 143
50 162
50 171
50 182
50 190
50 191
50 197
50 199
50 205
50 221
50 230
50 233
50 234
50 239
50 242
50 251
50 257
50 260
50 266
50 268
50 273
50 291
50 312
50 327
50 334
50 339
50 343
50 369
50 378
50 395
50 448
51 67
51 85
51 117
51 129
51 163
51 172
51 174
51 289
51 310
51 337
51 365
51 396
51 405
51 406
52 54
52 69
52 82
52 109
52 136
52 145
52 150
52 160
52 170
52 176
52 191
52 247
52 254
52 261
52 274
52 281
52 308
52 309
52 313
52 343
52 368
52 386
52 390
52 393
52 442
52 443
52 448
53 58
53 67
53 71
53 97
53 99
53 101
53 112
53 113
53 133
53 135
53 159
53 165
53 175
53 182
53 185
53 186
53 189
53 196
53 202
53 210
53 212
53 219
53 226
53 235
53 236
53 237
53 241
53 244
53 260
53 264
53 269
53 293
53 294
53 296
53 301
53 305
53 307
53 309
53 317
53 318
53 326
53 331
53 337
53 350
53 355
53 360
53 367
53 374
53 391
53 392
53 402
53 423
53 426
53 429
53 437
53 439
54 61
54 69
54 70
54 84
54 88
54 90
54 96
54 102
54 105
54 114
54 115
54 126
54 128
54 136
54 141
54 142
54 145
54 147
54 158
54 160
54 169
54 170
54 173
54 176
54 178
54 188
54 192
54 200
54 206
54 210
54 212
54 218
54 230
54 242
54 246
54 247
54 249
54 255
54 274
54 281
54 282
54 288
54 297
54 307
54 308
54 313
54 319
54 335
54 339
54 344
54 350
54 361
54 365
54 366
54 368
54 372
54 376
54 381
54 384
54 390
54 399
54 402
54 433
54 437
54 442
54 448
54 449
55 75
55 90
55 139
55 141
55 164
55 172
55 206
55 208
55 210
55 213
55 242
55 249
55 307
55 321
55 345
55 346
55 351
55 389
55 396
55 428
56 57
56 80
56 85
56 98
56 183
56 222
56 237
56 247
56 294
56 297
56 311
56 320
56 321
56 327
56 340
56 364
56 367
56 399
56 426
56 438
57 73
57 80
57 85
57 91
57 98
57 103
57 112
57 118
57 120
57 121
57 127
57 183
57 188
57 236
57 237
57 294
57 297
57 300
57 316
57 321
57 340
57 355
57 364
57 367
57 380
57 399
57 414
57 421
57 426
58 75
58 78
58 89
58 94
58 105
58 106
58 122
58 126
58 127
58 131
58 132
58 143
58 160
58 171
58 185
58 191
58 220
58 226
58 235
58 236
58 241
58 246
58 254
58 267
58 268
58 269
58 273
58 292
58 301
58 315
58 326
58 330
58 332
58 334
58 337
58 340
58 363
58 374
58 375
58 378
58 392
58 398
58 399
59 74
59 81
59 133
59 136
59 138
59 141
59 172
59 200
59 202
59 218
59 229
59 242
59 250
59 257
59 270
59 275
59 300
59 325
59 340
60 64
60 80
60 83
60 90
60 92
60 101
60 123
60 126
60 128
60 129
60 131
60 138
60 140
60 143
60 147
60 150
60 151
60 153
60 158
60 163
60 171
60 195
60 196
60 207
60 212
60 216
60 220
60 249
60 253
60 254
60 263
60 266
60 275
60 277
60 284
60 287
60 289
60 293
60 294
60 296
60 302
60 309
60 311
60 312
60 319
60 333
60 336
60 342
60 349
60 350
60 356
60 376
60 382
60 386
60 392
60 397
60 398
60 406
60 418
60 419
60 422
60 430
60 449
61 90
61 105
61 116
61 147
61 170
61 173
61 192
61 200
61 206
61 246
61 249
61 270
61 282
61 313
61 319
61 350
61 366
61 368
61 384
61 402
61 409
61 427
61 432
61 433
62 69
62 70
62 74
62 77
62 97
62 110
62 113
62 121
62 146
62 246
62 253
62 265
62 326
62 328
62 331
62 392
62 404
62 446
63 65
63 82
63 86
63 104
63 143
63 154
63 171
63 179
63 191
63 197
63 222
63 230
63 249
63 297
63 306
63 312
63 322
63 327
63 339
63 395
63 433
63 448
64 66
64 69
64 74
64 84
64 88
64 90
64 92
64 111
64 118
64 122
64 128
64 131
64 132
64 138
64 150
64 159
64 161
64 171
64 173
64 175
64 181
64 185
64 196
64 197
64 200
64 203
64 204
64 206
64 207
64 212
64 216
64 218
64 220
64 245
64 249
64 252
64 254
64 257
64 263
64 266
64 268
64 287
64 290
64 293
64 298
64 302
64 309
64 311
64 320
64 325
64 333
64 355
64 356
64 363
64 370
64 372
64 376
64 380
64 383
64 398
64 401
64 405
64 407
64 409
64 419
64 422
64 427
64 430
65 84
65 118
65 122
65 124
65 138
65 141
65 154
65 175
65 222
65 223
65 227
65 231
65 236
65 249
65 256
65 257
65 281
65 283
65 306
65 329
65 331
65 345
65 349
65 383
65 422
65 429
65 433
65 438
66 84
66 90
66 107
66 111
66 118
66 131
66 132
66 157
66 182
66 200
66 204
66 252
66 263
66 298
66 370
66 372
66 450
67 76
67 84
67 102
67 129
67 135
67 150
67 156
67 157
67 163
67 172
67 174
67 176
67 187
67 198
67 218
67 220
67 228
67 261
67 274
67 289
67 291
67 294
67 301
67 310
67 321
67 337
67 347
67 365
67 396
67 401
67 405
67 406
67 410
67 413
67 414
67 433
67 437
67 440
67 444
68 86
68 91
68 152
68 170
68 200
68 209
68 234
68 259
68 284
68 309
68 352
68 359
69 70
69 74
69 77
69 80
69 82
69 85
69 92
69 97
69 99
69 103
69 110
69 112
69 113
69 122
69 123
69 135
69 136
69 145
69 149
69 160
69 165
69 171
69 175
69 176
69 185
69 189
69 201
69 203
69 204
69 206
69 216
69 217
69 220
69 228
69 233
69 238
69 247
69 256
69 258
69 264
69 265
69 268
69 274
69 277
69 281
69 283
69 287
69 290
69 302
69 308
69 311
69 313
69 320
69 326
69 328
69 331
69 343
69 363
69 368
69 371
69 374
69 379
69 380
69 382
69 383
69 390
69 392
69 397
69 400
69 401
69 404
69 407
69 409
69 415
69 416
69 428
69 442
69 446
69 448
70 74
70 77
70 84
70 88
70 96
70 97
70 102
70 110
70 113
70 126
70 141
70 158
70 169
70 178
70 179
70 200
70 210
70 212
70 218
70 230
70 242
70 265
70 279
70 297
70 307
70 326
70 328
70 331
70 339
70 361
70 365
70 381
70 392
70 399
70 404
70 411
70 448
71 93
71 94
71 101
71 103
71 127
71 155
71 159
71 182
71 185
71 189
71 204
71 237
71 255
71 260
71 262
71 264
71 269
71 287
71 294
71 307
71 312
71 317
71 318
71 337
71 350
71 355
71 362
71 391
71 395
71 402
71 423
71 439
72 88
72 106
72 113
72 170
72 206
72 213
72 231
72 352
72 411
73 75
73 78
73 79
73 82
73 88
73 91
73 101
73 103
73 105
73 112
73 118
73 120
73 121
73 127
73 130
73 166
73 177
73 182
73 188
73 197
73 199
73 219
73 221
73 236
73 237
73 281
73 282
73 290
73 300
73 317
73 333
73 334
73 350
73 355
73 364
73 366
73 368
73 380
73 410
73 414
73 421
74 76
74 77
74 81
74 92
74 97
74 103
74 110
74 113
74 116
74 120
74 122
74 129
74 133
74 136
74 138
74 141
74 142
74 153
74 156
74 158
74 171
74 172
74 173
74 175
74 185
74 202
74 203
74 204
74 206
74 216
74 218
74 227
74 229
74 230
74 234
74 236
74 240
74 242
74 245
74 257
74 265
74 268
74 270
74 287
74 290
74 297
74 300
74 302
74 306
74 311
74 312
74 315
74 318
74 320
74 326
74 328
74 331
74 340
74 344
74 358
74 363
74 379
74 382
74 383
74 385
74 392
74 401
74 404
74 407
74 409
74 410
74 413
74 417
74 425
74 439
74 444
75 78
75 89
75 91
75 94
75 116
75 130
75 132
75 139
75 141
75 163
75 166
75 171
75 182
75 190
75 191
75 193
75 202
75 204
75 209
75 224
75 233
75 242
75 251
75 256
75 268
75 273
75 301
75 307
75 330
75 334
75 336
75 337
75 346
75 392
75 422
75 445
76 84
76 102
76 105
76 112
76 113
76 120
76 129
76 150
76 152
76 153
76 156
76 157
76 159
76 185
76 187
76 198
76 218
76 220
76 221
76 227
76 228
76 236
76 239
76 241
76 261
76 274
76 275
76 291
76 297
76 307
76 308
76 310
76 315
76 321
76 344
76 347
76 358
76 361
76 369
76 374
76 379
76 405
76 410
76 413
76 414
76 415
76 417
76 433
76 440
76 442
76 443
76 444
76 448
77 97
77 98
77 103
77 110
77 113
77 116
77 122
77 129
77 136
77 137
77 141
77 142
77 158
77 169
77 171
77 173
77 185
77 230
77 234
77 243
77 245
77 257
77 259
77 265
77 266
77 268
77 270
77 273
77 282
77 289
77 293
77 306
77 312
77 318
77 321
77 326
77 328
77 331
77 334
77 368
77 382
77 385
77 392
77 404
77 405
77 413
77 425
77 428
77 439
77 444
78 79
78 88
78 89
78 93
78 94
78 95
78 96
78 101
78 105
78 112
78 116
78 119
78 132
78 134
78 140
78 144
78 147
78 164
78 171
78 177
78 186
78 191
78 194
78 196
78 197
78 199
78 205
78 212
78 219
78 221
78 227
78 236
78 241
78 248
78 257
78 259
78 260
78 268
78 273
78 281
78 282
78 290
78 301
78 313
78 317
78 330
78 333
78 334
78 336
78 337
78 339
78 345
78 350
78 351
78 364
78 366
78 368
78 375
78 377
78 383
78 385
78 392
78 406
78 410
78 418
78 423
78 425
78 429
78 432
78 437
78 449
79 88
79 101
79 105
79 112
79 177
79 188
79 197
79 199
79 219
79 221
79 236
79 281
79 282
79 288
79 290
79 313
79 317
79 333
79 350
79 364
79 366
79 368
79 370
79 410
79 413
79 420
80 82
80 85
80 98
80 99
80 101
80 165
80 183
80 217
80 237
80 253
80 258
80 264
80 281
80 287
80 294
80 296
80 297
80 319
80 321
80 340
80 346
80 364
80 367
80 371
80 389
80 399
80 416
80 426
80 428
80 448
81 97
81 115
81 133
81 136
81 138
81 141
81 147
81 172
81 202
81 218
81 229
81 240
81 242
81 257
81 270
81 300
81 340
82 85
82 86
82 99
82 104
82 109
82 143
82 162
82 165
82 171
82 190
82 191
82 197
82 199
82 205
82 217
82 221
82 230
82 233
82 239
82 242
82 251
82 258
82 260
82 264
82 281
82 291
82 312
82 327
82 339
82 343
82 369
82 371
82 378
82 395
82 416
82 428
82 448
83 101
83 140
83 143
83 147
83 195
83 249
83 254
83 263
83 267
83 274
83 299
83 324
83 349
83 350
83 386
83 392
83 406
84 88
84 90
84 96
84 100
84 102
84 111
84 118
84 125
84 126
84 129
84 131
84 132
84 138
84 141
84 150
84 156
84 157
84 158
84 169
84 175
84 178
84 187
84 198
84 200
84 204
84 210
84 212
84 218
84 220
84 223
84 225
84 227
84 228
84 230
84 231
84 236
84 242
84 243
84 252
84 257
84 261
84 263
84 274
84 283
84 291
84 297
84 298
84 307
84 321
84 329
84 339
84 343
84 345
84 347
84 349
84 361
84 365
84 370
84 372
84 381
84 399
84 405
84 410
84 413
84 414
84 422
84 433
84 440
84 444
84 448
85 98
85 99
85 165
85 183
85 194
85 217
85 237
85 258
85 264
85 281
85 294
85 297
85 321
85 340
85 364
85 367
85 371
85 399
85 416
85 426
85 428
85 448
86 91
86 104
86 143
86 170
86 171
86 191
86 197
86 200
86 230
86 252
86 270
86 309
86 312
86 327
86 339
86 352
86 395
86 448
87 128
87 178
87 228
88 96
88 97
88 101
88 102
88 105
88 112
88 126
88 141
88 158
88 159
88 161
88 169
88 173
88 177
88 178
88 181
88 197
88 199
88 200
88 210
88 212
88 218
88 219
88 221
88 230
88 236
88 242
88 245
88 257
88 270
88 281
88 282
88 290
88 297
88 307
88 317
88 322
88 325
88 333
88 339
88 350
88 356
88 361
88 364
88 365
88 366
88 368
88 381
88 390
88 399
88 410
88 422
88 427
88 448
89 94
89 103
89 106
89 132
89 148
89 171
89 173
89 174
89 191
89 233
89 268
89 271
89 273
89 301
89 305
89 315
89 330
89 334
89 337
89 342
89 373
89 388
89 392
89 435
90 101
90 105
90 111
90 118
90 123
90 124
90 129
90 131
90 132
90 147
90 153
90 156
90 158
90 163
90 170
90 171
90 172
90 173
90 192
90 200
90 204
90 206
90 208
90 210
90 213
90 216
90 220
90 224
90 242
90 246
90 249
90 252
90 263
90 275
90 277
90 282
90 284
90 289
90 298
90 312
90 313
90 319
90 336
90 342
90 345
90 346
90 349
90 350
90 351
90 366
90 368
90 370
90 372
90 382
90 384
90 397
90 402
90 418
90 428
90 433
90 449
91 100
91 103
91 112
91 118
91 120
91 121
91 126
91 127
91 163
91 170
91 183
91 188
91 190
91 193
91 200
91 202
91 204
91 209
91 210
91 224
91 229
91 233
91 236
91 242
91 251
91 256
91 269
91 286
91 289
91 300
91 309
91 320
91 334
91 336
91 346
91 348
91 352
91 355
91 356
91 363
91 390
91 399
91 405
91 414
91 422
91 445
92 113
92 122
92 128
92 138
92 150
92 171
92 175
92 185
92 196
92 203
92 204
92 206
92 207
92 212
92 216
92 220
92 249
92 254
92 258
92 266
92 268
92 274
92 276
92 281
92 287
92 290
92 293
92 297
92 302
92 308
92 309
92 311
92 320
92 333
92 356
92 358
92 363
92 376
92 383
92 390
92 398
92 401
92 407
92 409
92 419
92 422
92 430
93 94
93 95
93 103
93 116
93 127
93 134
93 144
93 159
93 170
93 196
93 204
93 205
93 209
93 212
93 227
93 255
93 260
93 307
93 336
93 337
93 338
93 339
93 350
93 352
93 379
93 395
93 423
93 425
93 432
93 439
94 103
94 106
94 127
94 132
94 146
94 159
94 171
94 173
94 174
94 191
94 201
94 203
94 204
94 233
94 255
94 268
94 271
94 273
94 301
94 303
94 305
94 307
94 315
94 330
94 334
94 337
94 342
94 350
94 388
94 392
94 395
94 417
94 423
94 428
94 435
94 439
95 116
95 122
95 134
95 140
95 144
95 196
95 205
95 212
95 227
95 260
95 279
95 311
95 336
95 339
95 361
95 379
95 386
95 404
95 423
95 425
95 431
95 432
95 438
96 102
96 119
96 126
96 140
96 141
96 147
96 158
96 164
96 169
96 178
96 186
96 200
96 210
96 212
96 218
96 230
96 237
96 241
96 242
96 248
96 255
96 257
96 259
96 297
96 307
96 313
96 317
96 339
96 345
96 351
96 355
96 361
96 365
96 375
96 377
96 381
96 383
96 385
96 399
96 406
96 418
96 429
96 448
96 449
97 99
97 110
97 113
97 133
97 165
97 186
97 196
97 206
97 210
97 212
97 265
97 269
97 326
97 328
97 331
97 367
97 392
97 404
97 426
97 429
97 438
98 100
98 109
98 116
98 136
98 137
98 141
98 147
98 169
98 182
98 183
98 185
98 190
98 195
98 206
98 237
98 254
98 259
98 263
98 264
98 270
98 282
98 289
98 294
98 297
98 318
98 321
98 340
98 343
98 364
98 367
98 382
98 389
98 399
98 402
98 405
98 407
98 411
98 425
98 426
98 428
98 449
99 113
99 133
99 140
99 165
99 186
99 190
99 196
99 210
99 212
99 217
99 258
99 264
99 269
99 281
99 331
99 367
99 371
99 416
99 426
99 428
99 429
99 448
100 109
100 112
100 116
100 126
100 147
100 183
100 190
100 195
100 206
100 210
100 229
100 242
100 254
100 263
100 264
100 269
100 286
100 289
100 320
100 334
100 343
100 346
100 348
100 352
100 356
100 363
100 382
100 390
100 399
100 402
100 405
100 411
100 416
100 449
101 105
101 112
101 123
101 129
101 131
101 140
101 143
101 147
101 153
101 158
101 159
101 160
101 163
101 171
101 177
101 182
101 185
101 189
101 195
101 197
101 199
101 216
101 219
101 220
101 221
101 236
101 237
101 253
101 254
101 263
101 275
101 277
101 281
101 282
101 284
101 287
101 289
101 290
101 294
101 296
101 312
101 317
101 318
101 319
101 333
101 336
101 342
101 349
101 350
101 355
101 364
101 366
101 368
101 382
101 386
101 391
101 392
101 397
101 402
101 406
101 410
101 418
101 449
102 126
102 129
102 141
102 143
102 150
102 156
102 157
102 158
102 169
102 178
102 184
102 187
102 193
102 198
102 200
102 209
102 210
102 212
102 218
102 220
102 228
102 230
102 242
102 243
102 261
102 274
102 275
102 291
102 297
102 307
102 321
102 339
102 347
102 361
102 365
102 381
102 395
102 399
102 404
102 405
102 410
102 413
102 414
102 433
102 440
102 444
102 448
103 106
103 112
103 116
103 118
103 119
103 120
103 121
103 122
103 123
103 127
103 129
103 136
103 142
103 149
103 158
103 159
103 160
103 171
103 173
103 174
103 188
103 189
103 201
103 204
103 216
103 220
103 230
103 233
103 234
103 236
103 238
103 245
103 255
103 256
103 265
103 271
103 277
103 300
103 305
103 306
103 307
103 311
103 312
103 315
103 318
103 337
103 342
103 343
103 350
103 355
103 379
103 380
103 382
103 385
103 388
103 390
103 395
103 397
103 400
103 413
103 414
103 423
103 425
103 435
103 439
103 444
103 446
104 143
104 171
104 188
104 191
104 197
104 230
104 288
104 295
104 312
104 320
104 327
104 339
104 370
104 395
104 448
105 106
105 112
105 113
105 122
105 126
105 127
105 143
105 147
105 152
105 156
105 159
105 170
105 173
105 177
105 185
105 192
105 197
105 199
105 206
105 219
105 220
105 221
105 236
105 239
105 241
105 246
105 249
105 254
105 269
105 275
105 281
105 282
105 290
105 292
105 297
105 307
105 308
105 310
105 313
105 317
105 319
105 332
105 333
105 340
105 350
105 361
105 363
105 364
105 366
105 368
105 369
105 374
105 375
105 378
105 379
105 384
105 398
105 399
105 402
105 410
105 415
105 433
105 442
105 443
105 448
106 115
106 122
106 126
106 127
106 143
106 173
106 174
106 185
106 215
106 220
106 233
106 236
106 241
106 246
106 254
106 269
106 271
106 292
106 305
106 315
106 332
106 337
106 340
106 342
106 363
106 375
106 378
106 388
106 398
106 399
106 435
107 291
107 348
107 373
107 398
107 423
108 142
108 199
108 274
109 116
109 147
109 153
109 160
109 187
109 190
109 191
109 195
109 201
109 206
109 208
109 223
109 224
109 254
109 263
109 264
109 280
109 294
109 339
109 343
109 382
109 402
109 411
109 421
109 441
109 443
109 448
109 449
109 450
110 113
110 265
110 326
110 328
110 331
110 376
110 392
110 394
110 401
110 404
111 118
111 131
111 132
111 200
111 204
111 252
111 263
111 270
111 277
111 298
111 370
111 372
112 113
112 118
112 120
112 121
112 123
112 126
112 127
112 128
112 149
112 152
112 156
112 159
112 160
112 177
112 183
112 188
112 189
112 197
112 199
112 201
112 207
112 210
112 216
112 219
112 220
112 221
112 229
112 233
112 236
112 238
112 239
112 241
112 242
112 256
112 266
112 269
112 275
112 277
112 281
112 282
112 286
112 289
112 290
112 297
112 300
112 307
112 308
112 310
112 311
112 314
112 317
112 320
112 330
112 333
112 334
112 343
112 346
112 348
112 350
112 352
112 355
112 356
112 361
112 363
112 364
112 366
112 368
112 369
112 374
112 379
112 380
112 382
112 390
112 397
112 399
112 400
112 405
112 410
112 414
112 415
112 442
112 443
112 446
112 448
113 120
113 133
113 152
113 153
113 156
113 159
113 165
113 186
113 196
113 197
113 210
113 212
113 218
113 220
113 221
113 227
113 236
113 239
113 241
113 265
113 269
113 274
113 275
113 281
113 297
113 304
113 307
113 308
113 310
113 315
113 326
113 328
113 329
113 331
113 344
113 358
113 361
113 367
113 369
113 374
113 379
113 390
113 392
113 404
113 410
113 415
113 417
113 426
113 429
113 442
113 443
113 448
114 115
114 128
114 142
114 148
114 158
114 255
114 288
114 335
114 344
114 372
114 376
114 437
114 449
115 128
115 131
115 142
115 158
115 249
115 255
115 283
115 288
115 324
115 335
115 342
115 344
115 349
115 372
115 376
115 437
115 447
115 449
116 122
116 129
116 134
116 136
116 142
116 144
116 147
116 158
116 171
116 173
116 190
116 195
116 196
116 200
116 205
116 206
116 212
116 227
116 230
116 234
116 245
116 254
116 260
116 263
116 264
116 265
116 300
116 306
116 312
116 318
116 336
116 339
116 343
116 357
116 382
116 385
116 400
116 402
116 407
116 409
116 411
116 413
116 423
116 425
116 432
116 439
116 444
116 449
117 208
117 233
117 276
118 120
118 121
118 127
118 131
118 132
118 138
118 141
118 175
118 188
118 200
118 204
118 223
118 227
118 231
118 236
118 252
118 257
118 263
118 283
118 298
118 300
118 329
118 345
118 349
118 352
118 355
118 370
118 372
118 414
118 422
119 140
119 147
119 164
119 178
119 186
119 212
119 241
119 248
119 257
119 259
119 303
119 313
119 317
119 345
119 351
119 375
119 377
119 383
119 385
119 406
119 418
119 428
119 429
119 449
120 121
120 127
120 153
120 156
120 186
120 188
120 218
120 227
120 236
120 279
120 297
120 300
120 315
120 344
120 355
120 358
120 379
120 410
120 414
120 417
121 127
121 130
121 188
121 230
121 236
121 300
121 330
121 355
121 414
122 126
122 127
122 129
122 136
122 140
122 142
122 143
122 158
122 171
122 173
122 175
122 185
122 203
122 204
122 206
122 216
122 220
122 230
122 234
122 236
122 241
122 245
122 246
122 254
122 265
122 268
122 269
122 287
122 290
122 292
122 302
122 306
122 311
122 312
122 313
122 318
122 320
122 331
122 332
122 340
122 363
122 375
122 378
122 382
122 383
122 385
122 386
122 388
122 398
122 399
122 401
122 404
122 407
122 409
122 413
122 425
122 429
122 431
122 438
122 439
122 444
123 129
123 131
123 149
123 153
123 157
123 158
123 160
123 163
123 171
123 189
123 201
123 216
123 220
123 233
123 238
123 239
123 256
123 275
123 277
123 284
123 289
123 311
123 312
123 319
123 336
123 342
123 343
123 379
123 380
123 382
123 390
123 397
123 400
123 418
123 446
123 449
124 133
124 140
124 258
125 334
125 341
125 434
126 127
126 141
126 143
126 158
126 160
126 167
126 169
126 178
126 183
126 185
126 200
126 210
126 212
126 217
126 218
126 220
126 229
126 230
126 236
126 241
126 242
126 246
126 254
126 269
126 285
126 286
126 289
126 292
126 297
126 307
126 320
126 332
126 334
126 339
126 340
126 346
126 348
126 352
126 356
126 361
126 363
126 365
126 375
126 378
126 381
126 385
126 390
126 398
126 399
126 405
126 448
127 136
127 143
127 159
127 185
127 188
127 204
127 220
127 236
127 241
127 246
127 254
127 255
127 261
127 269
127 292
127 300
127 307
127 332
127 337
127 340
127 350
127 355
127 361
127 363
127 375
127 378
127 395
127 398
127 399
127 414
127 423
127 439
128 138
128 142
128 150
128 158
128 196
128 207
128 212
128 220
128 249
128 254
128 255
128 266
128 288
128 293
128 302
128 309
128 311
128 312
128 333
128 335
128 337
128 344
128 356
128 369
128 372
128 376
128 394
128 398
128 419
128 422
128 430
128 437
128 449
129 131
129 136
129 142
129 147
129 150
129 153
129 156
129 157
129 158
129 163
129 171
129 172
129 173
129 174
129 181
129 187
129 188
129 190
129 195
129 198
129 216
129 218
129 220
129 224
129 228
129 230
129 234
129 245
129 261
129 265
129 270
129 274
129 275
129 277
129 284
129 288
129 289
129 291
129 295
129 306
129 310
129 312
129 318
129 319
129 321
129 336
129 337
129 342
129 347
129 365
129 382
129 385
129 396
129 397
129 405
129 406
129 410
129 413
129 414
129 418
129 425
129 433
129 439
129 440
129 444
129 449
130 139
130 144
130 146
130 166
130 182
130 334
130 335
130 364
130 376
130 428
131 132
131 153
131 158
131 160
131 163
131 171
131 200
131 204
131 216
131 220
131 226
131 252
131 263
131 267
131 275
131 277
131 283
131 284
131 289
131 298
131 312
131 315
131 319
131 336
131 342
131 370
131 372
131 382
131 397
131 399
131 418
131 422
131 447
131 449
132 171
132 191
132 200
132 204
132 252
132 263
132 268
132 273
132 298
132 301
132 330
132 334
132 337
132 370
132 372
132 391
132 392
132 416
133 136
133 138
133 141
133 165
133 172
133 186
133 196
133 202
133 210
133 212
133 218
133 229
133 242
133 257
133 269
133 270
133 300
133 331
133 340
133 367
133 426
133 429
134 144
134 196
134 205
134 212
134 218
134 227
134 260
134 336
134 339
134 343
134 400
134 423
134 425
134 432
134 450
135 169
135 226
135 249
135 251
135 294
135 301
135 308
135 317
135 394
135 437
136 137
136 138
136 141
136 142
136 145
136 158
136 160
136 169
136 171
136 172
136 173
136 176
136 177
136 185
136 202
136 218
136 229
136 230
136 234
136 242
136 245
136 247
136 257
136 259
136 265
136 270
136 274
136 281
136 282
136 289
136 300
136 306
136 308
136 312
136 313
136 318
136 321
136 340
136 368
136 370
136 382
136 385
136 390
136 405
136 413
136 425
136 428
136 439
136 442
136 444
137 141
137 169
137 185
137 259
137 270
137 282
137 289
137 318
137 321
137 353
137 378
137 405
137 425
137 428
137 446
138 141
138 150
138 172
138 175
138 196
138 202
138 207
138 212
138 218
138 220
138 223
138 227
138 229
138 231
138 236
138 242
138 249
138 254
138 257
138 266
138 268
138 270
138 283
138 293
138 297
138 300
138 302
138 304
138 309
138 311
138 329
138 333
138 340
138 345
138 349
138 356
138 376
138 397
138 398
138 419
138 422
138 430
139 141
139 148
139 155
139 182
139 262
139 266
139 273
139 307
139 328
139 334
139 346
139 396
140 143
140 147
140 164
140 186
140 195
140 212
140 224
140 241
140 248
140 254
140 257
140 259
140 263
140 313
140 317
140 324
140 345
140 349
140 350
140 351
140 375
140 377
140 383
140 385
140 386
140 392
140 404
140 406
140 418
140 429
140 431
140 438
140 449
141 158
141 169
141 172
141 175
141 178
141 185
141 200
141 202
141 210
141 212
141 218
141 223
141 227
141 229
141 230
141 231
141 236
141 242
141 257
141 259
141 270
141 282
141 283
141 289
141 297
141 300
141 307
141 318
141 321
141 329
141 339
141 340
141 345
141 346
141 349
141 361
141 365
141 381
141 399
141 400
141 405
141 422
141 425
141 428
141 448
142 158
142 171
142 173
142 230
142 234
142 245
142 255
142 265
142 276
142 288
142 306
142 312
142 318
142 335
142 344
142 372
142 376
142 382
142 385
142 413
142 425
142 437
142 439
142 444
142 449
143 147
143 171
143 185
143 191
143 195
143 197
143 220
143 227
143 230
143 236
143 241
143 246
143 254
143 263
143 269
143 292
143 312
143 327
143 332
143 339
143 340
143 349
143 350
143 363
143 375
143 378
143 384
143 386
143 392
143 395
143 398
143 399
143 406
143 434
143 448
144 146
144 196
144 205
144 210
144 212
144 227
144 235
144 260
144 303
144 335
144 336
144 339
144 376
144 403
144 423
144 425
144 428
144 432
145 160
145 176
145 211
145 247
145 274
145 281
145 308
145 313
145 368
145 390
145 442
146 201
146 335
146 376
146 412
146 417
146 428
146 437
147 164
147 170
147 173
147 181
147 186
147 190
147 192
147 195
147 206
147 212
147 224
147 238
147 241
147 246
147 248
147 249
147 254
147 257
147 259
147 263
147 264
147 282
147 288
147 295
147 313
147 317
147 319
147 338
147 343
147 345
147 349
147 350
147 351
147 366
147 368
147 375
147 377
147 382
147 383
147 384
147 385
147 386
147 392
147 402
147 406
147 411
147 418
147 429
147 433
147 449
149 160
149 189
149 201
149 216
149 220
149 233
149 238
149 256
149 277
149 311
149 333
149 343
149 379
149 380
149 382
149 390
149 397
149 400
149 415
149 446
150 156
150 157
150 170
150 187
150 193
150 196
150 198
150 207
150 209
150 212
150 218
150 220
150 228
150 249
150 254
150 261
150 266
150 274
150 291
150 293
150 302
150 309
150 311
150 321
150 333
150 341
150 347
150 356
150 376
150 393
150 395
150 398
150 405
150 409
150 410
150 413
150 414
150 419
150 422
150 430
150 433
150 440
150 444
151 192
151 260
151 385
152 156
152 159
152 220
152 221
152 239
152 241
152 275
152 297
152 307
152 308
152 310
152 361
152 369
152 374
152 379
152 393
152 415
152 442
152 443
152 448
153 156
153 158
153 160
153 163
153 171
153 187
153 201
153 208
153 212
153 216
153 218
153 220
153 223
153 224
153 227
153 236
153 269
153 275
153 277
153 280
153 284
153 289
153 294
153 297
153 312
153 315
153 319
153 336
153 339
153 342
153 344
153 358
153 379
153 382
153 397
153 410
153 417
153 418
153 421
153 437
153 441
153 449
153 450
154 195
154 222
154 249
154 306
154 433
155 159
155 162
155 198
155 241
155 257
155 262
155 273
155 298
155 325
155 328
155 339
155 357
155 396
155 441
155 446
156 157
156 159
156 187
156 198
156 218
156 220
156 221
156 227
156 228
156 236
156 239
156 241
156 261
156 272
156 274
156 275
156 291
156 297
156 307
156 308
156 310
156 315
156 321
156 322
156 340
156 344
156 347
156 358
156 361
156 369
156 374
156 379
156 405
156 410
156 413
156 414
156 415
156 417
156 433
156 440
156 442
156 443
156 444
156 448
157 166
157 173
157 187
157 198
157 218
157 220
157 223
157 228
157 261
157 274
157 291
157 321
157 347
157 391
157 405
157 410
157 413
157 414
157 433
157 440
157 444
158 163
158 169
158 171
158 173
158 178
158 200
158 210
158 212
158 216
158 218
158 220
158 230
158 234
158 242
158 245
158 255
158 265
158 275
158 277
158 284
158 288
158 289
158 297
158 306
158 307
158 312
158 318
158 319
158 335
158 336
158 339
158 342
158 344
158 361
158 365
158 367
158 372
158 376
158 381
158 382
158 385
158 397
158 399
158 413
158 418
158 425
158 437
158 439
158 444
158 448
158 449
159 161
159 173
159 181
159 182
159 185
159 189
159 197
159 204
159 218
159 220
159 221
159 237
159 239
159 241
159 245
159 255
159 257
159 275
159 294
159 297
159 298
159 300
159 307
159 308
159 310
159 317
159 318
159 325
159 337
159 350
159 355
159 357
159 361
159 369
159 374
159 379
159 391
159 395
159 402
159 415
159 423
159 427
159 439
159 441
159 442
159 443
159 448
160 176
160 187
160 189
160 201
160 208
160 216
160 220
160 223
160 224
160 226
160 233
160 238
160 247
160 256
160 267
160 269
160 274
160 277
160 280
160 281
160 283
160 294
160 308
160 311
160 313
160 315
160 339
160 343
160 368
160 374
160 379
160 380
160 382
160 390
160 397
160 399
160 400
160 415
160 421
160 441
160 442
160 446
160 450
161 173
161 181
161 197
161 218
161 245
161 257
161 325
161 427
162 190
162 196
162 198
162 199
162 205
162 221
162 233
162 239
162 241
162 242
162 251
162 253
162 257
162 260
162 291
162 321
162 339
162 353
162 369
162 378
162 446
163 171
163 172
163 174
163 190
163 193
163 202
163 204
163 209
163 216
163 220
163 224
163 229
163 233
163 242
163 251
163 256
163 275
163 277
163 284
163 289
163 310
163 312
163 319
163 336
163 337
163 342
163 365
163 382
163 396
163 397
163 405
163 406
163 418
163 422
163 445
163 449
164 186
164 212
164 241
164 248
164 257
164 259
164 273
164 313
164 317
164 345
164 351
164 373
164 375
164 377
164 383
164 385
164 406
164 418
164 429
164 449
165 186
165 196
165 210
165 212
165 217
165 258
165 264
165 269
165 281
165 306
165 331
165 356
165 367
165 371
165 381
165 416
165 426
165 428
165 429
165 448
166 182
166 200
166 232
166 334
167 251
167 376
167 433
168 327
168 359
169 178
169 185
169 200
169 203
169 210
169 212
169 217
169 218
169 230
169 242
169 259
169 270
169 282
169 289
169 297
169 303
169 307
169 308
169 318
169 321
169 339
169 349
169 361
169 365
169 381
169 399
169 403
169 405
169 425
169 428
169 448
170 173
170 192
170 200
170 206
170 209
170 213
170 231
170 246
170 249
170 254
170 282
170 309
170 313
170 319
170 338
170 350
170 352
170 366
170 368
170 379
170 384
170 393
170 402
170 411
170 433
171 173
171 175
171 185
171 191
171 197
171 203
171 204
171 206
171 216
171 220
171 230
171 234
171 245
171 265
171 268
171 273
171 275
171 277
171 284
171 287
171 289
171 290
171 301
171 302
171 306
171 311
171 312
171 318
171 319
171 320
171 327
171 330
171 334
171 336
171 337
171 339
171 342
171 362
171 363
171 382
171 383
171 385
171 392
171 395
171 397
171 401
171 407
171 409
171 413
171 418
171 425
171 439
171 444
171 448
171 449
172 174
172 181
172 188
172 202
172 206
172 208
172 210
172 213
172 218
172 229
172 242
172 249
172 257
172 270
172 289
172 300
172 306
172 310
172 337
172 340
172 345
172 346
172 351
172 365
172 396
172 405
172 406
172 428
173 174
173 181
173 192
173 197
173 206
173 218
173 230
173 233
173 234
173 245
173 246
173 249
173 257
173 265
173 271
173 282
173 305
173 306
173 312
173 313
173 315
173 318
173 319
173 325
173 337
173 342
173 350
173 366
173 368
173 382
173 384
173 385
173 388
173 402
173 413
173 425
173 427
173 433
173 435
173 439
173 444
174 233
174 271
174 289
174 305
174 310
174 315
174 337
174 340
174 342
174 365
174 388
174 390
174 396
174 405
174 406
174 435
175 185
175 202
175 203
175 204
175 206
175 209
175 216
175 219
175 223
175 226
175 227
175 231
175 236
175 237
175 241
175 257
175 268
175 283
175 287
175 290
175 293
175 296
175 302
175 305
175 307
175 309
175 311
175 320
175 329
175 345
175 349
175 360
175 363
175 383
175 401
175 407
175 409
175 422
175 423
175 439
176 247
176 260
176 274
176 281
176 308
176 313
176 368
176 385
176 390
176 442
177 197
177 199
177 219
177 221
177 236
177 281
177 282
177 290
177 317
177 333
177 336
177 343
177 350
177 364
177 366
177 368
177 410
178 200
178 210
178 212
178 218
178 230
178 242
178 297
178 307
178 339
178 361
178 365
178 381
178 399
178 412
178 448
179 263
180 237
180 296
180 339
180 346
180 371
180 419
180 448
181 190
181 197
181 215
181 218
181 224
181 245
181 257
181 288
181 295
181 315
181 325
181 427
182 185
182 189
182 237
182 266
182 294
182 317
182 318
182 334
182 350
182 355
182 391
182 402
183 210
183 229
183 237
183 242
183 269
183 286
183 289
183 294
183 297
183 320
183 321
183 324
183 334
183 340
183 342
183 346
183 348
183 352
183 356
183 363
183 364
183 367
183 390
183 399
183 405
183 424
183 426
184 200
184 218
184 275
184 404
185 189
185 203
185 204
185 206
185 216
185 217
185 220
185 236
185 237
185 241
185 246
185 254
185 259
185 268
185 269
185 270
185 282
185 287
185 289
185 290
185 292
185 294
185 302
185 303
185 308
185 311
185 317
185 318
185 320
185 321
185 332
185 340
185 349
185 350
185 355
185 363
185 375
185 378
185 383
185 391
185 398
185 399
185 401
185 402
185 405
185 407
185 409
185 425
185 428
186 196
186 210
186 212
186 241
186 248
186 257
186 259
186 269
186 302
186 313
186 317
186 331
186 345
186 351
186 367
186 370
186 375
186 377
186 383
186 385
186 406
186 418
186 426
186 429
186 449
187 196
187 198
187 201
187 203
187 208
187 218
187 220
187 223
187 224
187 228
187 253
187 261
187 274
187 280
187 291
187 294
187 321
187 339
187 347
187 405
187 410
187 413
187 414
187 421
187 433
187 440
187 441
187 444
187 450
188 236
188 272
188 300
188 355
188 397
188 414
189 201
189 216
189 220
189 233
189 237
189 238
189 256
189 277
189 294
189 305
189 311
189 317
189 318
189 343
189 348
189 350
189 355
189 379
189 380
189 382
189 390
189 391
189 397
189 400
189 402
189 446
190 193
190 195
190 199
190 202
190 204
190 205
190 206
190 209
190 221
190 224
190 233
190 239
190 242
190 251
190 254
190 256
190 260
190 263
190 264
190 288
190 291
190 295
190 336
190 343
190 369
190 378
190 382
190 402
190 411
190 422
190 445
190 449
191 197
191 230
191 268
191 273
191 275
191 300
191 301
191 312
191 327
191 330
191 334
191 337
191 339
191 343
191 392
191 395
191 448
192 206
192 210
192 246
192 247
192 249
192 251
192 269
192 282
192 313
192 319
192 350
192 358
192 366
192 368
192 376
192 378
192 381
192 384
192 402
192 408
192 433
193 202
193 204
193 209
193 224
193 233
193 234
193 242
193 251
193 256
193 259
193 291
193 336
193 395
193 422
193 445
194 278
194 303
194 403
195 206
195 254
195 263
195 264
195 343
195 349
195 350
195 354
195 361
195 382
195 386
195 392
195 402
195 406
195 411
195 436
195 449
196 205
196 207
196 210
196 212
196 220
196 227
196 230
196 249
196 254
196 260
196 266
196 269
196 287
196 293
196 302
196 309
196 311
196 331
196 333
196 336
196 339
196 356
196 367
196 376
196 398
196 419
196 422
196 423
196 425
196 426
196 429
196 430
196 432
197 199
197 218
197 219
197 221
197 230
197 236
197 245
197 257
197 281
197 282
197 290
197 312
197 317
197 325
197 327
197 333
197 339
197 350
197 364
197 366
197 368
197 395
197 406
197 410
197 427
197 448
198 218
198 220
198 228
198 241
198 257
198 261
198 274
198 291
198 321
198 339
198 347
198 364
198 382
198 389
198 405
198 410
198 413
198 414
198 433
198 440
198 444
198 446
199 205
199 219
199 221
199 233
199 236
199 239
199 242
199 251
199 260
199 281
199 282
199 290
199 291
199 315
199 317
199 333
199 350
199 364
199 366
199 368
199 369
199 378
199 410
200 204
200 210
200 212
200 218
200 230
200 242
200 252
200 263
200 297
200 298
200 307
200 309
200 339
200 352
200 361
200 365
200 370
200 372
200 381
200 399
200 409
200 432
200 448
201 208
201 216
201 220
201 223
201 224
201 233
201 238
201 256
201 260
201 277
201 280
201 283
201 294
201 311
201 339
201 343
201 374
201 379
201 380
201 382
201 385
201 390
201 392
201 397
201 400
201 415
201 417
201 421
201 428
201 441
201 442
201 446
201 450
202 204
202 209
202 218
202 219
202 224
202 226
202 229
202 233
202 236
202 237
202 241
202 242
202 251
202 256
202 257
202 268
202 270
202 293
202 296
202 300
202 304
202 305
202 307
202 309
202 336
202 340
202 360
202 422
202 423
202 439
202 445
203 204
203 206
203 216
203 268
203 287
203 290
203 302
203 311
203 320
203 363
203 383
203 401
203 407
203 409
204 206
204 209
204 216
204 224
204 233
204 242
204 251
204 252
204 255
204 256
204 263
204 268
204 287
204 290
204 298
204 302
204 307
204 311
204 320
204 336
204 337
204 350
204 363
204 370
204 372
204 383
204 395
204 401
204 407
204 409
204 420
204 422
204 423
204 439
204 445
205 212
205 221
205 227
205 233
205 239
205 242
205 246
205 251
205 260
205 291
205 296
205 321
205 336
205 339
205 364
205 369
205 378
205 423
205 425
205 432
206 208
206 210
206 213
206 216
206 242
206 246
206 249
206 254
206 263
206 264
206 268
206 282
206 287
206 290
206 302
206 311
206 313
206 319
206 320
206 343
206 345
206 346
206 350
206 351
206 363
206 366
206 368
206 382
206 383
206 384
206 401
206 402
206 407
206 409
206 411
206 415
206 428
206 433
206 449
207 212
207 220
207 221
207 249
207 254
207 266
207 293
207 302
207 309
207 311
207 314
207 330
207 333
207 356
207 376
207 391
207 398
207 419
207 422
207 423
207 430
207 448
208 210
208 213
208 223
208 224
208 242
208 249
208 280
208 294
208 299
208 339
208 345
208 346
208 351
208 421
208 428
208 441
208 450
209 224
209 233
209 242
209 251
209 256
209 291
209 336
209 338
209 379
209 395
209 422
209 445
210 212
210 213
210 218
210 229
210 230
210 242
210 249
210 269
210 286
210 289
210 297
210 307
210 320
210 331
210 334
210 339
210 345
210 346
210 348
210 351
210 352
210 356
210 361
210 363
210 365
210 367
210 376
210 378
210 381
210 390
210 394
210 399
210 405
210 426
210 428
210 429
210 448
211 245
211 277
211 345
212 218
212 220
212 227
212 230
212 241
212 242
212 248
212 249
212 254
212 257
212 259
212 260
212 266
212 269
212 293
212 297
212 302
212 307
212 309
212 311
212 313
212 317
212 321
212 331
212 333
212 336
212 339
212 345
212 351
212 356
212 361
212 365
212 367
212 375
212 376
212 377
212 381
212 383
212 385
212 398
212 399
212 406
212 418
212 419
212 421
212 422
212 423
212 425
212 426
212 429
212 430
212 432
212 448
212 449
213 231
213 242
213 249
213 345
213 346
213 351
213 352
213 397
213 404
213 411
213 428
213 429
214 230
214 248
214 280
214 448
215 299
215 424
216 220
216 233
216 238
216 256
216 268
216 275
216 277
216 284
216 287
216 289
216 290
216 302
216 311
216 312
216 319
216 320
216 336
216 342
216 343
216 363
216 379
216 380
216 382
216 383
216 390
216 397
216 400
216 401
216 407
216 409
216 418
216 446
216 449
217 251
217 258
217 264
217 281
217 303
217 308
217 349
217 351
217 371
217 416
217 428
217 448
218 220
218 227
218 228
218 229
218 230
218 236
218 242
218 245
218 257
218 261
218 270
218 274
218 275
218 291
218 297
218 300
218 307
218 315
218 321
218 325
218 327
218 339
218 340
218 344
218 347
218 358
218 361
218 365
218 379
218 381
218 399
218 404
218 405
218 410
218 413
218 414
218 417
218 427
218 433
218 440
218 444
218 448
219 221
219 226
219 236
219 237
219 241
219 278
219 281
219 282
219 290
219 293
219 296
219 305
219 307
219 309
219 317
219 333
219 350
219 360
219 364
219 366
219 368
219 410
219 423
219 439
220 221
220 228
220 233
220 236
220 238
220 239
220 241
220 246
220 249
220 254
220 256
220 261
220 266
220 269
220 274
220 275
220 277
220 284
220 286
220 289
220 291
220 292
220 293
220 297
220 302
220 307
220 308
220 309
220 310
220 311
220 312
220 319
220 321
220 332
220 333
220 336
220 340
220 342
220 343
220 347
220 354
220 356
220 361
220 363
220 369
220 374
220 375
220 376
220 378
220 379
220 380
220 382
220 390
220 397
220 398
220 399
220 400
220 405
220 410
220 413
220 414
220 415
220 418
220 419
220 422
220 430
220 433
220 440
220 442
220 443
220 444
220 446
220 448
220 449
221 233
221 236
221 239
221 241
221 242
221 251
221 260
221 266
221 275
221 281
221 282
221 290
221 291
221 297
221 307
221 308
221 310
221 314
221 317
221 330
221 333
221 350
221 361
221 364
221 366
221 368
221 369
221 374
221 378
221 379
221 410
221 415
221 430
221 442
221 443
221 448
222 249
222 306
222 311
222 320
222 327
222 433
222 438
223 224
223 227
223 231
223 236
223 257
223 280
223 283
223 289
223 294
223 329
223 339
223 345
223 349
223 364
223 382
223 421
223 422
223 441
223 450
224 233
224 242
224 251
224 256
224 280
224 288
224 294
224 295
224 336
224 339
224 421
224 422
224 433
224 441
224 445
224 450
226 236
226 237
226 241
226 242
226 249
226 267
226 293
226 296
226 305
226 307
226 308
226 309
226 315
226 317
226 360
226 394
226 399
226 423
226 439
227 231
227 236
227 257
227 260
227 283
227 297
227 315
227 329
227 336
227 339
227 344
227 345
227 349
227 358
227 379
227 410
227 417
227 422
227 423
227 425
227 432
227 436
228 261
228 274
228 287
228 291
228 321
228 347
228 405
228 410
228 413
228 414
228 433
228 440
228 444
229 242
229 257
229 269
229 270
229 286
229 289
229 295
229 300
229 320
229 334
229 340
229 346
229 348
229 352
229 356
229 363
229 390
229 399
229 405
230 234
230 242
230 245
230 265
230 297
230 306
230 307
230 312
230 318
230 327
230 339
230 361
230 365
230 381
230 382
230 385
230 395
230 399
230 413
230 425
230 439
230 444
230 448
231 236
231 257
231 283
231 290
231 329
231 345
231 349
231 352
231 411
231 422
231 447
232 248
232 266
233 238
233 239
233 242
233 251
233 256
233 260
233 271
233 277
233 291
233 305
233 311
233 315
233 336
233 337
233 342
233 343
233 369
233 378
233 379
233 380
233 382
233 388
233 390
233 397
233 400
233 422
233 435
233 445
233 446
234 245
234 265
234 306
234 312
234 318
234 382
234 385
234 413
234 425
234 439
234 444
234 450
235 251
235 269
235 276
235 301
235 326
235 351
235 369
235 374
235 376
235 392
236 237
236 241
236 246
236 254
236 257
236 268
236 269
236 281
236 282
236 283
236 290
236 292
236 293
236 296
236 297
236 300
236 304
236 305
236 307
236 309
236 315
236 317
236 329
236 332
236 333
236 340
236 344
236 345
236 349
236 350
236 355
236 358
236 360
236 363
236 364
236 366
236 368
236 375
236 378
236 379
236 398
236 399
236 410
236 414
236 417
236 422
236 423
236 439
236 445
237 241
237 293
237 294
237 296
237 297
237 305
237 307
237 309
237 317
237 318
237 321
237 339
237 340
237 350
237 355
237 360
237 364
237 367
237 380
237 391
237 399
237 402
237 414
237 419
237 421
237 423
237 426
237 439
237 448
238 256
238 277
238 279
238 311
238 329
238 343
238 354
238 372
238 379
238 380
238 382
238 390
238 397
238 400
238 446
239 241
239 242
239 248
239 251
239 260
239 275
239 291
239 297
239 307
239 308
239 310
239 348
239 361
239 369
239 374
239 378
239 379
239 415
239 442
239 443
239 448
241 246
241 248
241 254
241 257
241 259
241 269
241 275
241 292
241 293
241 296
241 297
241 305
241 307
241 308
241 309
241 310
241 313
241 317
241 332
241 339
241 340
241 345
241 351
241 360
241 361
241 363
241 369
241 374
241 375
241 377
241 378
241 379
241 382
241 383
241 385
241 398
241 399
241 400
241 406
241 415
241 418
241 423
241 429
241 439
241 442
241 443
241 446
241 448
241 449
242 249
242 251
242 256
242 257
242 260
242 269
242 270
242 286
242 289
242 291
242 297
242 300
242 307
242 320
242 334
242 336
242 339
242 340
242 345
242 346
242 348
242 351
242 352
242 356
242 361
242 363
242 365
242 369
242 378
242 381
242 390
242 399
242 405
242 422
242 428
242 445
242 448
243 327
244 278
244 285
244 310
244 360
244 385
245 254
245 257
245 265
245 306
245 312
245 318
245 325
245 382
245 385
245 413
245 425
245 427
245 439
245 444
246 249
246 254
246 269
246 282
246 292
246 313
246 319
246 330
246 332
246 340
246 350
246 363
246 366
246 368
246 375
246 378
246 384
246 398
246 399
246 402
246 412
246 433
247 249
247 251
247 274
247 281
247 288
247 308
247 313
247 338
247 363
247 368
247 381
247 390
247 433
247 442
248 257
248 259
248 313
248 317
248 345
248 351
248 375
248 377
248 383
248 385
248 406
248 418
248 429
248 449
249 251
249 254
249 266
249 282
249 293
249 302
249 306
249 308
249 309
249 311
249 313
249 317
249 319
249 333
249 345
249 346
249 350
249 351
249 356
249 366
249 368
249 376
249 381
249 384
249 394
249 398
249 402
249 419
249 422
249 428
249 430
249 433
250 316
250 341
251 256
251 260
251 291
251 336
251 360
251 369
251 378
251 381
251 422
251 433
251 445
252 263
252 298
252 370
252 372
253 287
253 296
253 319
253 344
253 369
253 412
254 263
254 264
254 266
254 269
254 292
254 293
254 302
254 309
254 311
254 332
254 333
254 340
254 343
254 349
254 350
254 356
254 363
254 375
254 376
254 378
254 382
254 386
254 392
254 393
254 398
254 399
254 402
254 406
254 411
254 419
254 422
254 430
254 449
255 288
255 307
255 314
255 335
255 337
255 339
255 344
255 350
255 372
255 376
255 395
255 423
255 437
255 439
255 449
256 277
256 311
256 336
256 343
256 372
256 379
256 380
256 382
256 390
256 397
256 400
256 422
256 445
256 446
257 259
257 266
257 268
257 270
257 273
257 283
257 300
257 313
257 317
257 325
257 329
257 334
257 339
257 340
257 345
257 349
257 351
257 366
257 375
257 377
257 383
257 385
257 406
257 418
257 422
257 427
257 429
257 446
257 449
258 264
258 281
258 317
258 371
258 416
258 428
258 442
258 448
258 449
259 270
259 282
259 289
259 313
259 317
259 318
259 321
259 325
259 345
259 351
259 375
259 377
259 383
259 385
259 393
259 405
259 406
259 418
259 425
259 428
259 429
259 449
260 264
260 269
260 291
260 336
260 337
260 339
260 369
260 378
260 423
260 425
260 432
261 274
261 291
261 321
261 345
261 347
261 405
261 410
261 413
261 414
261 433
261 440
261 444
262 273
262 296
262 328
262 378
262 396
263 264
263 272
263 279
263 298
263 343
263 349
263 350
263 370
263 372
263 382
263 386
263 392
263 402
263 406
263 411
263 449
264 269
264 281
264 337
264 343
264 371
264 382
264 402
264 411
264 416
264 428
264 448
264 449
265 306
265 312
265 318
265 326
265 328
265 331
265 382
265 385
265 392
265 399
265 404
265 413
265 425
265 439
265 444
266 268
266 273
266 275
266 293
266 302
266 309
266 311
266 314
266 330
266 333
266 334
266 356
266 376
266 398
266 419
266 422
266 430
266 448
267 315
267 399
268 273
268 287
268 290
268 298
268 301
268 302
268 304
268 311
268 320
268 330
268 332
268 334
268 337
268 341
268 359
268 363
268 364
268 383
268 384
268 392
268 401
268 407
268 409
268 422
269 278
269 286
269 289
269 292
269 320
269 326
269 331
269 332
269 334
269 337
269 340
269 346
269 348
269 352
269 356
269 363
269 367
269 374
269 375
269 376
269 378
269 390
269 392
269 398
269 399
269 403
269 405
269 426
269 429
270 282
270 289
270 300
270 318
270 321
270 340
270 354
270 356
270 390
270 405
270 422
270 425
270 428
271 305
271 315
271 337
271 342
271 388
271 430
271 435
272 281
272 381
272 406
273 301
273 328
273 330
273 334
273 337
273 357
273 392
273 396
274 281
274 291
274 297
274 308
274 313
274 321
274 347
274 365
274 368
274 390
274 405
274 410
274 413
274 414
274 415
274 433
274 440
274 442
274 444
275 277
275 284
275 289
275 297
275 307
275 308
275 310
275 312
275 319
275 336
275 342
275 361
275 369
275 374
275 379
275 382
275 397
275 404
275 415
275 418
275 442
275 443
275 448
275 449
276 360
277 284
277 289
277 311
277 312
277 319
277 336
277 342
277 343
277 379
277 380
277 382
277 390
277 393
277 397
277 400
277 418
277 446
277 449
278 287
278 319
279 363
280 294
280 314
280 339
280 396
280 421
280 441
280 450
281 282
281 290
281 297
281 308
281 313
281 317
281 333
281 350
281 364
281 366
281 368
281 371
281 390
281 410
281 416
281 428
281 442
281 448
282 289
282 290
282 313
282 317
282 318
282 319
282 321
282 333
282 350
282 364
282 366
282 368
282 384
282 402
282 405
282 410
282 425
282 428
282 433
283 317
283 329
283 342
283 345
283 349
283 374
283 399
283 415
283 422
283 424
283 442
283 447
284 289
284 293
284 300
284 312
284 319
284 325
284 336
284 342
284 382
284 397
284 418
284 449
285 369
286 289
286 320
286 334
286 345
286 346
286 348
286 352
286 356
286 363
286 390
286 399
286 402
286 405
286 445
287 290
287 296
287 302
287 311
287 319
287 320
287 363
287 383
287 396
287 401
287 407
287 409
288 295
288 335
288 344
288 372
288 376
288 437
288 449
289 310
289 312
289 318
289 319
289 320
289 321
289 334
289 336
289 337
289 342
289 346
289 348
289 352
289 356
289 363
289 365
289 382
289 390
289 396
289 397
289 399
289 405
289 406
289 418
289 425
289 428
289 449
290 299
290 302
290 306
290 311
290 317
290 320
290 333
290 350
290 363
290 364
290 366
290 368
290 383
290 401
290 407
290 409
290 410
291 321
291 347
291 369
291 378
291 395
291 405
291 410
291 413
291 414
291 433
291 440
291 444
292 326
292 332
292 340
292 351
292 363
292 375
292 378
292 398
292 399
293 296
293 302
293 305
293 307
293 309
293 311
293 333
293 356
293 360
293 376
293 398
293 419
293 422
293 423
293 427
293 430
293 439
294 297
294 301
294 317
294 318
294 321
294 339
294 340
294 350
294 355
294 364
294 367
294 391
294 399
294 402
294 421
294 426
294 437
294 441
294 450
295 386
296 305
296 307
296 309
296 319
296 339
296 360
296 419
296 423
296 430
296 439
296 448
297 307
297 308
297 310
297 315
297 321
297 339
297 340
297 344
297 358
297 361
297 364
297 365
297 367
297 369
297 374
297 379
297 381
297 390
297 399
297 410
297 415
297 417
297 426
297 442
297 443
297 448
298 325
298 332
298 341
298 357
298 364
298 370
298 372
298 389
298 439
298 441
299 308
300 340
300 355
300 384
300 414
301 330
301 334
301 337
301 392
301 417
301 437
302 309
302 311
302 320
302 333
302 343
302 356
302 363
302 368
302 376
302 383
302 398
302 401
302 407
302 409
302 419
302 422
302 430
302 436
303 308
303 349
304 395
304 422
305 307
305 309
305 314
305 315
305 337
305 342
305 360
305 388
305 414
305 423
305 435
305 439
306 312
306 318
306 382
306 385
306 413
306 425
306 433
306 439
306 444
307 308
307 309
307 310
307 337
307 339
307 346
307 350
307 360
307 361
307 365
307 369
307 374
307 379
307 381
307 395
307 399
307 415
307 423
307 439
307 442
307 443
307 448
308 310
308 313
308 317
308 324
308 349
308 361
308 368
308 369
308 374
308 379
308 390
308 394
308 415
308 442
308 443
308 448
309 311
309 333
309 352
309 356
309 360
309 376
309 393
309 398
309 419
309 422
309 423
309 430
309 439
310 337
310 361
310 365
310 369
310 374
310 379
310 396
310 405
310 406
310 415
310 426
310 442
310 443
310 448
311 320
311 327
311 333
311 343
311 356
311 363
311 376
311 377
311 379
311 380
311 382
311 383
311 390
311 397
311 398
311 400
311 401
311 407
311 409
311 419
311 422
311 430
311 438
311 446
312 318
312 319
312 327
312 336
312 339
312 342
312 382
312 385
312 395
312 396
312 397
312 413
312 418
312 425
312 439
312 444
312 448
312 449
313 317
313 319
313 345
313 347
313 350
313 351
313 366
313 368
313 375
313 377
313 383
313 384
313 385
313 390
313 402
313 406
313 418
313 429
313 433
313 442
313 449
314 330
314 448
315 337
315 342
315 344
315 358
315 379
315 388
315 399
315 410
315 417
315 435
316 375
317 318
317 333
317 345
317 350
317 351
317 355
317 364
317 366
317 368
317 375
317 377
317 383
317 385
317 391
317 394
317 402
317 406
317 410
317 418
317 429
317 449
318 321
318 350
318 355
318 382
318 385
318 391
318 402
318 405
318 413
318 425
318 428
318 439
318 444
319 336
319 342
319 350
319 366
319 368
319 382
319 384
319 397
319 402
319 410
319 418
319 433
319 449
320 327
320 329
320 334
320 346
320 348
320 352
320 354
320 356
320 363
320 383
320 386
320 390
320 399
320 401
320 405
320 407
320 409
320 429
320 438
321 340
321 347
321 364
321 367
321 399
321 405
321 410
321 413
321 414
321 425
321 426
321 428
321 433
321 440
321 444
322 381
323 332
323 389
325 357
325 384
325 427
325 441
326 328
326 331
326 374
326 392
326 404
327 339
327 395
327 411
327 438
327 448
328 331
328 387
328 392
328 396
328 404
329 338
329 345
329 349
329 395
329 422
330 334
330 337
330 392
330 414
330 439
330 448
331 367
331 383
331 392
331 404
331 426
331 429
331 438
332 340
332 341
332 348
332 363
332 364
332 366
332 375
332 378
332 398
332 399
333 350
333 356
333 364
333 366
333 368
333 376
333 398
333 410
333 417
333 419
333 422
333 430
334 337
334 346
334 348
334 352
334 356
334 363
334 390
334 392
334 399
334 405
334 450
335 344
335 372
335 376
335 401
335 428
335 437
335 449
336 339
336 342
336 382
336 397
336 418
336 420
336 422
336 423
336 425
336 432
336 445
336 449
337 342
337 350
337 365
337 388
337 392
337 395
337 396
337 405
337 406
337 423
337 435
337 439
338 347
338 379
338 429
339 361
339 365
339 381
339 395
339 399
339 419
339 421
339 423
339 425
339 432
339 441
339 446
339 448
339 450
340 363
340 364
340 367
340 375
340 378
340 398
340 399
340 426
341 364
341 382
342 382
342 388
342 397
342 418
342 426
342 435
342 447
342 449
343 379
343 380
343 382
343 390
343 397
343 400
343 402
343 411
343 446
343 448
343 449
344 358
344 360
344 372
344 376
344 379
344 385
344 410
344 417
344 435
344 437
344 449
345 346
345 349
345 351
345 375
345 377
345 383
345 385
345 406
345 418
345 422
345 428
345 429
345 449
346 348
346 351
346 352
346 356
346 363
346 390
346 399
346 405
346 428
347 356
347 388
347 405
347 410
347 413
347 414
347 433
347 440
347 444
348 352
348 356
348 363
348 390
348 399
348 405
349 350
349 386
349 392
349 406
349 408
349 422
350 355
350 364
350 366
350 368
350 384
350 386
350 391
350 392
350 395
350 402
350 406
350 410
350 416
350 423
350 433
350 439
351 375
351 377
351 383
351 385
351 406
351 418
351 428
351 429
351 449
352 356
352 363
352 390
352 399
352 405
352 411
355 391
355 402
355 414
356 363
356 376
356 390
356 398
356 399
356 405
356 419
356 422
356 430
356 447
357 441
358 379
358 410
358 417
359 400
359 425
360 423
360 439
361 365
361 369
361 374
361 379
361 381
361 399
361 415
361 420
361 442
361 443
361 448
362 396
363 375
363 378
363 383
363 390
363 398
363 399
363 401
363 405
363 407
363 409
364 366
364 367
364 368
364 399
364 410
364 426
365 381
365 396
365 399
365 405
365 406
365 448
366 368
366 384
366 402
366 410
366 433
367 399
367 426
367 429
368 384
368 390
368 402
368 410
368 433
368 442
369 374
369 378
369 379
369 415
369 442
369 443
369 448
370 372
371 416
371 428
371 448
372 376
372 437
372 449
374 379
374 390
374 392
374 408
374 415
374 440
374 442
374 443
374 448
375 377
375 378
375 383
375 384
375 385
375 398
375 399
375 406
375 418
375 429
375 449
376 378
376 398
376 419
376 422
376 428
376 430
376 437
376 449
377 383
377 385
377 393
377 406
377 418
377 429
377 443
377 449
378 398
378 399
379 380
379 382
379 390
379 397
379 400
379 410
379 415
379 417
379 438
379 442
379 443
379 446
379 448
380 382
380 390
380 397
380 400
380 414
380 421
380 446
381 399
381 433
381 448
382 385
382 390
382 397
382 400
382 402
382 411
382 413
382 418
382 425
382 439
382 444
382 446
382 449
383 385
383 401
383 406
383 407
383 409
383 417
383 418
383 429
383 438
383 449
384 393
384 402
384 433
385 406
385 413
385 418
385 425
385 429
385 439
385 444
385 449
386 392
386 402
386 404
386 406
386 420
386 427
386 431
386 438
387 396
388 435
388 447
389 430
390 397
390 399
390 400
390 405
390 422
390 442
390 446
391 402
391 450
392 404
392 406
392 408
392 426
392 433
393 402
393 409
395 423
395 439
395 448
396 405
396 406
397 400
397 418
397 446
397 449
398 399
398 419
398 422
398 430
398 432
398 439
399 405
399 426
399 448
400 446
401 407
401 409
401 435
401 442
402 411
402 418
402 433
402 449
404 431
404 438
405 406
405 410
405 413
405 414
405 425
405 428
405 433
405 440
405 444
406 418
406 429
406 449
407 409
409 432
410 413
410 414
410 417
410 433
410 440
410 444
411 420
411 427
411 449
413 414
413 425
413 433
413 439
413 440
413 444
414 421
414 433
414 440
414 444
415 442
415 443
415 448
416 428
416 448
417 426
417 428
418 429
418 449
419 422
419 430
419 448
420 436
421 441
421 450
422 430
422 445
423 425
423 432
423 439
425 428
425 432
425 439
425 444
426 429
426 435
428 448
429 438
429 445
429 449
431 438
433 440
433 444
435 444
437 449
438 447
439 444
440 444
441 450
442 443
442 448
443 448
